read_id	rq	qv	read_length	iden
m84010_220919_232145_s1/240521001/ccs	0.991064	20.4886	17136	99.42
m84010_220919_232145_s1/52038283/ccs	0.993724	22.0232	21207	99.47
m84010_220919_232145_s1/142672368/ccs	0.998189	27.4208	12610	99.27
m84010_220919_232145_s1/37032303/ccs	0.995509	23.4766	17764	99.44
m84010_220919_232145_s1/207885565/ccs	0.994675	22.7368	20549	99.21
m84010_220919_232145_s1/102895056/ccs	0.995824	23.7924	22080	99.18
m84010_220919_232145_s1/127472568/ccs	0.993676	21.9901	15365	99.29
m84010_220919_232145_s1/41815697/ccs	0.995417	23.3885	15819	99.31
m84010_220919_232145_s1/248451801/ccs	0.994871	22.8997	15765	99.32
m84010_220919_232145_s1/203754033/ccs	0.991748	20.8344	25356	99.58
m84010_220919_232145_s1/133697873/ccs	0.996484	24.5395	20400	99.83
m84010_220919_232145_s1/190055113/ccs	0.996145	24.1398	12005	99.90
m84010_220919_232145_s1/169018543/ccs	0.996771	24.9093	16363	99.50
m84010_220919_232145_s1/195037789/ccs	0.999888	39.5078	7896	99.62
m84010_220919_232145_s1/120851924/ccs	0.998297	27.6879	12966	99.88
m84010_220919_232145_s1/72944995/ccs	0.999696	35.1713	18886	98.91
m84010_220919_232145_s1/61737795/ccs	0.999935	41.8709	5134	98.95
m84010_220919_232145_s1/247204426/ccs	0.993094	21.6077	14675	99.24
m84010_220919_232145_s1/239079456/ccs	0.999954	43.3724	12258	99.34
m84010_220919_232145_s1/235083477/ccs	0.998165	27.3636	26812	99.66
m84010_220919_232145_s1/164432486/ccs	0.999929	41.4874	7918	98.68
m84010_220919_232145_s1/231412481/ccs	0.999921	41.0237	16880	99.58
m84010_220919_232145_s1/18486846/ccs	0.999556	33.5262	18646	99.61
m84010_220919_232145_s1/233966046/ccs	0.996541	24.6105	16591	99.56
m84010_220919_232145_s1/85722306/ccs	0.99907	30.3152	27204	99.70
m84010_220919_232145_s1/100733680/ccs	0.999763	36.2525	19049	99.62
m84010_220919_232145_s1/24251327/ccs	0.999697	35.1856	12140	99.53
m84010_220919_232145_s1/62132583/ccs	0.997651	26.2912	12205	99.47
m84010_220919_232145_s1/115476613/ccs	0.999558	33.5458	11363	99.54
m84010_220919_232145_s1/139723013/ccs	0.999839	37.9317	17854	99.65
m84010_220919_232145_s1/234816769/ccs	0.999769	36.3639	20836	99.70
m84010_220919_232145_s1/62395713/ccs	0.998064	27.1309	27883	99.70
m84010_220919_232145_s1/165348239/ccs	0.999358	31.9246	12849	99.30
m84010_220919_232145_s1/213386884/ccs	0.999106	30.4866	13793	99.63
m84010_220919_232145_s1/198509535/ccs	0.999845	38.0967	14836	99.65
m84010_220919_232145_s1/206045281/ccs	0.997881	26.7387	17888	99.64
m84010_220919_232145_s1/204735975/ccs	0.999608	34.0671	21938	99.73
m84010_220919_232145_s1/110757343/ccs	0.999755	36.1083	13944	99.64
m84010_220919_232145_s1/249104752/ccs	0.996577	24.6559	30160	99.65
m84010_220919_232145_s1/130025105/ccs	0.990584	20.2613	23137	99.48
m84010_220919_232145_s1/44040596/ccs	0.999575	33.7161	11044	99.28
m84010_220919_232145_s1/18418158/ccs	0.999929	41.4874	6617	99.46
m84010_220919_232145_s1/46403833/ccs	0.998989	29.9525	20957	99.74
m84010_220919_232145_s1/27529353/ccs	0.99855	28.3863	21076	99.58
m84010_220919_232145_s1/129897685/ccs	0.998311	27.7237	23666	99.56
m84010_220919_232145_s1/51123193/ccs	0.999906	40.2687	7239	99.63
m84010_220919_232145_s1/236001092/ccs	0.999921	41.0237	15972	99.82
m84010_220919_232145_s1/51056348/ccs	0.998492	28.216	20188	99.80
m84010_220919_232145_s1/219417094/ccs	0.999862	38.6012	17309	99.86
m84010_220919_232145_s1/81723548/ccs	0.998055	27.1108	18201	99.59
m84010_220919_232145_s1/71831624/ccs	0.997854	26.6837	16950	99.82
m84010_220919_232145_s1/186716153/ccs	0.998459	28.122	17751	99.85
m84010_220919_232145_s1/212865349/ccs	0.999748	35.986	18525	99.85
m84010_220919_232145_s1/127472595/ccs	0.996237	24.2447	24622	99.74
m84010_220919_232145_s1/103221341/ccs	0.999549	33.4582	7838	99.85
m84010_220919_232145_s1/188356497/ccs	0.999351	31.8776	22218	99.58
m84010_220919_232145_s1/77007621/ccs	0.992716	21.3763	21112	99.66
m84010_220919_232145_s1/162466605/ccs	0.999489	32.9158	4533	99.82
m84010_220919_232145_s1/22089646/ccs	0.999999	60	4707	99.60
m84010_220919_232145_s1/19529955/ccs	0.999898	39.914	13062	99.88
m84010_220919_232145_s1/250025595/ccs	0.999649	34.5469	14263	99.87
m84010_220919_232145_s1/153617305/ccs	0.991376	20.6429	17065	99.62
m84010_220919_232145_s1/131468626/ccs	0.99878	29.1364	26720	99.59
m84010_220919_232145_s1/25036430/ccs	0.996669	24.7743	15675	99.80
m84010_220919_232145_s1/244516568/ccs	0.998034	27.0642	29384	99.61
m84010_220919_232145_s1/106498896/ccs	0.999849	38.2102	17238	99.87
m84010_220919_232145_s1/119866339/ccs	0.999885	39.393	13926	99.85
m84010_220919_232145_s1/190450480/ccs	0.999962	44.2022	11912	99.86
m84010_220919_232145_s1/167051316/ccs	0.999609	34.0782	17139	99.85
m84010_220919_232145_s1/190452521/ccs	0.998766	29.0868	20980	99.79
m84010_220919_232145_s1/85658050/ccs	0.999388	32.1325	16086	99.86
m84010_220919_232145_s1/190975129/ccs	0.999502	33.0277	5489	99.89
m84010_220919_232145_s1/93127383/ccs	0.996844	25.0086	7613	99.87
m84010_220919_232145_s1/77529689/ccs	0.99933	31.7393	12739	99.84
m84010_220919_232145_s1/228005138/ccs	0.999674	34.8678	14935	99.86
m84010_220919_232145_s1/163383933/ccs	0.999783	36.6354	17907	99.79
m84010_220919_232145_s1/216665135/ccs	0.999911	40.5061	14448	99.79
m84010_220919_232145_s1/235668437/ccs	0.997792	26.56	11502	99.81
m84010_220919_232145_s1/35654898/ccs	0.999673	34.8545	12349	99.86
m84010_220919_232145_s1/71242360/ccs	0.994937	22.9559	13009	99.78
m84010_220919_232145_s1/198313749/ccs	0.997957	26.8973	11722	99.84
m84010_220919_232145_s1/11866593/ccs	0.993966	22.1939	4060	99.90
m84010_220919_232145_s1/4655173/ccs	0.999368	31.9928	15069	99.78
m84010_220919_232145_s1/49615127/ccs	0.998928	29.6981	5221	99.89
m84010_220919_232145_s1/212276548/ccs	0.999903	40.1323	17229	99.78
m84010_220919_232145_s1/167117556/ccs	0.99997	45.2288	8694	99.83
m84010_220919_232145_s1/118818727/ccs	0.999782	36.6154	13745	99.77
m84010_220919_232145_s1/110236817/ccs	0.999633	34.3533	10518	99.76
m84010_220919_232145_s1/26542832/ccs	0.997057	25.3121	12365	99.72
m84010_220919_232145_s1/77534459/ccs	0.997502	26.0241	21729	99.73
m84010_220919_232145_s1/223219189/ccs	0.999962	44.2022	7690	99.79
m84010_220919_232145_s1/84219552/ccs	0.997892	26.7613	5043	99.72
m84010_220919_232145_s1/201196701/ccs	0.996841	25.0045	7752	99.78
m84010_220919_232145_s1/214043052/ccs	0.999947	42.7572	8938	99.79
m84010_220919_232145_s1/56557851/ccs	0.99899	29.9568	14289	99.71
m84010_220919_232145_s1/199366539/ccs	0.999896	39.8297	3241	99.81
m84010_220919_232145_s1/45616271/ccs	0.997378	25.8137	10377	99.67
m84010_220919_232145_s1/73138661/ccs	0.99919	30.9151	16977	99.70
m84010_220919_232145_s1/102109933/ccs	0.998302	27.7006	13860	99.70
m84010_220919_232145_s1/113050653/ccs	0.999613	34.1229	11993	99.70
m84010_220919_232145_s1/45878935/ccs	0.998207	27.4642	11387	99.51
m84010_220919_232145_s1/253758585/ccs	0.999769	36.3639	10780	99.72
m84010_220919_232145_s1/166727827/ccs	0.999976	46.1979	7189	99.94
m84010_220919_232145_s1/17237268/ccs	0.996732	24.8572	10444	99.87
m84010_220919_232145_s1/12649418/ccs	0.996958	25.1684	12158	99.85
m84010_220919_232145_s1/177606932/ccs	0.999349	31.8642	21290	99.86
m84010_220919_232145_s1/115872471/ccs	0.998997	29.987	16402	99.85
m84010_220919_232145_s1/141825720/ccs	0.998594	28.5201	15792	99.81
m84010_220919_232145_s1/173605837/ccs	0.999834	37.7989	19511	99.42
m84010_220919_232145_s1/19598392/ccs	0.998362	27.8569	20309	99.40
m84010_220919_232145_s1/251857071/ccs	0.999021	30.0922	15642	99.37
m84010_220919_232145_s1/62195875/ccs	0.99725	25.6067	17468	99.31
m84010_220919_232145_s1/16388207/ccs	0.992077	21.0111	14968	99.15
m84010_220919_232145_s1/176559060/ccs	0.999834	37.7989	4993	99.84
m84010_220919_232145_s1/134547243/ccs	0.990703	20.3166	13260	99.19
m84010_220919_232145_s1/46012259/ccs	0.99823	27.5203	7392	99.45
m84010_220919_232145_s1/91360178/ccs	0.999732	35.7187	4704	99.91
m84010_220919_232145_s1/26411169/ccs	0.997764	26.5053	23869	99.71
m84010_220919_232145_s1/22086596/ccs	0.993818	22.0887	20066	99.59
m84010_220919_232145_s1/263065669/ccs	0.996483	24.5383	13532	98.91
m84010_220919_232145_s1/211228577/ccs	0.993967	22.1947	9459	99.06
m84010_220919_232145_s1/243602297/ccs	0.994945	22.9628	16836	98.86
m84010_220919_232145_s1/183372507/ccs	0.992073	21.0089	12711	99.74
m84010_220919_232145_s1/263851529/ccs	0.993252	21.7082	11336	99.75
m84010_220919_232145_s1/255528481/ccs	0.994695	22.7531	12958	99.53
m84010_220919_232145_s1/222300750/ccs	0.993727	22.0252	12372	99.28
m84010_220919_232145_s1/26086988/ccs	0.9987	28.8606	20807	98.10
m84010_220919_232145_s1/217122624/ccs	0.998971	29.8758	13876	98.13
m84010_220919_232145_s1/144445939/ccs	0.999675	34.8812	11415	97.85
m84010_220919_232145_s1/80412901/ccs	0.994619	22.6914	28494	98.48
m84010_220919_232145_s1/165480477/ccs	0.990828	20.3754	26269	98.43
m84010_220919_232145_s1/251332554/ccs	0.998948	29.7798	19157	98.15
m84010_220919_232145_s1/106697502/ccs	0.99992	40.9691	8930	99.56
m84010_220919_232145_s1/252120262/ccs	0.99654	24.6092	16283	98.53
m84010_220919_232145_s1/134549637/ccs	0.998453	28.1051	16070	98.57
m84010_220919_232145_s1/24842774/ccs	0.999993	51.549	7548	99.99
m84010_220919_232145_s1/228202362/ccs	0.998887	29.535	14884	98.56
m84010_220919_232145_s1/14881988/ccs	0.999577	33.7366	14933	98.91
m84010_220919_232145_s1/251595187/ccs	0.999999	60	1939	100.00
m84010_220919_232145_s1/161353885/ccs	0.990141	20.0617	12605	98.44
m84010_220919_232145_s1/72225242/ccs	0.998221	27.4982	12738	99.98
m84010_220919_232145_s1/43584208/ccs	0.994483	22.583	10001	98.21
m84010_220919_232145_s1/101322005/ccs	0.999854	38.3565	11733	98.31
m84010_220919_232145_s1/189532478/ccs	0.999403	32.2403	18238	98.28
m84010_220919_232145_s1/81858275/ccs	0.999884	39.3554	8953	99.99
m84010_220919_232145_s1/112661439/ccs	0.999876	39.0658	12956	100.00
m84010_220919_232145_s1/220071224/ccs	0.996348	24.3747	13282	98.15
m84010_220919_232145_s1/145232770/ccs	0.999859	38.5078	9734	98.30
m84010_220919_232145_s1/15864965/ccs	0.999921	41.0237	14853	98.29
m84010_220919_232145_s1/94635502/ccs	0.999747	35.9688	5374	100.00
m84010_220919_232145_s1/128254676/ccs	0.999719	35.5129	17311	99.54
m84010_220919_232145_s1/35390873/ccs	0.994051	22.2556	21315	99.78
m84010_220919_232145_s1/159449815/ccs	0.999727	35.6384	15212	99.53
m84010_220919_232145_s1/145427431/ccs	0.99998	46.9897	9426	99.53
m84010_220919_232145_s1/192873594/ccs	0.999931	41.6115	5757	99.36
m84010_220919_232145_s1/78578249/ccs	0.999636	34.389	21156	99.93
m84010_220919_232145_s1/7604322/ccs	0.997907	26.7923	9056	99.62
m84010_220919_232145_s1/260115582/ccs	0.999859	38.5078	9799	99.63
m84010_220919_232145_s1/209848312/ccs	0.996562	24.6369	9066	99.67
m84010_220919_232145_s1/51511603/ccs	0.993172	21.6571	14432	99.45
m84010_220919_232145_s1/138220000/ccs	0.999898	39.914	14769	99.70
m84010_220919_232145_s1/209651776/ccs	0.998589	28.5047	17355	99.96
m84010_220919_232145_s1/175899258/ccs	0.999899	39.9568	15085	99.69
m84010_220919_232145_s1/243471628/ccs	0.999313	31.6304	13756	99.89
m84010_220919_232145_s1/7014135/ccs	0.995622	23.5872	18635	99.63
m84010_220919_232145_s1/143196577/ccs	0.997558	26.1225	18810	99.90
m84010_220919_232145_s1/151000457/ccs	0.997629	26.2507	21570	99.59
m84010_220919_232145_s1/78974117/ccs	0.999932	41.6749	8628	99.76
m84010_220919_232145_s1/72815373/ccs	0.99983	37.6955	4038	99.60
m84010_220919_232145_s1/47842967/ccs	0.990373	20.1651	18028	99.56
m84010_220919_232145_s1/32901008/ccs	0.998238	27.5399	13936	99.87
m84010_220919_232145_s1/18486280/ccs	0.99282	21.4388	12078	99.34
m84010_220919_232145_s1/148903070/ccs	0.999749	36.0033	12920	99.52
m84010_220919_232145_s1/148572370/ccs	0.997728	26.4359	16419	99.67
m84010_220919_232145_s1/143330873/ccs	0.99982	37.4473	6847	99.68
m84010_220919_232145_s1/188618387/ccs	0.999737	35.8004	22809	100.00
m84010_220919_232145_s1/153289547/ccs	0.999215	31.0513	18580	99.72
m84010_220919_232145_s1/25039998/ccs	0.999229	31.1295	20052	99.66
m84010_220919_232145_s1/77857085/ccs	0.998549	28.3833	10706	99.93
m84010_220919_232145_s1/103486248/ccs	0.999638	34.4129	13485	99.76
m84010_220919_232145_s1/235143481/ccs	0.999768	36.3451	13735	99.51
m84010_220919_232145_s1/117379729/ccs	0.999459	32.668	15815	99.71
m84010_220919_232145_s1/57541665/ccs	0.999892	39.6658	4825	99.69
m84010_220919_232145_s1/178327392/ccs	0.998581	28.4802	23829	99.61
m84010_220919_232145_s1/190516295/ccs	0.994237	22.3935	14967	99.80
m84010_220919_232145_s1/35589956/ccs	0.999905	40.2228	9124	99.54
m84010_220919_232145_s1/213456295/ccs	0.992205	21.0818	11434	99.45
m84010_220919_232145_s1/180160147/ccs	0.998338	27.7937	2500	100.00
m84010_220919_232145_s1/201067724/ccs	0.999728	35.6543	11866	99.76
m84010_220919_232145_s1/233572738/ccs	0.994947	22.9645	20390	99.18
m84010_220919_232145_s1/75760807/ccs	0.999516	33.1515	11717	99.98
m84010_220919_232145_s1/248317759/ccs	0.999162	30.7676	18457	99.33
m84010_220919_232145_s1/116067605/ccs	0.992199	21.0785	12399	99.77
m84010_220919_232145_s1/105777880/ccs	0.998794	29.1865	16644	99.36
m84010_220919_232145_s1/240127468/ccs	0.999601	33.9903	15045	99.43
m84010_220919_232145_s1/119412529/ccs	0.999823	37.5203	5186	99.79
m84010_220919_232145_s1/176885945/ccs	0.999962	44.2022	8721	99.48
m84010_220919_232145_s1/170395554/ccs	0.99969	35.0864	23117	99.33
m84010_220919_232145_s1/261690682/ccs	0.999798	36.9465	13874	99.49
m84010_220919_232145_s1/169673308/ccs	0.999544	33.4104	8680	99.90
m84010_220919_232145_s1/143005089/ccs	0.999488	32.9073	22976	99.64
m84010_220919_232145_s1/154079053/ccs	0.999923	41.1351	19559	99.99
m84010_220919_232145_s1/137495491/ccs	0.99844	28.0688	17811	99.30
m84010_220919_232145_s1/80483156/ccs	0.999091	30.4144	18782	99.61
m84010_220919_232145_s1/180290755/ccs	0.999853	38.3268	12580	99.99
m84010_220919_232145_s1/129766681/ccs	0.9988	29.2082	10546	99.71
m84010_220919_232145_s1/65146433/ccs	0.99482	22.8567	11607	99.57
m84010_220919_232145_s1/215813475/ccs	0.999226	31.1126	20635	99.62
m84010_220919_232145_s1/24251969/ccs	0.999042	30.1863	17290	99.65
m84010_220919_232145_s1/11212353/ccs	0.999459	32.668	17784	99.56
m84010_220919_232145_s1/219485393/ccs	0.999853	38.3268	8466	99.68
m84010_220919_232145_s1/187303417/ccs	0.999849	38.2102	18188	99.99
m84010_220919_232145_s1/128849317/ccs	0.999713	35.4212	11579	99.63
m84010_220919_232145_s1/243339348/ccs	0.999647	34.5223	15811	99.99
m84010_220919_232145_s1/179111575/ccs	0.999964	44.437	10170	99.71
m84010_220919_232145_s1/124649707/ccs	0.9994	32.2185	13038	99.58
m84010_220919_232145_s1/122031801/ccs	0.999855	38.3863	12220	99.99
m84010_220919_232145_s1/104403192/ccs	0.998592	28.514	28889	99.96
m84010_220919_232145_s1/127992365/ccs	0.999094	30.4287	14864	99.99
m84010_220919_232145_s1/254347048/ccs	0.99957	33.6653	15258	99.97
m84010_220919_232145_s1/160498564/ccs	0.999421	32.3732	13681	99.57
m84010_220919_232145_s1/243013499/ccs	0.999936	41.9382	8230	99.63
m84010_220919_232145_s1/148049790/ccs	0.999991	50.4576	3536	99.92
m84010_220919_232145_s1/51709605/ccs	0.999221	31.0846	4278	99.72
m84010_220919_232145_s1/179441176/ccs	0.995949	23.9244	14568	99.46
m84010_220919_232145_s1/174591144/ccs	0.999814	37.3049	21672	99.96
m84010_220919_232145_s1/21168519/ccs	0.997576	26.1547	14259	100.00
m84010_220919_232145_s1/36705026/ccs	0.993714	22.0163	20332	99.87
m84010_220919_232145_s1/196544060/ccs	0.999891	39.6257	11608	99.59
m84010_220919_232145_s1/138872135/ccs	0.999485	32.8819	7710	99.62
m84010_220919_232145_s1/22220533/ccs	0.999468	32.7409	22126	100.00
m84010_220919_232145_s1/134681304/ccs	0.998022	27.0377	5630	99.98
m84010_220919_232145_s1/67376206/ccs	0.999234	31.1577	16953	99.95
m84010_220919_232145_s1/94831902/ccs	0.999909	40.4096	11108	99.57
m84010_220919_232145_s1/260374825/ccs	0.999503	33.0364	24828	99.95
m84010_220919_232145_s1/188418878/ccs	0.999682	34.9757	17609	100.00
m84010_220919_232145_s1/92869903/ccs	0.999235	31.1634	5003	99.60
m84010_220919_232145_s1/48827102/ccs	0.994951	22.9679	8856	99.84
m84010_220919_232145_s1/126685854/ccs	1	60	8669	99.99
m84010_220919_232145_s1/147918076/ccs	0.999791	36.7985	19610	99.95
m84010_220919_232145_s1/102695429/ccs	0.99994	42.2185	6357	99.98
m84010_220919_232145_s1/189863171/ccs	0.996146	24.1409	3950	99.95
m84010_220919_232145_s1/186583548/ccs	0.999746	35.9517	13224	99.96
m84010_220919_232145_s1/33359976/ccs	0.994857	22.8878	15874	99.80
m84010_220919_232145_s1/47842260/ccs	0.999396	32.1896	20302	99.99
m84010_220919_232145_s1/169873449/ccs	0.999875	39.0309	13366	100.00
m84010_220919_232145_s1/236719981/ccs	0.99975	36.0206	12050	99.99
m84010_220919_232145_s1/93260493/ccs	1	60	5124	99.98
m84010_220919_232145_s1/148901904/ccs	0.999712	35.4061	9804	99.96
m84010_220919_232145_s1/61802458/ccs	0.997189	25.5114	12110	99.98
m84010_220919_232145_s1/249957043/ccs	0.998927	29.694	6179	99.95
m84010_220919_232145_s1/58266546/ccs	0.999807	37.1444	6787	100.00
m84010_220919_232145_s1/105516062/ccs	0.999831	37.7211	4423	100.00
m84010_220919_232145_s1/90378323/ccs	0.999891	39.6257	7310	99.95
m84010_220919_232145_s1/137827149/ccs	0.999878	39.1364	11786	100.00
m84010_220919_232145_s1/210047669/ccs	0.999837	37.8781	6776	99.96
m84010_220919_232145_s1/74451479/ccs	0.999472	32.7737	3370	100.00
m84010_220919_232145_s1/182195675/ccs	0.999985	48.2391	7071	100.00
m84010_220919_232145_s1/103352378/ccs	0.99994	42.2185	7426	99.92
m84010_220919_232145_s1/15729245/ccs	0.999982	47.4473	5862	99.95
m84010_220919_232145_s1/191497502/ccs	0.99997	45.2288	4736	100.00
m84010_220919_232145_s1/18482420/ccs	0.996416	24.4563	25041	99.32
m84010_220919_232145_s1/81857373/ccs	0.991746	20.8334	14211	99.03
m84010_220919_232145_s1/158401461/ccs	0.999056	30.2503	6929	98.53
m84010_220919_232145_s1/249824203/ccs	0.990661	20.297	23254	99.24
m84010_220919_232145_s1/149750913/ccs	0.997262	25.6257	9582	98.58
m84010_220919_232145_s1/122421768/ccs	0.994859	22.8895	7902	98.69
m84010_220919_232145_s1/156046448/ccs	0.999931	41.6115	4682	99.39
m84010_220919_232145_s1/218630304/ccs	0.999904	40.1773	15796	99.54
m84010_220919_232145_s1/85070593/ccs	0.997081	25.3477	14802	99.54
m84010_220919_232145_s1/265686857/ccs	0.999659	34.6725	10330	99.98
m84010_220919_232145_s1/76617616/ccs	0.998465	28.1389	11452	99.48
m84010_220919_232145_s1/227806332/ccs	0.9961	24.0894	11104	99.41
m84010_220919_232145_s1/94377366/ccs	0.999942	42.3657	6928	99.45
m84010_220919_232145_s1/54594214/ccs	0.999598	33.9577	5728	99.35
m84010_220919_232145_s1/222628828/ccs	0.99742	25.8838	5471	99.23
m84010_220919_232145_s1/251269643/ccs	0.996076	24.0627	23366	99.52
m84010_220919_232145_s1/156631915/ccs	0.999056	30.2503	12929	99.46
m84010_220919_232145_s1/49026663/ccs	0.998869	29.4654	15221	99.52
m84010_220919_232145_s1/260838180/ccs	0.999834	37.7989	19216	99.52
m84010_220919_232145_s1/217254346/ccs	0.997393	25.8386	17530	99.99
m84010_220919_232145_s1/202574057/ccs	0.999329	31.7328	10734	99.98
m84010_220919_232145_s1/111481496/ccs	0.994791	22.8325	9926	99.98
m84010_220919_232145_s1/239997893/ccs	0.999596	33.9362	9310	99.58
m84010_220919_232145_s1/91428300/ccs	0.994551	22.6368	15492	99.80
m84010_220919_232145_s1/222563015/ccs	0.995695	23.6603	22398	99.69
m84010_220919_232145_s1/173414221/ccs	0.999304	31.5739	9574	100.00
m84010_220919_232145_s1/102239603/ccs	0.999992	50.9691	5433	100.00
m84010_220919_232145_s1/4066686/ccs	0.998835	29.3367	17813	99.63
m84010_220919_232145_s1/126554166/ccs	0.997818	26.6115	20845	99.61
m84010_220919_232145_s1/183174076/ccs	0.999352	31.8842	19984	99.65
m84010_220919_232145_s1/29823407/ccs	0.999813	37.2816	11389	99.62
m84010_220919_232145_s1/100274318/ccs	0.99949	32.9243	12579	99.65
m84010_220919_232145_s1/36307431/ccs	0.998734	28.9757	22451	99.72
m84010_220919_232145_s1/62850811/ccs	0.999657	34.6471	16968	99.68
m84010_220919_232145_s1/208602888/ccs	0.999064	30.2872	15893	99.68
m84010_220919_232145_s1/193075050/ccs	0.999226	31.1126	18004	99.78
m84010_220919_232145_s1/234424741/ccs	0.995986	23.9642	14693	99.64
m84010_220919_232145_s1/169285537/ccs	0.998755	29.0483	26043	99.71
m84010_220919_232145_s1/154666655/ccs	0.999337	31.7849	19118	99.72
m84010_220919_232145_s1/236131288/ccs	0.995812	23.7799	21109	99.68
m84010_220919_232145_s1/65080494/ccs	0.999365	31.9723	17001	99.97
m84010_220919_232145_s1/172821389/ccs	0.999197	30.9528	18520	99.98
m84010_220919_232145_s1/201265811/ccs	0.998624	28.6138	26293	99.71
m84010_220919_232145_s1/19206125/ccs	0.99877	29.1009	12420	99.74
m84010_220919_232145_s1/225513873/ccs	0.998565	28.4315	20480	99.84
m84010_220919_232145_s1/9507850/ccs	0.998053	27.1063	18345	99.81
m84010_220919_232145_s1/85068373/ccs	0.999631	34.3297	9895	99.82
m84010_220919_232145_s1/139662352/ccs	0.999637	34.4009	17168	99.98
m84010_220919_232145_s1/59834754/ccs	0.997689	26.362	11808	99.97
m84010_220919_232145_s1/8524640/ccs	0.991979	20.9577	26108	99.61
m84010_220919_232145_s1/168564596/ccs	0.999829	37.67	16101	99.86
m84010_220919_232145_s1/232262953/ccs	0.999023	30.1011	10983	99.84
m84010_220919_232145_s1/233706399/ccs	0.999967	44.8149	8246	99.77
m84010_220919_232145_s1/18088192/ccs	0.999946	42.6761	14006	99.86
m84010_220919_232145_s1/170918154/ccs	0.999139	30.65	20692	99.74
m84010_220919_232145_s1/100600916/ccs	0.99987	38.8606	13932	99.75
m84010_220919_232145_s1/76223110/ccs	0.99948	32.84	18240	99.88
m84010_220919_232145_s1/36770323/ccs	0.999551	33.4775	25145	99.89
m84010_220919_232145_s1/163514694/ccs	0.999409	32.2841	22571	99.99
m84010_220919_232145_s1/57349794/ccs	0.999905	40.2228	6721	99.87
m84010_220919_232145_s1/96994502/ccs	0.998847	29.3817	21469	99.71
m84010_220919_232145_s1/142739913/ccs	0.999314	31.6368	21822	99.74
m84010_220919_232145_s1/262410809/ccs	0.998139	27.3025	21742	99.90
m84010_220919_232145_s1/124127308/ccs	0.998973	29.8843	18067	99.83
m84010_220919_232145_s1/129630577/ccs	0.999823	37.5203	17423	99.82
m84010_220919_232145_s1/172431056/ccs	0.996919	25.1131	22041	99.69
m84010_220919_232145_s1/251401549/ccs	0.997707	26.396	25493	99.74
m84010_220919_232145_s1/128451149/ccs	0.998309	27.7186	14858	99.79
m84010_220919_232145_s1/170985443/ccs	0.999247	31.2321	24247	99.76
m84010_220919_232145_s1/177406424/ccs	0.998663	28.7387	16283	99.74
m84010_220919_232145_s1/187765356/ccs	0.999182	30.8725	16862	99.98
m84010_220919_232145_s1/17045198/ccs	0.997885	26.7469	15256	99.91
m84010_220919_232145_s1/226297590/ccs	0.999308	31.5989	16233	99.88
m84010_220919_232145_s1/190777643/ccs	0.999424	32.3958	11275	99.91
m84010_220919_232145_s1/44569538/ccs	0.999138	30.6449	18425	99.74
m84010_220919_232145_s1/6425297/ccs	0.997142	25.4394	22137	99.73
m84010_220919_232145_s1/45356373/ccs	0.999924	41.1919	6790	99.81
m84010_220919_232145_s1/197922207/ccs	0.999942	42.3657	14525	99.93
m84010_220919_232145_s1/146805656/ccs	0.999665	34.7496	13724	99.80
m84010_220919_232145_s1/57543074/ccs	0.998485	28.1959	11986	99.97
m84010_220919_232145_s1/229510526/ccs	0.997549	26.1066	30483	99.76
m84010_220919_232145_s1/171511536/ccs	0.999623	34.2366	23332	99.74
m84010_220919_232145_s1/111874733/ccs	0.999909	40.4096	12697	99.91
m84010_220919_232145_s1/78451784/ccs	0.999283	31.4448	15185	99.92
m84010_220919_232145_s1/261559274/ccs	0.999485	32.8819	13177	99.76
m84010_220919_232145_s1/22020736/ccs	0.997289	25.6687	7669	99.95
m84010_220919_232145_s1/109252406/ccs	0.99509	23.0892	18705	99.77
m84010_220919_232145_s1/54920226/ccs	0.997901	26.7799	14091	99.82
m84010_220919_232145_s1/110432050/ccs	0.998997	29.987	23063	99.99
m84010_220919_232145_s1/232003214/ccs	0.99981	37.2125	9104	99.99
m84010_220919_232145_s1/88212843/ccs	0.997374	25.8071	18270	99.63
m84010_220919_232145_s1/82579678/ccs	0.999343	31.8243	14776	99.90
m84010_220919_232145_s1/5115177/ccs	0.999911	40.5061	12670	99.91
m84010_220919_232145_s1/189860584/ccs	0.999642	34.4612	7766	99.79
m84010_220919_232145_s1/168170132/ccs	0.999898	39.914	5203	99.73
m84010_220919_232145_s1/93983009/ccs	0.996387	24.4213	21575	99.67
m84010_220919_232145_s1/120261011/ccs	0.999822	37.4958	9192	99.90
m84010_220919_232145_s1/226236148/ccs	0.999802	37.0333	14673	99.90
m84010_220919_232145_s1/213455598/ccs	0.997645	26.2801	18871	99.85
m84010_220919_232145_s1/229577428/ccs	0.999934	41.8046	14793	99.91
m84010_220919_232145_s1/117642162/ccs	0.999424	32.3958	16001	99.76
m84010_220919_232145_s1/153097951/ccs	0.9997	35.2288	18172	99.99
m84010_220919_232145_s1/118294504/ccs	0.998792	29.1793	15139	99.76
m84010_220919_232145_s1/55576465/ccs	0.99908	30.3621	19177	99.98
m84010_220919_232145_s1/264244959/ccs	0.997711	26.4035	25155	99.78
m84010_220919_232145_s1/43717792/ccs	0.999465	32.7165	14934	99.70
m84010_220919_232145_s1/201593638/ccs	0.999797	36.925	12245	99.89
m84010_220919_232145_s1/235143663/ccs	0.990942	20.4297	24187	99.58
m84010_220919_232145_s1/224854060/ccs	0.999312	31.6241	14961	99.99
m84010_220919_232145_s1/184815051/ccs	0.999326	31.7134	7237	100.00
m84010_220919_232145_s1/122622306/ccs	0.992611	21.3141	15982	99.95
m84010_220919_232145_s1/42799078/ccs	0.999133	30.6198	29652	99.75
m84010_220919_232145_s1/73926509/ccs	0.999609	34.0782	11222	100.00
m84010_220919_232145_s1/91427153/ccs	0.998878	29.5001	18736	99.88
m84010_220919_232145_s1/75044339/ccs	0.994771	22.8158	18526	99.84
m84010_220919_232145_s1/143263531/ccs	0.999598	33.9577	10437	99.89
m84010_220919_232145_s1/113841402/ccs	0.997646	26.2819	18500	99.67
m84010_220919_232145_s1/153617988/ccs	0.999457	32.652	16275	99.90
m84010_220919_232145_s1/184091270/ccs	0.995162	23.1533	19133	99.57
m84010_220919_232145_s1/147001616/ccs	0.999899	39.9568	14536	99.99
m84010_220919_232145_s1/177209618/ccs	0.997765	26.5072	22884	99.73
m84010_220919_232145_s1/142087678/ccs	0.999655	34.6218	18813	99.91
m84010_220919_232145_s1/66785006/ccs	0.999471	32.7654	12809	99.92
m84010_220919_232145_s1/238293264/ccs	0.992902	21.4886	14429	99.85
m84010_220919_232145_s1/84148305/ccs	0.99959	33.8722	9541	99.88
m84010_220919_232145_s1/234819548/ccs	0.997465	25.9602	24170	99.73
m84010_220919_232145_s1/255135168/ccs	0.997239	25.5893	16324	99.99
m84010_220919_232145_s1/122820044/ccs	0.999442	32.5337	22116	99.72
m84010_220919_232145_s1/116261304/ccs	0.998301	27.6981	3669	99.95
m84010_220919_232145_s1/13434964/ccs	0.999836	37.8516	4319	99.93
m84010_220919_232145_s1/192545061/ccs	0.998722	28.9347	14145	99.92
m84010_220919_232145_s1/90903581/ccs	0.999958	43.7675	15354	99.99
m84010_220919_232145_s1/11078622/ccs	0.999916	40.7572	13616	99.72
m84010_220919_232145_s1/238158144/ccs	0.997095	25.3685	11350	99.65
m84010_220919_232145_s1/17629927/ccs	0.99852	28.2974	13146	99.69
m84010_220919_232145_s1/28708327/ccs	0.999943	42.4413	15540	99.73
m84010_220919_232145_s1/9964154/ccs	0.998926	29.69	10856	99.99
m84010_220919_232145_s1/231932570/ccs	0.992221	21.0908	8622	99.76
m84010_220919_232145_s1/245172232/ccs	0.997542	26.0942	16269	99.69
m84010_220919_232145_s1/108270527/ccs	0.999737	35.8004	10377	99.98
m84010_220919_232145_s1/153486789/ccs	0.99922	31.0791	18229	99.60
m84010_220919_232145_s1/253760027/ccs	0.999259	31.3018	22682	99.72
m84010_220919_232145_s1/82510952/ccs	0.996761	24.8959	14814	99.90
m84010_220919_232145_s1/178194903/ccs	0.996817	24.9716	16789	99.48
m84010_220919_232145_s1/194907276/ccs	0.992105	21.0265	13710	99.60
m84010_220919_232145_s1/23794082/ccs	0.999994	52.2185	7301	99.67
m84010_220919_232145_s1/210764613/ccs	0.998693	28.8372	26117	99.70
m84010_220919_232145_s1/225973629/ccs	1	60	2324	99.87
m84010_220919_232145_s1/79562163/ccs	0.999447	32.5727	15911	99.60
m84010_220919_232145_s1/57477623/ccs	0.998763	29.0763	9751	99.99
m84010_220919_232145_s1/128126189/ccs	0.996533	24.6005	17094	99.47
m84010_220919_232145_s1/36968132/ccs	0.999972	45.5284	8218	99.99
m84010_220919_232145_s1/120850075/ccs	0.999931	41.6115	11418	99.91
m84010_220919_232145_s1/128193946/ccs	0.999683	34.9894	14391	99.80
m84010_220919_232145_s1/184489849/ccs	0.999626	34.2713	4877	99.59
m84010_220919_232145_s1/197199673/ccs	0.999986	48.5387	5530	99.64
m84010_220919_232145_s1/201265299/ccs	0.997089	25.3596	14997	99.47
m84010_220919_232145_s1/1249203/ccs	0.999905	40.2228	7024	99.84
m84010_220919_232145_s1/19797629/ccs	0.999732	35.7187	9444	99.99
m84010_220919_232145_s1/203493910/ccs	0.999994	52.2185	5394	99.72
m84010_220919_232145_s1/216663524/ccs	0.999919	40.9151	8514	99.93
m84010_220919_232145_s1/10424540/ccs	0.999973	45.6864	10683	99.78
m84010_220919_232145_s1/62394562/ccs	0.999733	35.7349	6883	99.93
m84010_220919_232145_s1/263783913/ccs	0.998474	28.1645	22617	99.65
m84010_220919_232145_s1/149881122/ccs	0.999822	37.4958	10302	99.75
m84010_220919_232145_s1/57284306/ccs	0.998574	28.4588	20339	99.66
m84010_220919_232145_s1/20121632/ccs	0.999944	42.5181	2454	99.80
m84010_220919_232145_s1/232980621/ccs	0.998313	27.7288	10822	99.95
m84010_220919_232145_s1/139463430/ccs	0.998587	28.4986	5649	99.93
m84010_220919_232145_s1/133497499/ccs	0.99579	23.7572	5169	99.88
m84010_220919_232145_s1/143198967/ccs	0.998777	29.1257	9821	99.73
m84010_220919_232145_s1/16712731/ccs	0.997379	25.8153	9486	99.63
m84010_220919_232145_s1/150670058/ccs	1	60	2921	99.86
m84010_220919_232145_s1/104727278/ccs	0.993185	21.6653	6355	99.75
m84010_220919_232145_s1/45615730/ccs	0.99911	30.5061	15785	99.62
m84010_220919_232145_s1/53219605/ccs	0.999383	32.0971	4818	99.96
m84010_220919_232145_s1/186453959/ccs	0.999668	34.7886	21122	99.66
m84010_220919_232145_s1/49876814/ccs	0.999883	39.3181	17429	99.59
m84010_220919_232145_s1/124062119/ccs	0.999987	48.8606	4351	99.95
m84010_220919_232145_s1/69473067/ccs	0.995015	23.0233	29501	99.45
m84010_220919_232145_s1/31591117/ccs	0.999854	38.3565	5288	99.79
m84010_220919_232145_s1/45356633/ccs	0.999488	32.9073	22277	99.58
m84010_220919_232145_s1/142349186/ccs	0.995565	23.5311	12841	99.48
m84010_220919_232145_s1/109054653/ccs	0.998338	27.7937	10411	99.28
m84010_220919_232145_s1/165745666/ccs	0.999779	36.5561	16874	99.50
m84010_220919_232145_s1/16123022/ccs	0.994972	22.986	25403	99.40
m84010_220919_232145_s1/111741646/ccs	0.998026	27.0465	17901	99.33
m84010_220919_232145_s1/184288532/ccs	0.997289	25.6687	17717	99.35
m84010_220919_232145_s1/217648599/ccs	0.998806	29.23	17245	99.29
m84010_220919_232145_s1/176816863/ccs	0.999097	30.4431	14715	99.29
m84010_220919_232145_s1/109384552/ccs	0.999611	34.1005	21256	99.37
m84010_220919_232145_s1/40633241/ccs	0.999406	32.2621	11207	99.55
m84010_220919_232145_s1/157811458/ccs	0.999901	40.0436	12886	99.62
m84010_220919_232145_s1/244583126/ccs	0.996581	24.661	10283	99.62
m84010_220919_232145_s1/116855416/ccs	0.999403	32.2403	15978	99.62
m84010_220919_232145_s1/133957563/ccs	0.999785	36.6756	16090	100.00
m84010_220919_232145_s1/174985611/ccs	0.999981	47.2125	12637	99.64
m84010_220919_232145_s1/203167347/ccs	0.999777	36.517	17931	99.55
m84010_220919_232145_s1/180028392/ccs	0.999323	31.6941	16902	100.00
m84010_220919_232145_s1/21040497/ccs	0.999862	38.6012	17015	99.54
m84010_220919_232145_s1/161156934/ccs	0.999435	32.4795	14473	99.63
m84010_220919_232145_s1/199754039/ccs	0.999518	33.1695	17554	99.53
m84010_220919_232145_s1/7214420/ccs	0.999407	32.2695	13563	99.64
m84010_220919_232145_s1/158862744/ccs	0.999677	34.908	18287	99.99
m84010_220919_232145_s1/59770584/ccs	0.996622	24.7134	15267	99.56
m84010_220919_232145_s1/132253318/ccs	0.999972	45.5284	6431	99.66
m84010_220919_232145_s1/244191602/ccs	0.999966	44.6852	13037	99.66
m84010_220919_232145_s1/62854315/ccs	0.99945	32.5964	15443	99.54
m84010_220919_232145_s1/121636904/ccs	0.99937	32.0066	13123	99.61
m84010_220919_232145_s1/163452377/ccs	0.999829	37.67	12566	99.62
m84010_220919_232145_s1/112792267/ccs	0.99951	33.098	9680	100.00
m84010_220919_232145_s1/203949771/ccs	0.999985	48.2391	12529	99.51
m84010_220919_232145_s1/112789320/ccs	0.996054	24.0384	8469	99.67
m84010_220919_232145_s1/120130679/ccs	1	60	4027	100.00
m84010_220919_232145_s1/118691007/ccs	0.996513	24.5755	15423	99.72
m84010_220919_232145_s1/197793208/ccs	0.997113	25.3955	20534	99.75
m84010_220919_232145_s1/63247786/ccs	0.999914	40.655	10625	99.76
m84010_220919_232145_s1/101190491/ccs	0.998827	29.307	14738	99.80
m84010_220919_232145_s1/222498435/ccs	0.996302	24.3203	25837	99.80
m84010_220919_232145_s1/241830481/ccs	0.999779	36.5561	11315	99.85
m84010_220919_232145_s1/72548685/ccs	0.999491	32.9328	10664	99.82
m84010_220919_232145_s1/250152139/ccs	0.996766	24.9026	25193	99.78
m84010_220919_232145_s1/186254508/ccs	0.999547	33.439	18236	99.80
m84010_220919_232145_s1/136255106/ccs	0.998719	28.9245	28547	99.76
m84010_220919_232145_s1/55645774/ccs	0.99987	38.8606	8627	99.80
m84010_220919_232145_s1/114692814/ccs	0.997707	26.396	8775	99.76
m84010_220919_232145_s1/260705684/ccs	0.999279	31.4206	22756	99.73
m84010_220919_232145_s1/249237035/ccs	0.99542	23.3913	6297	99.60
m84010_220919_232145_s1/11272684/ccs	0.999562	33.5853	20478	99.76
m84010_220919_232145_s1/16711741/ccs	0.999642	34.4612	22796	99.75
m84010_220919_232145_s1/76551554/ccs	0.999561	33.5754	18156	99.77
m84010_220919_232145_s1/155192283/ccs	0.997043	25.2915	13416	99.87
m84010_220919_232145_s1/27656586/ccs	0.999725	35.6067	9586	99.77
m84010_220919_232145_s1/168039762/ccs	0.994571	22.6528	12374	99.72
m84010_220919_232145_s1/32639726/ccs	0.999015	30.0656	20784	99.87
m84010_220919_232145_s1/124389495/ccs	0.999481	32.8483	17375	99.76
m84010_220919_232145_s1/220990239/ccs	0.999999	60	5092	99.96
m84010_220919_232145_s1/96666728/ccs	0.999827	37.6195	11356	99.96
m84010_220919_232145_s1/235278591/ccs	0.999912	40.5552	13018	99.91
m84010_220919_232145_s1/147067124/ccs	0.998005	27.0006	13646	99.64
m84010_220919_232145_s1/202576741/ccs	0.999711	35.391	16530	99.77
m84010_220919_232145_s1/31331310/ccs	0.997855	26.6857	21194	99.73
m84010_220919_232145_s1/144182988/ccs	0.998023	27.0399	16144	99.76
m84010_220919_232145_s1/86054653/ccs	0.999972	45.5284	5614	99.79
m84010_220919_232145_s1/223350858/ccs	0.997369	25.7988	17425	99.76
m84010_220919_232145_s1/171775588/ccs	0.999968	44.9485	10416	99.89
m84010_220919_232145_s1/177735833/ccs	0.999974	45.8503	7861	99.94
m84010_220919_232145_s1/114951656/ccs	0.996932	25.1314	27638	99.42
m84010_220919_232145_s1/245502597/ccs	0.991992	20.9648	16737	99.79
m84010_220919_232145_s1/115671518/ccs	0.997949	26.8803	13472	99.72
m84010_220919_232145_s1/19534382/ccs	0.994405	22.522	3752	99.54
m84010_220919_232145_s1/172622026/ccs	0.999999	60	2759	99.96
m84010_220919_232145_s1/75040060/ccs	0.995072	23.0733	4122	99.64
m84010_220919_232145_s1/120066995/ccs	0.998507	28.2594	23477	99.38
m84010_220919_232145_s1/158861571/ccs	0.999605	34.034	7132	99.72
m84010_220919_232145_s1/257102989/ccs	0.999732	35.7187	13374	99.56
m84010_220919_232145_s1/234489229/ccs	0.997773	26.5228	22075	99.48
m84010_220919_232145_s1/150537382/ccs	0.99487	22.8988	18899	99.36
m84010_220919_232145_s1/62658414/ccs	0.997666	26.319	27519	99.56
m84010_220919_232145_s1/60756572/ccs	0.999337	31.7849	15806	99.43
m84010_220919_232145_s1/65410288/ccs	0.997834	26.6434	13499	99.32
m84010_220919_232145_s1/31921986/ccs	0.999201	30.9745	14554	99.41
m84010_220919_232145_s1/205586534/ccs	0.990986	20.4508	24793	99.31
m84010_220919_232145_s1/10751904/ccs	0.999857	38.4466	15766	99.42
m84010_220919_232145_s1/194514853/ccs	0.997969	26.9229	26450	99.59
m84010_220919_232145_s1/143591186/ccs	0.999532	33.2975	25317	99.60
m84010_220919_232145_s1/222889842/ccs	0.999759	36.1798	17396	99.49
m84010_220919_232145_s1/200739099/ccs	0.994921	22.9422	16231	99.34
m84010_220919_232145_s1/260113040/ccs	0.998974	29.8885	13667	99.44
m84010_220919_232145_s1/244257508/ccs	0.997639	26.269	12020	99.35
m84010_220919_232145_s1/195627073/ccs	0.998747	29.0205	14719	99.46
m84010_220919_232145_s1/29035646/ccs	0.998313	27.7288	13561	99.41
m84010_220919_232145_s1/58918730/ccs	0.99695	25.157	25158	99.64
m84010_220919_232145_s1/28051269/ccs	0.99971	35.376	19235	99.60
m84010_220919_232145_s1/42731995/ccs	0.998518	28.2915	10968	99.43
m84010_220919_232145_s1/244255542/ccs	0.999775	36.4782	13353	99.56
m84010_220919_232145_s1/110363165/ccs	0.99985	38.2391	13590	99.65
m84010_220919_232145_s1/208474696/ccs	0.999967	44.8149	15265	99.66
m84010_220919_232145_s1/189273130/ccs	0.996939	25.1414	10328	99.48
m84010_220919_232145_s1/14486495/ccs	0.999501	33.019	19183	99.71
m84010_220919_232145_s1/137101893/ccs	0.999427	32.4185	11443	99.63
m84010_220919_232145_s1/236131347/ccs	0.999924	41.1919	4369	99.31
m84010_220919_232145_s1/221317707/ccs	0.994977	22.9904	18405	99.60
m84010_220919_232145_s1/46205488/ccs	0.999404	32.2475	15170	99.74
m84010_220919_232145_s1/163120281/ccs	0.995825	23.7934	17200	99.73
m84010_220919_232145_s1/192680742/ccs	0.999823	37.5203	18030	99.83
m84010_220919_232145_s1/150083388/ccs	0.999947	42.7572	12523	99.86
m84010_220919_232145_s1/93324720/ccs	0.994271	22.4192	22805	99.73
m84010_220919_232145_s1/261292868/ccs	0.99971	35.376	9645	99.88
m84010_220919_232145_s1/99288091/ccs	0.996797	24.9444	14188	99.75
m84010_220919_232145_s1/262275748/ccs	0.99987	38.8606	4288	99.88
m84010_220919_232145_s1/255460686/ccs	0.999433	32.4642	18258	99.88
m84010_220919_232145_s1/99224969/ccs	0.999901	40.0436	14804	99.89
m84010_220919_232145_s1/126358618/ccs	0.999907	40.3152	8922	99.87
m84010_220919_232145_s1/190321025/ccs	0.999494	32.9585	12177	99.90
m84010_220919_232145_s1/125571734/ccs	0.998179	27.3969	24767	99.89
m84010_220919_232145_s1/242024889/ccs	0.998937	29.7347	28658	99.88
m84010_220919_232145_s1/168101910/ccs	0.999837	37.8781	15377	99.90
m84010_220919_232145_s1/137627799/ccs	1	60	4029	99.75
m84010_220919_232145_s1/117379250/ccs	0.99819	27.4232	15219	99.89
m84010_220919_232145_s1/202966398/ccs	0.999978	46.5758	4607	99.83
m84010_220919_232145_s1/46467714/ccs	0.999123	30.57	20676	99.90
m84010_220919_232145_s1/191497695/ccs	0.991663	20.7899	27213	99.70
m84010_220919_232145_s1/99225079/ccs	0.999016	30.07	18446	99.90
m84010_220919_232145_s1/89982932/ccs	0.999181	30.8672	20838	99.91
m84010_220919_232145_s1/111939387/ccs	0.999659	34.6725	16334	99.94
m84010_220919_232145_s1/95093895/ccs	0.999561	33.5754	14766	99.91
m84010_220919_232145_s1/22479622/ccs	0.99931	31.6115	12314	99.85
m84010_220919_232145_s1/151326458/ccs	0.999944	42.5181	11401	99.89
m84010_220919_232145_s1/244711825/ccs	0.999641	34.4491	16026	99.94
m84010_220919_232145_s1/57151109/ccs	0.999361	31.945	21804	99.89
m84010_220919_232145_s1/263389586/ccs	0.999716	35.4668	23750	99.88
m84010_220919_232145_s1/73008849/ccs	0.998952	29.7964	20827	99.88
m84010_220919_232145_s1/189598823/ccs	0.997898	26.7737	6142	99.89
m84010_220919_232145_s1/64557011/ccs	0.999735	35.7675	9213	99.92
m84010_220919_232145_s1/49349095/ccs	0.997794	26.5639	9486	99.91
m84010_220919_232145_s1/200741178/ccs	0.998598	28.5325	20368	99.90
m84010_220919_232145_s1/78513348/ccs	0.991823	20.8741	20187	99.62
m84010_220919_232145_s1/232066090/ccs	0.9992	30.9691	20753	99.89
m84010_220919_232145_s1/12260283/ccs	0.995878	23.8489	21931	99.80
m84010_220919_232145_s1/225510067/ccs	0.999308	31.5989	19345	99.89
m84010_220919_232145_s1/9047707/ccs	0.999845	38.0967	7204	99.93
m84010_220919_232145_s1/17696623/ccs	0.999999	60	3760	99.92
m84010_220919_232145_s1/109580051/ccs	0.999655	34.6218	17732	99.89
m84010_220919_232145_s1/160831320/ccs	0.998388	27.9263	19091	99.90
m84010_220919_232145_s1/61149823/ccs	0.994219	22.38	13543	99.84
m84010_220919_232145_s1/264376594/ccs	0.998351	27.8278	16492	99.85
m84010_220919_232145_s1/27724137/ccs	0.994588	22.6664	17367	99.79
m84010_220919_232145_s1/124194324/ccs	0.999132	30.6148	11030	99.94
m84010_220919_232145_s1/42732695/ccs	0.998616	28.5886	17252	99.90
m84010_220919_232145_s1/75172966/ccs	0.998465	28.1389	12242	99.89
m84010_220919_232145_s1/198574484/ccs	0.997769	26.515	14515	99.86
m84010_220919_232145_s1/7868727/ccs	0.998614	28.5824	18064	99.87
m84010_220919_232145_s1/35782734/ccs	0.993186	21.666	14416	99.74
m84010_220919_232145_s1/132780562/ccs	0.999747	35.9688	14278	99.91
m84010_220919_232145_s1/123866920/ccs	0.999672	34.8413	8824	99.93
m84010_220919_232145_s1/135528935/ccs	0.999875	39.0309	11807	99.90
m84010_220919_232145_s1/228987685/ccs	0.999968	44.9485	6430	99.84
m84010_220919_232145_s1/179574116/ccs	0.99997	45.2288	4774	99.83
m84010_220919_232145_s1/4064445/ccs	0.996532	24.5992	13577	99.96
m84010_220919_232145_s1/68948346/ccs	0.999862	38.6012	7588	99.68
m84010_220919_232145_s1/67174741/ccs	0.997749	26.4762	17826	99.94
m84010_220919_232145_s1/18158014/ccs	0.997114	25.397	15221	99.97
m84010_220919_232145_s1/121767917/ccs	0.998531	28.3298	3528	99.80
m84010_220919_232145_s1/169021929/ccs	0.99427	22.4185	12833	99.98
m84010_220919_232145_s1/245829678/ccs	0.999591	33.8828	15900	99.98
m84010_220919_232145_s1/233771949/ccs	0.999936	41.9382	6961	99.79
m84010_220919_232145_s1/75896603/ccs	0.999825	37.5696	9553	99.70
m84010_220919_232145_s1/133041144/ccs	0.999441	32.5259	15705	99.58
m84010_220919_232145_s1/114693394/ccs	0.997791	26.558	18548	99.61
m84010_220919_232145_s1/240390302/ccs	0.991042	20.4779	10164	99.83
m84010_220919_232145_s1/248779415/ccs	0.999769	36.3639	6898	99.97
m84010_220919_232145_s1/66061786/ccs	0.999269	31.3608	15044	99.98
m84010_220919_232145_s1/156568963/ccs	0.999962	44.2022	5312	99.96
m84010_220919_232145_s1/116135370/ccs	0.999748	35.986	15893	99.99
m84010_220919_232145_s1/161288345/ccs	0.998593	28.5171	14542	99.97
m84010_220919_232145_s1/16975621/ccs	0.997906	26.7902	7514	99.95
m84010_220919_232145_s1/20121540/ccs	0.996161	24.1578	13056	99.44
m84010_220919_232145_s1/169279680/ccs	0.996608	24.6954	12351	99.39
m84010_220919_232145_s1/225250427/ccs	0.999771	36.4016	11663	99.99
m84010_220919_232145_s1/16255817/ccs	0.997831	26.6374	19546	99.92
m84010_220919_232145_s1/264833816/ccs	0.999005	30.0218	15839	99.96
m84010_220919_232145_s1/37425633/ccs	0.998728	28.9551	17366	99.65
m84010_220919_232145_s1/174854866/ccs	0.999886	39.431	13581	99.98
m84010_220919_232145_s1/172230780/ccs	0.998064	27.1309	17776	99.96
m84010_220919_232145_s1/232917976/ccs	0.998982	29.9225	17321	99.98
m84010_220919_232145_s1/162598596/ccs	0.998967	29.859	14372	99.60
m84010_220919_232145_s1/178132069/ccs	0.995989	23.9675	4446	99.89
m84010_220919_232145_s1/72224560/ccs	0.999029	30.1278	14159	99.98
m84010_220919_232145_s1/168821259/ccs	0.99916	30.7572	25932	99.95
m84010_220919_232145_s1/33162822/ccs	0.996783	24.9255	19651	99.92
m84010_220919_232145_s1/50857738/ccs	0.999741	35.867	11336	99.97
m84010_220919_232145_s1/179180258/ccs	0.999855	38.3863	6917	99.95
m84010_220919_232145_s1/3412652/ccs	0.99952	33.1876	23285	99.34
m84010_220919_232145_s1/60428802/ccs	0.996638	24.734	28285	99.34
m84010_220919_232145_s1/176032726/ccs	0.999013	30.0568	23300	99.96
m84010_220919_232145_s1/179440076/ccs	0.996691	24.803	20388	99.58
m84010_220919_232145_s1/83822418/ccs	0.999903	40.1323	4780	99.61
m84010_220919_232145_s1/211222806/ccs	0.997171	25.4837	14209	99.92
m84010_220919_232145_s1/87691632/ccs	0.991893	20.9114	21526	99.75
m84010_220919_232145_s1/35590789/ccs	0.997827	26.6294	17436	99.52
m84010_220919_232145_s1/193334855/ccs	0.999531	33.2883	14515	99.97
m84010_220919_232145_s1/33490596/ccs	0.998756	29.0518	24866	99.97
m84010_220919_232145_s1/174722153/ccs	0.999693	35.1286	14526	99.96
m84010_220919_232145_s1/90771695/ccs	0.995588	23.5536	19893	99.66
m84010_220919_232145_s1/101913363/ccs	0.999784	36.6555	18631	99.96
m84010_220919_232145_s1/2626387/ccs	0.995683	23.6482	12893	99.73
m84010_220919_232145_s1/111480382/ccs	0.998114	27.2446	10772	99.52
m84010_220919_232145_s1/163779710/ccs	0.998619	28.5981	13675	99.94
m84010_220919_232145_s1/127734949/ccs	0.999819	37.4232	16894	99.97
m84010_220919_232145_s1/203687221/ccs	0.999974	45.8503	11745	99.57
m84010_220919_232145_s1/243472213/ccs	0.998971	29.8758	17117	99.97
m84010_220919_232145_s1/243406600/ccs	0.999917	40.8092	11162	99.95
m84010_220919_232145_s1/251400611/ccs	0.999833	37.7728	10228	99.55
m84010_220919_232145_s1/213386389/ccs	0.998978	29.9055	6875	99.88
m84010_220919_232145_s1/242551007/ccs	0.999553	33.4969	4571	99.89
m84010_220919_232145_s1/216208041/ccs	0.999826	37.5945	7925	99.64
m84010_220919_232145_s1/228196882/ccs	0.993351	21.7724	14620	99.92
m84010_220919_232145_s1/198183259/ccs	0.997619	26.2324	14046	99.64
m84010_220919_232145_s1/62786300/ccs	0.999278	31.4146	10913	99.69
m84010_220919_232145_s1/53349622/ccs	0.999509	33.0892	5969	99.97
m84010_220919_232145_s1/39326705/ccs	0.999434	32.4718	16569	99.72
m84010_220919_232145_s1/209192277/ccs	0.994679	22.7401	13765	99.63
m84010_220919_232145_s1/199169473/ccs	0.998455	28.1107	19088	99.96
m84010_220919_232145_s1/184617906/ccs	0.996176	24.1748	12759	99.47
m84010_220919_232145_s1/221644204/ccs	0.999811	37.2354	13383	99.75
m84010_220919_232145_s1/33559907/ccs	0.999487	32.8988	10864	99.97
m84010_220919_232145_s1/262474969/ccs	0.998953	29.8005	17494	99.97
m84010_220919_232145_s1/90506029/ccs	0.99233	21.152	14451	99.64
m84010_220919_232145_s1/52364491/ccs	0.999735	35.7675	12030	99.63
m84010_220919_232145_s1/61802743/ccs	0.999884	39.3554	8139	99.57
m84010_220919_232145_s1/210963378/ccs	0.999611	34.1005	18430	99.97
m84010_220919_232145_s1/137691474/ccs	0.998274	27.6296	17146	99.70
m84010_220919_232145_s1/158337481/ccs	0.997741	26.4608	20504	99.73
m84010_220919_232145_s1/59966305/ccs	0.999376	32.0482	10046	99.90
m84010_220919_232145_s1/110168284/ccs	0.997128	25.4182	16801	99.80
m84010_220919_232145_s1/16190701/ccs	0.999318	31.6622	16990	99.96
m84010_220919_232145_s1/217780034/ccs	0.999999	60	5177	99.71
m84010_220919_232145_s1/116264377/ccs	0.999946	42.6761	9617	99.97
m84010_220919_232145_s1/103946103/ccs	0.999708	35.3462	11551	99.97
m84010_220919_232145_s1/114230838/ccs	0.998831	29.3219	15847	99.82
m84010_220919_232145_s1/164889158/ccs	0.999668	34.7886	15057	99.84
m84010_220919_232145_s1/142278772/ccs	0.999864	38.6646	14522	99.99
m84010_220919_232145_s1/7537061/ccs	0.999144	30.6753	13874	99.99
m84010_220919_232145_s1/73143391/ccs	0.999338	31.7914	18374	99.85
m84010_220919_232145_s1/204539586/ccs	0.993944	22.1781	11175	99.69
m84010_220919_232145_s1/107808755/ccs	0.999739	35.8336	8560	99.88
m84010_220919_232145_s1/168302114/ccs	0.999454	32.6281	20213	99.85
m84010_220919_232145_s1/229249298/ccs	0.999177	30.846	8630	99.63
m84010_220919_232145_s1/188023563/ccs	0.9998	36.9897	16908	99.99
m84010_220919_232145_s1/107021312/ccs	0.997185	25.5052	12255	99.91
m84010_220919_232145_s1/126029751/ccs	0.999048	30.2136	5062	99.90
m84010_220919_232145_s1/229773545/ccs	0.99996	43.9794	13118	99.83
m84010_220919_232145_s1/191174501/ccs	0.999954	43.3724	17891	99.86
m84010_220919_232145_s1/135533348/ccs	0.998979	29.9097	27488	99.97
m84010_220919_232145_s1/241569440/ccs	0.999936	41.9382	17351	99.99
m84010_220919_232145_s1/66327984/ccs	0.996917	25.1103	23222	99.68
m84010_220919_232145_s1/15729921/ccs	0.999765	36.2893	8568	100.00
m84010_220919_232145_s1/264245979/ccs	0.99768	26.3451	17303	99.94
m84010_220919_232145_s1/109712516/ccs	0.994609	22.6833	26065	99.73
m84010_220919_232145_s1/18617030/ccs	0.999602	34.0012	13597	99.99
m84010_220919_232145_s1/98895001/ccs	0.99969	35.0864	22503	99.69
m84010_220919_232145_s1/106301603/ccs	0.999571	33.6754	16629	99.85
m84010_220919_232145_s1/101388346/ccs	0.999221	31.0846	15322	99.78
m84010_220919_232145_s1/94572383/ccs	0.999558	33.5458	12858	99.98
m84010_220919_232145_s1/234818117/ccs	0.998106	27.2262	9967	99.81
m84010_220919_232145_s1/20385279/ccs	0.999478	32.8233	14162	99.85
m84010_220919_232145_s1/88016639/ccs	0.99999	50	5709	99.88
m84010_220919_232145_s1/25953756/ccs	0.997008	25.2404	11568	99.95
m84010_220919_232145_s1/255001890/ccs	0.997541	26.0924	24970	99.90
m84010_220919_232145_s1/215222865/ccs	0.998799	29.2046	12784	99.98
m84010_220919_232145_s1/163778485/ccs	0.999555	33.5164	17583	99.99
m84010_220919_232145_s1/81792430/ccs	0.995705	23.6704	3839	99.97
m84010_220919_232145_s1/215352628/ccs	0.996223	24.2285	18736	99.64
m84010_220919_232145_s1/93587785/ccs	0.999314	31.6368	14316	99.99
m84010_220919_232145_s1/206966706/ccs	0.996257	24.2678	6152	99.79
m84010_220919_232145_s1/225186516/ccs	0.999558	33.5458	14168	99.99
m84010_220919_232145_s1/181403915/ccs	0.999691	35.1004	10970	99.86
m84010_220919_232145_s1/82708112/ccs	0.998111	27.2377	5349	99.83
m84010_220919_232145_s1/64553571/ccs	0.998505	28.2536	14955	99.95
m84010_220919_232145_s1/261950581/ccs	0.999692	35.1145	16972	99.81
m84010_220919_232145_s1/128124122/ccs	0.999916	40.7572	10250	99.96
m84010_220919_232145_s1/43584403/ccs	0.999957	43.6653	15535	99.74
m84010_220919_232145_s1/43127711/ccs	0.999892	39.6658	11317	99.98
m84010_220919_232145_s1/235537299/ccs	0.999444	32.5493	17797	99.76
m84010_220919_232145_s1/51056611/ccs	0.998102	27.217	15429	99.79
m84010_220919_232145_s1/104730788/ccs	0.995714	23.6795	16903	99.68
m84010_220919_232145_s1/169875195/ccs	0.996764	24.8999	16414	99.89
m84010_220919_232145_s1/34735213/ccs	0.999773	36.4397	15032	99.98
m84010_220919_232145_s1/201000829/ccs	0.999882	39.2812	13977	99.74
m84010_220919_232145_s1/133174898/ccs	0.998229	27.5178	33649	99.99
m84010_220919_232145_s1/123799578/ccs	0.999474	32.7901	20615	99.78
m84010_220919_232145_s1/13762740/ccs	0.99074	20.3339	9141	99.76
m84010_220919_232145_s1/130616755/ccs	0.998079	27.1647	17534	99.98
m84010_220919_232145_s1/211357237/ccs	0.991504	20.7079	16588	99.59
m84010_220919_232145_s1/227475940/ccs	0.999843	38.041	20196	99.99
m84010_220919_232145_s1/104928965/ccs	0.999796	36.9037	19746	99.99
m84010_220919_232145_s1/47060318/ccs	0.999422	32.3807	12991	99.79
m84010_220919_232145_s1/216338713/ccs	0.999223	31.0958	15483	99.81
m84010_220919_232145_s1/181735796/ccs	0.999252	31.261	12090	99.99
m84010_220919_232145_s1/226299093/ccs	0.996409	24.4478	24701	99.67
m84010_220919_232145_s1/100404092/ccs	0.998702	28.8673	11435	100.00
m84010_220919_232145_s1/177669641/ccs	0.998876	29.4923	14622	100.00
m84010_220919_232145_s1/179311930/ccs	0.999756	36.1261	26506	99.75
m84010_220919_232145_s1/1642725/ccs	0.991375	20.6424	17820	99.92
m84010_220919_232145_s1/246484853/ccs	0.99983	37.6955	15203	99.99
m84010_220919_232145_s1/230298064/ccs	0.999965	44.5593	12916	100.00
m84010_220919_232145_s1/237441600/ccs	0.998491	28.2131	12144	99.99
m84010_220919_232145_s1/174593644/ccs	0.999968	44.9485	14147	100.00
m84010_220919_232145_s1/249629807/ccs	0.999387	32.1254	21426	100.00
m84010_220919_232145_s1/169280155/ccs	0.996495	24.5531	4743	100.00
m84010_220919_232145_s1/2821804/ccs	0.998409	27.9833	10072	99.95
m84010_220919_232145_s1/91554800/ccs	0.996373	24.4045	13213	99.89
m84010_220919_232145_s1/158995815/ccs	0.999583	33.7986	15189	99.78
m84010_220919_232145_s1/248055627/ccs	0.999551	33.4775	16840	99.99
m84010_220919_232145_s1/142869161/ccs	0.999883	39.3181	17272	99.99
m84010_220919_232145_s1/13828539/ccs	0.994867	22.8963	20527	99.99
m84010_220919_232145_s1/85393782/ccs	0.999758	36.1618	13474	100.00
m84010_220919_232145_s1/257886728/ccs	0.999661	34.698	13098	99.79
m84010_220919_232145_s1/182325154/ccs	0.998549	28.3833	17784	99.96
m84010_220919_232145_s1/239079907/ccs	0.99985	38.2391	11887	99.78
m84010_220919_232145_s1/29492008/ccs	0.999653	34.5967	11180	100.00
m84010_220919_232145_s1/90904117/ccs	0.999498	32.993	22408	99.72
m84010_220919_232145_s1/109842301/ccs	0.999878	39.1364	10987	100.00
m84010_220919_232145_s1/7407986/ccs	0.99979	36.7778	10257	100.00
m84010_220919_232145_s1/210506814/ccs	0.998485	28.1959	13970	99.69
m84010_220919_232145_s1/150078301/ccs	0.999935	41.8709	6924	100.00
m84010_220919_232145_s1/152441746/ccs	0.999869	38.8273	13543	99.99
m84010_220919_232145_s1/95029240/ccs	0.998624	28.6138	19479	99.98
m84010_220919_232145_s1/147260151/ccs	0.999967	44.8149	10261	99.73
m84010_220919_232145_s1/216798815/ccs	0.998831	29.3219	13134	99.98
m84010_220919_232145_s1/16586085/ccs	0.99962	34.2022	19516	99.99
m84010_220919_232145_s1/60036069/ccs	0.999759	36.1798	16097	100.00
m84010_220919_232145_s1/216925993/ccs	0.998553	28.3953	18667	99.99
m84010_220919_232145_s1/180945026/ccs	0.994752	22.8001	18743	99.88
m84010_220919_232145_s1/211812888/ccs	0.999798	36.9465	14164	99.73
m84010_220919_232145_s1/21501443/ccs	0.999662	34.7108	16372	99.99
m84010_220919_232145_s1/175309679/ccs	0.999932	41.6749	6651	100.00
m84010_220919_232145_s1/142805383/ccs	0.999904	40.1773	15135	100.00
m84010_220919_232145_s1/263586557/ccs	0.99974	35.8503	10616	100.00
m84010_220919_232145_s1/247534730/ccs	0.999267	31.349	21252	100.00
m84010_220919_232145_s1/241566404/ccs	0.999811	37.2354	8782	100.00
m84010_220919_232145_s1/202705211/ccs	0.997126	25.4151	20816	99.78
m84010_220919_232145_s1/179241727/ccs	0.999754	36.0906	6240	99.78
m84010_220919_232145_s1/151259268/ccs	0.995053	23.0566	8799	99.60
m84010_220919_232145_s1/121897346/ccs	0.999882	39.2812	15853	99.99
m84010_220919_232145_s1/189399388/ccs	0.999981	47.2125	6468	100.00
m84010_220919_232145_s1/193205676/ccs	0.999788	36.7366	18529	99.99
m84010_220919_232145_s1/187044836/ccs	0.999536	33.3348	10135	99.73
m84010_220919_232145_s1/241044718/ccs	0.999437	32.4949	16607	99.79
m84010_220919_232145_s1/63444501/ccs	0.998609	28.5667	17233	99.99
m84010_220919_232145_s1/105910684/ccs	0.999659	34.6725	14608	99.74
m84010_220919_232145_s1/265556142/ccs	0.999804	37.0774	4151	99.71
m84010_220919_232145_s1/51120801/ccs	0.996153	24.1488	13358	99.94
m84010_220919_232145_s1/142018240/ccs	0.998397	27.9507	11529	99.96
m84010_220919_232145_s1/3672948/ccs	0.999407	32.2695	21672	100.00
m84010_220919_232145_s1/255725531/ccs	0.999415	32.3284	13030	100.00
m84010_220919_232145_s1/79433582/ccs	0.991328	20.6188	16881	99.89
m84010_220919_232145_s1/152311569/ccs	0.999723	35.5752	10960	99.99
m84010_220919_232145_s1/70063104/ccs	0.998324	27.7573	16025	99.95
m84010_220919_232145_s1/135661169/ccs	0.999431	32.4489	7239	99.99
m84010_220919_232145_s1/45483014/ccs	0.99943	32.4413	13564	99.99
m84010_220919_232145_s1/172362366/ccs	0.999533	33.3068	15626	99.83
m84010_220919_232145_s1/237896774/ccs	0.999297	31.5304	15838	99.99
m84010_220919_232145_s1/6359963/ccs	0.996225	24.2308	18854	99.91
m84010_220919_232145_s1/95357599/ccs	0.996001	23.9805	7895	100.00
m84010_220919_232145_s1/107742785/ccs	0.99805	27.0997	23683	99.99
m84010_220919_232145_s1/76877865/ccs	0.998259	27.592	16105	99.80
m84010_220919_232145_s1/54006351/ccs	0.999181	30.8672	15734	99.82
m84010_220919_232145_s1/181539345/ccs	0.999705	35.3018	17799	99.99
m84010_220919_232145_s1/245829344/ccs	0.999074	30.3339	18345	99.97
m84010_220919_232145_s1/244255967/ccs	0.997656	26.3004	24242	99.99
m84010_220919_232145_s1/128586673/ccs	0.999929	41.4874	17241	99.99
m84010_220919_232145_s1/114950958/ccs	0.999725	35.6067	3640	99.97
m84010_220919_232145_s1/87951183/ccs	0.995041	23.0461	13168	99.95
m84010_220919_232145_s1/217646489/ccs	0.999466	32.7246	17388	99.99
m84010_220919_232145_s1/219157742/ccs	0.99946	32.6761	9785	99.74
m84010_220919_232145_s1/264373626/ccs	0.998874	29.4846	18533	99.99
m84010_220919_232145_s1/201524424/ccs	0.999412	32.3062	20632	99.99
m84010_220919_232145_s1/17237785/ccs	0.995622	23.5872	10187	99.85
m84010_220919_232145_s1/133958075/ccs	0.999506	33.0627	7828	100.00
m84010_220919_232145_s1/199168922/ccs	0.998331	27.7754	11720	99.65
m84010_220919_232145_s1/106826704/ccs	0.999185	30.8884	15727	99.84
m84010_220919_232145_s1/2429179/ccs	0.998327	27.765	17527	99.99
m84010_220919_232145_s1/191433187/ccs	0.99837	27.8781	17041	99.81
m84010_220919_232145_s1/81463378/ccs	0.999685	35.0169	5418	99.80
m84010_220919_232145_s1/215681849/ccs	0.999844	38.0688	16987	100.00
m84010_220919_232145_s1/149751397/ccs	0.999583	33.7986	15791	99.99
m84010_220919_232145_s1/102106631/ccs	0.996008	23.9881	7457	99.70
m84010_220919_232145_s1/84347173/ccs	0.996043	24.0263	18099	99.94
m84010_220919_232145_s1/123145160/ccs	0.998702	28.8673	4588	99.91
m84010_220919_232145_s1/89919776/ccs	0.999567	33.6351	10041	100.00
m84010_220919_232145_s1/46795259/ccs	0.99865	28.6967	13096	99.98
m84010_220919_232145_s1/178394325/ccs	0.999902	40.0877	6722	99.99
m84010_220919_232145_s1/188814027/ccs	0.998613	28.5792	5118	99.84
m84010_220919_232145_s1/197462713/ccs	0.999973	45.6864	9430	99.63
m84010_220919_232145_s1/103550222/ccs	0.998176	27.3898	10532	99.87
m84010_220919_232145_s1/72682989/ccs	0.999282	31.4388	11805	99.97
m84010_220919_232145_s1/39196246/ccs	0.999647	34.5223	13085	99.85
m84010_220919_232145_s1/259653832/ccs	0.997113	25.3955	9548	99.65
m84010_220919_232145_s1/93393545/ccs	0.992952	21.5193	22999	99.75
m84010_220919_232145_s1/253561006/ccs	0.999762	36.2342	14257	99.78
m84010_220919_232145_s1/6427835/ccs	0.998903	29.5979	12874	99.81
m84010_220919_232145_s1/132449233/ccs	0.997106	25.385	9931	99.98
m84010_220919_232145_s1/173870026/ccs	0.999894	39.7469	6217	99.65
m84010_220919_232145_s1/235606676/ccs	0.999745	35.9346	14526	99.99
m84010_220919_232145_s1/140707623/ccs	0.999037	30.1637	15437	99.99
m84010_220919_232145_s1/235541561/ccs	0.999759	36.1798	8754	99.99
m84010_220919_232145_s1/187830929/ccs	0.999923	41.1351	7985	99.92
m84010_220919_232145_s1/252384630/ccs	0.99899	29.9568	7292	99.85
m84010_220919_232145_s1/199823555/ccs	0.999204	30.9909	19764	99.99
m84010_220919_232145_s1/111609199/ccs	0.99683	24.9894	30123	99.96
m84010_220919_232145_s1/42734255/ccs	0.999847	38.1531	14223	99.99
m84010_220919_232145_s1/7410932/ccs	0.999206	31.0018	14641	99.99
m84010_220919_232145_s1/138675655/ccs	0.999671	34.828	4805	99.90
m84010_220919_232145_s1/36572736/ccs	0.99604	24.023	12269	99.74
m84010_220919_232145_s1/255398859/ccs	0.996585	24.6661	11606	99.96
m84010_220919_232145_s1/119146643/ccs	0.999913	40.6048	6575	99.83
m84010_220919_232145_s1/43978385/ccs	0.999561	33.5754	15975	99.95
m84010_220919_232145_s1/185077045/ccs	0.999598	33.9577	10928	100.00
m84010_220919_232145_s1/101781793/ccs	0.999938	42.0761	11141	100.00
m84010_220919_232145_s1/121047927/ccs	0.999491	32.9328	20467	100.00
m84010_220919_232145_s1/122225495/ccs	0.998075	27.1557	19082	99.89
m84010_220919_232145_s1/9437775/ccs	0.999365	31.9723	23511	99.94
m84010_220919_232145_s1/59707838/ccs	0.998852	29.4006	9452	100.00
m84010_220919_232145_s1/243668620/ccs	0.999338	31.7914	14644	99.99
m84010_220919_232145_s1/185210473/ccs	0.999721	35.544	18818	99.96
m84010_220919_232145_s1/131209053/ccs	0.999649	34.5469	24603	99.97
m84010_220919_232145_s1/146410224/ccs	0.999165	30.7831	16616	99.99
m84010_220919_232145_s1/235408522/ccs	0.998613	28.5792	5402	100.00
m84010_220919_232145_s1/49873037/ccs	0.994909	22.932	9882	99.85
m84010_220919_232145_s1/171902376/ccs	0.999507	33.0715	16652	99.94
m84010_220919_232145_s1/183044626/ccs	0.999803	37.0553	17819	99.99
m84010_220919_232145_s1/249893355/ccs	0.99862	28.6012	14680	99.99
m84010_220919_232145_s1/163583524/ccs	0.999036	30.1592	16497	99.99
m84010_220919_232145_s1/14488398/ccs	0.998986	29.9396	23484	99.99
m84010_220919_232145_s1/66914493/ccs	0.999153	30.7212	17202	99.98
m84010_220919_232145_s1/15275636/ccs	0.999573	33.6957	8835	99.99
m84010_220919_232145_s1/180748357/ccs	0.99676	24.8945	26176	99.95
m84010_220919_232145_s1/8787492/ccs	0.994337	22.4695	20349	99.93
m84010_220919_232145_s1/150406978/ccs	0.999117	30.5404	13527	99.97
m84010_220919_232145_s1/223351912/ccs	0.998207	27.4642	11806	99.92
m84010_220919_232145_s1/257952373/ccs	0.995208	23.1948	21362	99.95
m84010_220919_232145_s1/136909556/ccs	0.999382	32.0901	6010	99.86
m84010_220919_232145_s1/258610297/ccs	0.999747	35.9688	6533	99.87
m84010_220919_232145_s1/156898988/ccs	0.999326	31.7134	20558	99.93
m84010_220919_232145_s1/61804495/ccs	0.997303	25.6912	9719	99.82
m84010_220919_232145_s1/103023939/ccs	0.996168	24.1657	18572	99.90
m84010_220919_232145_s1/193728923/ccs	0.999473	32.7819	9564	100.00
m84010_220919_232145_s1/250808669/ccs	0.999357	31.9179	11916	99.98
m84010_220919_232145_s1/47776862/ccs	0.999603	34.0121	14171	99.99
m84010_220919_232145_s1/22614659/ccs	0.996887	25.0682	20962	99.95
m84010_220919_232145_s1/11864403/ccs	0.99982	37.4473	14067	100.00
m84010_220919_232145_s1/245371440/ccs	0.999954	43.3724	6070	100.00
m84010_220919_232145_s1/258084469/ccs	0.994808	22.8467	19822	99.97
m84010_220919_232145_s1/73664209/ccs	0.996795	24.9417	18467	99.94
m84010_220919_232145_s1/116786326/ccs	0.999414	32.321	19810	99.99
m84010_220919_232145_s1/150868453/ccs	0.990824	20.3735	15855	99.87
m84010_220919_232145_s1/245435286/ccs	0.999983	47.6955	9432	100.00
m84010_220919_232145_s1/156503236/ccs	0.998526	28.315	18129	99.98
m84010_220919_232145_s1/62918041/ccs	0.999694	35.1428	15573	100.00
m84010_220919_232145_s1/86704804/ccs	0.992544	21.2749	21383	99.49
m84010_220919_232145_s1/213713128/ccs	0.999829	37.67	19038	99.99
m84010_220919_232145_s1/251330803/ccs	0.999657	34.6471	23818	100.00
m84010_220919_232145_s1/201198996/ccs	0.99983	37.6955	3605	100.00
m84010_220919_232145_s1/31199714/ccs	0.998776	29.1222	20574	99.58
m84010_220919_232145_s1/13107589/ccs	0.99652	24.5842	15934	99.52
m84010_220919_232145_s1/245956723/ccs	0.999927	41.3668	17209	99.55
m84010_220919_232145_s1/203559141/ccs	0.99625	24.2597	18462	99.50
m84010_220919_232145_s1/233049359/ccs	0.999631	34.3297	18403	99.99
m84010_220919_232145_s1/67896531/ccs	0.998204	27.4569	26976	99.92
m84010_220919_232145_s1/124983089/ccs	0.999921	41.0237	15745	100.00
m84010_220919_232145_s1/42341256/ccs	0.999957	43.6653	12620	100.00
m84010_220919_232145_s1/65540851/ccs	0.999964	44.437	5795	99.98
m84010_220919_232145_s1/262148543/ccs	0.999953	43.279	9824	99.99
m84010_220919_232145_s1/166269960/ccs	0.991794	20.8587	20215	99.31
m84010_220919_232145_s1/129174846/ccs	0.999971	45.376	7362	99.99
m84010_220919_232145_s1/182192291/ccs	0.999985	48.2391	5720	100.00
m84010_220919_232145_s1/46990300/ccs	0.998787	29.1614	17523	99.98
m84010_220919_232145_s1/224070107/ccs	0.999915	40.7058	10465	99.99
m84010_220919_232145_s1/129631275/ccs	0.998802	29.2154	15956	99.99
m84010_220919_232145_s1/154010392/ccs	0.999949	42.9243	11904	100.00
m84010_220919_232145_s1/250153932/ccs	0.999679	34.9349	16880	99.55
m84010_220919_232145_s1/103421681/ccs	0.999486	32.8904	13447	99.52
m84010_220919_232145_s1/51906593/ccs	0.99944	32.5181	14560	99.99
m84010_220919_232145_s1/195822207/ccs	0.999354	31.8977	25627	99.95
m84010_220919_232145_s1/113115938/ccs	0.999559	33.5556	24760	99.95
m84010_220919_232145_s1/204150265/ccs	0.999589	33.8616	14990	99.99
m84010_220919_232145_s1/65868624/ccs	0.999979	46.7778	5145	99.98
m84010_220919_232145_s1/203688881/ccs	0.999947	42.7572	16236	99.99
m84010_220919_232145_s1/72679520/ccs	0.999488	32.9073	12997	99.53
m84010_220919_232145_s1/213123247/ccs	0.999452	32.6122	16462	99.59
m84010_220919_232145_s1/180752246/ccs	0.999732	35.7187	15798	99.99
m84010_220919_232145_s1/201397357/ccs	0.999401	32.2257	18529	99.99
m84010_220919_232145_s1/125964422/ccs	0.998595	28.5232	18108	99.97
m84010_220919_232145_s1/192155222/ccs	0.999602	34.0012	14711	99.97
m84010_220919_232145_s1/116458857/ccs	0.998697	28.8506	21439	99.92
m84010_220919_232145_s1/48500157/ccs	0.996217	24.2216	20336	99.85
m84010_220919_232145_s1/195168746/ccs	0.999918	40.8619	15423	99.96
m84010_220919_232145_s1/44632262/ccs	0.99976	36.1979	14900	99.98
m84010_220919_232145_s1/206635578/ccs	0.9959	23.8722	21380	99.86
m84010_220919_232145_s1/134482259/ccs	0.999594	33.9147	21347	99.92
m84010_220919_232145_s1/73467575/ccs	0.994215	22.377	20539	99.86
m84010_220919_232145_s1/216143546/ccs	0.996278	24.2922	12003	99.91
m84010_220919_232145_s1/227940045/ccs	0.999942	42.3657	14032	99.96
m84010_220919_232145_s1/190648299/ccs	0.995736	23.7018	5672	99.89
m84010_220919_232145_s1/126685980/ccs	0.994305	22.4451	24466	99.92
m84010_220919_232145_s1/230364193/ccs	0.999167	30.7935	19726	99.90
m84010_220919_232145_s1/131076211/ccs	0.999933	41.7393	12241	99.98
m84010_220919_232145_s1/140054025/ccs	0.999731	35.7025	15177	99.92
m84010_220919_232145_s1/76350515/ccs	0.999147	30.6905	14315	99.92
m84010_220919_232145_s1/91885638/ccs	0.999966	44.6852	6362	99.98
m84010_220919_232145_s1/40961534/ccs	0.999897	39.8716	15030	99.92
m84010_220919_232145_s1/165940669/ccs	0.99787	26.7162	15245	99.86
m84010_220919_232145_s1/40374688/ccs	0.997808	26.5916	17330	99.92
m84010_220919_232145_s1/111217547/ccs	0.999367	31.986	17670	99.90
m84010_220919_232145_s1/16716478/ccs	0.999313	31.6304	21413	99.91
m84010_220919_232145_s1/185210788/ccs	0.999984	47.9588	12215	99.94
m84010_220919_232145_s1/89461980/ccs	0.999893	39.7062	16126	99.92
m84010_220919_232145_s1/176755097/ccs	1	60	2918	100.00
m84010_220919_232145_s1/141235371/ccs	0.999946	42.6761	15448	99.75
m84010_220919_232145_s1/227938377/ccs	0.995519	23.4863	9834	99.58
m84010_220919_232145_s1/205063101/ccs	1	60	6596	99.85
m84010_220919_232145_s1/239800166/ccs	0.997056	25.3106	19217	99.86
m84010_220919_232145_s1/173342920/ccs	0.999988	49.2082	7315	99.86
m84010_220919_232145_s1/258869093/ccs	0.999862	38.6012	6207	99.65
m84010_220919_232145_s1/253496900/ccs	0.998312	27.7263	16649	99.90
m84010_220919_232145_s1/211815381/ccs	0.99989	39.5861	15428	99.75
m84010_220919_232145_s1/189271241/ccs	0.999119	30.5502	13361	99.91
m84010_220919_232145_s1/33095891/ccs	0.999759	36.1798	20355	99.91
m84010_220919_232145_s1/43976819/ccs	0.999824	37.5449	21591	99.91
m84010_220919_232145_s1/38143704/ccs	0.997823	26.6214	20866	99.87
m84010_220919_232145_s1/158139189/ccs	0.996038	24.0209	19101	99.83
m84010_220919_232145_s1/133697426/ccs	0.999991	50.4576	11368	99.79
m84010_220919_232145_s1/133567888/ccs	0.998145	27.3166	11996	99.65
m84010_220919_232145_s1/155520872/ccs	0.999331	31.7457	16034	99.88
m84010_220919_232145_s1/265618049/ccs	0.999892	39.6658	11781	99.73
m84010_220919_232145_s1/234689265/ccs	0.998241	27.5473	24127	99.91
m84010_220919_232145_s1/168560912/ccs	0.999743	35.9007	14086	99.75
m84010_220919_232145_s1/137495294/ccs	0.999508	33.0803	7516	99.96
m84010_220919_232145_s1/35722835/ccs	0.997972	26.9293	21813	99.87
m84010_220919_232145_s1/15992205/ccs	0.999277	31.4086	3860	99.82
m84010_220919_232145_s1/58786456/ccs	0.99973	35.6864	6575	99.77
m84010_220919_232145_s1/21040009/ccs	0.997018	25.2549	21252	99.88
m84010_220919_232145_s1/31326306/ccs	0.999386	32.1183	20757	99.91
m84010_220919_232145_s1/244255131/ccs	0.998343	27.8068	23819	99.88
m84010_220919_232145_s1/189400519/ccs	0.999988	49.2082	3467	99.97
m84010_220919_232145_s1/251726124/ccs	0.9998	36.9897	13357	99.88
m84010_220919_232145_s1/175113698/ccs	0.995797	23.7644	18936	99.66
m84010_220919_232145_s1/13894751/ccs	0.999647	34.5223	22973	99.90
m84010_220919_232145_s1/256772950/ccs	0.995645	23.6101	11485	99.76
m84010_220919_232145_s1/214434538/ccs	0.999447	32.5727	14202	99.89
m84010_220919_232145_s1/2689217/ccs	0.999662	34.7108	4481	99.91
m84010_220919_232145_s1/100731436/ccs	0.993605	21.9416	2060	100.00
m84010_220919_232145_s1/141299716/ccs	0.999938	42.0761	14762	99.88
m84010_220919_232145_s1/129829158/ccs	0.997268	25.6352	13800	99.80
m84010_220919_232145_s1/80412803/ccs	1	60	3675	99.89
m84010_220919_232145_s1/261752093/ccs	0.999827	37.6195	17446	99.89
