read_id	rq	qv	read_length	iden
m84010_220919_235306_s2/222759330/ccs	0.996012	23.9924	22613	99.20
m84010_220919_235306_s2/47519568/ccs	0.990311	20.1372	19921	99.40
m84010_220919_235306_s2/164036974/ccs	0.996482	24.537	18141	99.19
m84010_220919_235306_s2/227608871/ccs	0.990138	20.0604	18806	99.45
m84010_220919_235306_s2/247466515/ccs	0.990134	20.0586	19391	99.41
m84010_220919_235306_s2/123343807/ccs	0.99679	24.9349	18080	98.39
m84010_220919_235306_s2/44108761/ccs	0.995051	23.0548	16637	99.35
m84010_220919_235306_s2/154863945/ccs	0.999726	35.6225	14552	99.66
m84010_220919_235306_s2/87035512/ccs	0.998604	28.5511	15643	99.73
m84010_220919_235306_s2/185799895/ccs	0.999919	40.9151	8437	99.56
m84010_220919_235306_s2/249630589/ccs	0.993766	22.0523	14478	99.65
m84010_220919_235306_s2/189399695/ccs	0.999726	35.6225	16523	99.74
m84010_220919_235306_s2/90770846/ccs	0.999902	40.0877	16774	99.74
m84010_220919_235306_s2/15274945/ccs	0.9996	33.9794	14557	99.81
m84010_220919_235306_s2/14617322/ccs	0.996645	24.7431	11195	99.46
m84010_220919_235306_s2/204605580/ccs	0.993082	21.6002	10302	99.49
m84010_220919_235306_s2/254610322/ccs	0.998796	29.1937	14828	99.72
m84010_220919_235306_s2/64159810/ccs	0.999946	42.6761	14513	99.49
m84010_220919_235306_s2/107874905/ccs	0.998663	28.7387	17329	99.73
m84010_220919_235306_s2/184028290/ccs	0.99996	43.9794	10252	99.26
m84010_220919_235306_s2/12849057/ccs	0.999125	30.5799	14762	99.42
m84010_220919_235306_s2/228918303/ccs	0.999732	35.7187	9655	98.91
m84010_220919_235306_s2/11274324/ccs	0.99955	33.4679	8253	99.31
m84010_220919_235306_s2/104400680/ccs	0.997553	26.1137	14088	99.87
m84010_220919_235306_s2/197853868/ccs	0.99418	22.3508	20318	99.77
m84010_220919_235306_s2/185207393/ccs	0.99961	34.0894	18695	99.91
m84010_220919_235306_s2/230299411/ccs	0.995989	23.9675	29680	99.90
m84010_220919_235306_s2/126157030/ccs	0.99973	35.6864	21782	99.91
m84010_220919_235306_s2/86904730/ccs	0.999549	33.4582	16757	99.92
m84010_220919_235306_s2/212469962/ccs	0.99977	36.3827	15538	99.92
m84010_220919_235306_s2/46926998/ccs	0.998822	29.2885	19261	99.90
m84010_220919_235306_s2/161744657/ccs	0.997879	26.7346	3307	99.76
m84010_220919_235306_s2/178460258/ccs	0.999742	35.8838	20088	99.91
m84010_220919_235306_s2/28248802/ccs	0.99947	32.7572	22336	99.91
m84010_220919_235306_s2/243598452/ccs	0.999362	31.9518	20236	99.92
m84010_220919_235306_s2/48103898/ccs	0.996982	25.2028	8199	99.96
m84010_220919_235306_s2/162532952/ccs	0.999345	31.8376	20874	99.94
m84010_220919_235306_s2/137496758/ccs	0.999752	36.0555	18153	99.94
m84010_220919_235306_s2/134350469/ccs	0.998942	29.7551	18036	99.93
m84010_220919_235306_s2/110104143/ccs	0.999115	30.5306	21138	99.95
m84010_220919_235306_s2/250937553/ccs	0.999491	32.9328	15165	99.95
m84010_220919_235306_s2/97060322/ccs	0.999859	38.5078	3552	100.00
m84010_220919_235306_s2/196085193/ccs	0.999907	40.3152	13235	99.94
m84010_220919_235306_s2/128844875/ccs	0.99686	25.0307	14268	99.90
m84010_220919_235306_s2/251924141/ccs	0.999942	42.3657	6853	99.64
m84010_220919_235306_s2/228069252/ccs	0.999824	37.5449	11258	99.91
m84010_220919_235306_s2/77076135/ccs	0.999982	47.4473	9283	99.91
m84010_220919_235306_s2/245241205/ccs	0.999527	33.2514	15530	99.93
m84010_220919_235306_s2/190845686/ccs	0.999424	32.3958	16926	99.49
m84010_220919_235306_s2/265097411/ccs	0.999962	44.2022	6050	99.92
m84010_220919_235306_s2/30085667/ccs	0.999695	35.157	18677	99.94
m84010_220919_235306_s2/215812299/ccs	0.999282	31.4388	7405	99.91
m84010_220919_235306_s2/246483203/ccs	0.996428	24.4709	17905	99.88
m84010_220919_235306_s2/187110027/ccs	0.996931	25.13	21127	99.92
m84010_220919_235306_s2/70781213/ccs	0.999203	30.9854	20218	99.91
m84010_220919_235306_s2/107940130/ccs	0.999978	46.5758	9799	99.92
m84010_220919_235306_s2/168297301/ccs	0.998778	29.1293	21094	99.35
m84010_220919_235306_s2/169415963/ccs	0.999344	31.831	2739	99.40
m84010_220919_235306_s2/112266294/ccs	0.998893	29.5585	15323	99.36
m84010_220919_235306_s2/171182359/ccs	0.994977	22.9904	17764	99.84
m84010_220919_235306_s2/68948923/ccs	0.99964	34.437	17340	99.95
m84010_220919_235306_s2/96211473/ccs	1	60	6786	99.56
m84010_220919_235306_s2/199295264/ccs	0.999969	45.0864	3673	99.95
m84010_220919_235306_s2/67964746/ccs	0.999381	32.0831	17211	99.95
m84010_220919_235306_s2/216863037/ccs	0.999757	36.1439	9794	99.47
m84010_220919_235306_s2/229642342/ccs	0.999918	40.8619	7706	99.97
m84010_220919_235306_s2/234554140/ccs	0.999921	41.0237	9901	99.95
m84010_220919_235306_s2/55772233/ccs	0.99992	40.9691	5113	99.51
m84010_220919_235306_s2/129110783/ccs	0.999851	38.2681	4765	99.98
m84010_220919_235306_s2/129898024/ccs	0.999394	32.1753	13334	99.95
m84010_220919_235306_s2/182523199/ccs	0.999672	34.8413	15473	99.95
m84010_220919_235306_s2/125306354/ccs	0.999845	38.0967	4912	99.39
m84010_220919_235306_s2/98045112/ccs	0.999584	33.8091	15415	99.95
m84010_220919_235306_s2/109970132/ccs	0.99997	45.2288	5367	99.40
m84010_220919_235306_s2/221578453/ccs	0.997616	26.2269	8929	99.34
m84010_220919_235306_s2/81792087/ccs	0.999573	33.6957	9995	99.34
m84010_220919_235306_s2/19465498/ccs	0.998703	28.8706	12641	99.92
m84010_220919_235306_s2/47911876/ccs	0.999861	38.5699	13541	99.94
m84010_220919_235306_s2/96605625/ccs	0.999952	43.1876	8918	99.93
m84010_220919_235306_s2/187371392/ccs	0.999145	30.6803	19390	99.94
m84010_220919_235306_s2/88998578/ccs	0.999999	60	3569	99.89
m84010_220919_235306_s2/43456271/ccs	0.99993	41.549	5082	99.94
m84010_220919_235306_s2/227803704/ccs	0.998941	29.751	15494	99.93
m84010_220919_235306_s2/251004012/ccs	0.99948	32.84	17112	99.96
m84010_220919_235306_s2/75109342/ccs	0.999696	35.1713	16277	99.97
m84010_220919_235306_s2/116986412/ccs	0.993485	21.8609	9564	99.76
m84010_220919_235306_s2/49681738/ccs	0.999673	34.8545	15006	99.97
m84010_220919_235306_s2/186978662/ccs	0.999779	36.5561	15593	99.96
m84010_220919_235306_s2/263325362/ccs	0.998393	27.9398	12971	99.92
m84010_220919_235306_s2/226362190/ccs	0.999521	33.1966	14420	99.97
m84010_220919_235306_s2/199429174/ccs	1	60	1905	100.00
m84010_220919_235306_s2/235147732/ccs	0.998491	28.2131	22435	99.91
m84010_220919_235306_s2/133828998/ccs	0.995818	23.7862	24328	99.86
m84010_220919_235306_s2/14880958/ccs	0.999626	34.2713	12822	99.94
m84010_220919_235306_s2/128520143/ccs	0.999938	42.0761	6191	99.92
m84010_220919_235306_s2/76286401/ccs	0.999465	32.7165	4447	99.93
m84010_220919_235306_s2/157879713/ccs	0.99442	22.5337	9585	99.90
m84010_220919_235306_s2/137365463/ccs	0.991669	20.793	20780	99.81
m84010_220919_235306_s2/60298962/ccs	0.999559	33.5556	16471	99.91
m84010_220919_235306_s2/190317327/ccs	0.999719	35.5129	18758	99.93
m84010_220919_235306_s2/64820625/ccs	0.999875	39.0309	9562	99.97
m84010_220919_235306_s2/12849309/ccs	0.999304	31.5739	13987	99.91
m84010_220919_235306_s2/114104223/ccs	0.999744	35.9176	14703	99.91
m84010_220919_235306_s2/108859197/ccs	0.997945	26.8719	13728	99.89
m84010_220919_235306_s2/96666908/ccs	0.995517	23.4843	18600	99.78
m84010_220919_235306_s2/108071417/ccs	0.997828	26.6314	13973	99.89
m84010_220919_235306_s2/240194084/ccs	0.999753	36.073	17524	99.93
m84010_220919_235306_s2/100274406/ccs	0.999653	34.5967	16978	99.93
m84010_220919_235306_s2/177997113/ccs	0.99807	27.1444	21549	99.90
m84010_220919_235306_s2/98570433/ccs	0.999958	43.7675	9490	99.88
m84010_220919_235306_s2/75628849/ccs	0.999878	39.1364	16287	99.92
m84010_220919_235306_s2/179373998/ccs	0.999807	37.1444	13603	99.92
m84010_220919_235306_s2/45483563/ccs	0.999614	34.1341	15357	99.92
m84010_220919_235306_s2/91423492/ccs	0.995803	23.7706	18557	99.91
m84010_220919_235306_s2/229049823/ccs	0.998968	29.8632	6949	99.47
m84010_220919_235306_s2/28969522/ccs	0.999775	36.4782	14384	99.95
m84010_220919_235306_s2/255395734/ccs	0.999722	35.5596	16709	99.55
m84010_220919_235306_s2/92866889/ccs	0.999479	32.8316	12466	99.94
m84010_220919_235306_s2/135595670/ccs	0.999551	33.4775	18773	99.58
m84010_220919_235306_s2/111214991/ccs	0.997519	26.0537	30244	99.52
m84010_220919_235306_s2/186715997/ccs	0.999646	34.51	20345	99.63
m84010_220919_235306_s2/166201960/ccs	0.999004	30.0174	18982	99.60
m84010_220919_235306_s2/121635354/ccs	0.997905	26.7882	25333	99.67
m84010_220919_235306_s2/256642566/ccs	0.999644	34.4855	19350	99.62
m84010_220919_235306_s2/73924704/ccs	0.999725	35.6067	14580	99.96
m84010_220919_235306_s2/15337647/ccs	0.999495	32.9671	21777	99.66
m84010_220919_235306_s2/203817353/ccs	0.998807	29.2336	20684	99.65
m84010_220919_235306_s2/118885965/ccs	0.998229	27.5178	18878	99.62
m84010_220919_235306_s2/137892017/ccs	0.999952	43.1876	13255	99.55
m84010_220919_235306_s2/106957554/ccs	0.999134	30.6248	13499	99.96
m84010_220919_235306_s2/74715524/ccs	0.999295	31.5181	12058	99.96
m84010_220919_235306_s2/100734513/ccs	0.999977	46.3827	12396	99.95
m84010_220919_235306_s2/78909253/ccs	0.999997	55.2288	10687	99.24
m84010_220919_235306_s2/231215076/ccs	0.996894	25.078	24711	99.67
m84010_220919_235306_s2/82906617/ccs	0.998514	28.2798	12463	99.55
m84010_220919_235306_s2/179962450/ccs	0.996782	24.9241	15924	99.87
m84010_220919_235306_s2/62849093/ccs	0.998351	27.8278	10170	99.19
m84010_220919_235306_s2/211293618/ccs	0.999146	30.6854	15586	99.62
m84010_220919_235306_s2/235670441/ccs	0.999853	38.3268	5127	99.96
m84010_220919_235306_s2/94835106/ccs	0.998632	28.6391	15128	99.90
m84010_220919_235306_s2/16651301/ccs	0.999108	30.4964	12981	99.58
m84010_220919_235306_s2/146215377/ccs	0.999217	31.0624	24234	99.55
m84010_220919_235306_s2/63767952/ccs	0.999821	37.4715	11361	99.58
m84010_220919_235306_s2/208405000/ccs	0.999894	39.7469	8586	99.46
m84010_220919_235306_s2/124324246/ccs	0.998997	29.987	17806	99.71
m84010_220919_235306_s2/104728759/ccs	0.994762	22.8083	19784	99.62
m84010_220919_235306_s2/197921965/ccs	0.999746	35.9517	8262	99.95
m84010_220919_235306_s2/128322050/ccs	0.997829	26.6334	20502	99.92
m84010_220919_235306_s2/34999331/ccs	0.996413	24.4527	12948	99.59
m84010_220919_235306_s2/263394205/ccs	0.999768	36.3451	17632	99.74
m84010_220919_235306_s2/260313549/ccs	0.998652	28.7031	13510	99.91
m84010_220919_235306_s2/228262502/ccs	0.999424	32.3958	23022	99.59
m84010_220919_235306_s2/239406932/ccs	0.999803	37.0553	18210	99.76
m84010_220919_235306_s2/233310353/ccs	0.99858	28.4771	19690	99.75
m84010_220919_235306_s2/82708805/ccs	0.998549	28.3833	6830	99.59
m84010_220919_235306_s2/105845394/ccs	0.999654	34.6092	18400	99.76
m84010_220919_235306_s2/82513555/ccs	0.999643	34.4733	25303	99.74
m84010_220919_235306_s2/143986613/ccs	0.999948	42.84	7532	99.67
m84010_220919_235306_s2/248908683/ccs	0.998524	28.3091	11677	99.91
m84010_220919_235306_s2/132978058/ccs	0.99992	40.9691	14260	99.80
m84010_220919_235306_s2/246615871/ccs	0.998751	29.0344	9162	99.91
m84010_220919_235306_s2/57412125/ccs	0.997599	26.1961	16038	99.36
m84010_220919_235306_s2/210043353/ccs	0.999898	39.914	12967	99.92
m84010_220919_235306_s2/108333404/ccs	0.999642	34.4612	19624	99.48
m84010_220919_235306_s2/176100495/ccs	0.999772	36.4207	12049	99.83
m84010_220919_235306_s2/258216435/ccs	0.998847	29.3817	17442	99.48
m84010_220919_235306_s2/207030024/ccs	0.999766	36.3078	17347	99.49
m84010_220919_235306_s2/137889510/ccs	0.999066	30.2965	2126	100.00
m84010_220919_235306_s2/198119401/ccs	0.999996	53.9794	8834	99.45
m84010_220919_235306_s2/37815027/ccs	0.999705	35.3018	13238	99.86
m84010_220919_235306_s2/248514891/ccs	0.998703	28.8706	12514	99.87
m84010_220919_235306_s2/154931135/ccs	0.999415	32.3284	21588	99.83
m84010_220919_235306_s2/136315277/ccs	0.999352	31.8842	17460	99.58
m84010_220919_235306_s2/116195479/ccs	0.999656	34.6344	18064	99.58
m84010_220919_235306_s2/189139363/ccs	0.999235	31.1634	3381	99.97
m84010_220919_235306_s2/43848158/ccs	0.999936	41.9382	13639	99.93
m84010_220919_235306_s2/80481526/ccs	0.999867	38.7615	15980	99.85
m84010_220919_235306_s2/243730218/ccs	0.999718	35.4975	13285	99.92
m84010_220919_235306_s2/129569225/ccs	0.99985	38.2391	15729	99.87
m84010_220919_235306_s2/106627344/ccs	0.999526	33.2422	13906	99.92
m84010_220919_235306_s2/110105863/ccs	0.99994	42.2185	17362	99.91
m84010_220919_235306_s2/244192086/ccs	0.999531	33.2883	18082	99.61
m84010_220919_235306_s2/44499775/ccs	0.99816	27.3518	17543	99.89
m84010_220919_235306_s2/59905913/ccs	0.999678	34.9214	13070	99.87
m84010_220919_235306_s2/196282310/ccs	0.998834	29.333	3461	99.94
m84010_220919_235306_s2/60489838/ccs	0.996028	24.0099	7739	99.56
m84010_220919_235306_s2/250479317/ccs	0.999419	32.3582	8586	99.62
m84010_220919_235306_s2/187764258/ccs	0.999841	37.986	17950	99.86
m84010_220919_235306_s2/85788665/ccs	0.999908	40.3621	13095	99.92
m84010_220919_235306_s2/54726154/ccs	0.999586	33.83	17255	99.62
m84010_220919_235306_s2/258147830/ccs	0.999989	49.5861	9064	99.92
m84010_220919_235306_s2/62656632/ccs	0.998855	29.4119	14485	99.63
m84010_220919_235306_s2/229182437/ccs	0.996518	24.5817	9989	99.89
m84010_220919_235306_s2/226891356/ccs	0.998403	27.967	7974	99.89
m84010_220919_235306_s2/89131214/ccs	0.990415	20.1841	18318	99.82
m84010_220919_235306_s2/125305903/ccs	0.999832	37.7469	14432	99.86
m84010_220919_235306_s2/46338364/ccs	0.993515	21.8809	18827	99.62
m84010_220919_235306_s2/260244689/ccs	0.997305	25.6944	13546	99.84
m84010_220919_235306_s2/85983501/ccs	0.999824	37.5449	3705	99.95
m84010_220919_235306_s2/73925765/ccs	0.995362	23.3367	16471	99.81
m84010_220919_235306_s2/129240786/ccs	0.999266	31.343	15726	99.84
m84010_220919_235306_s2/53872104/ccs	0.999833	37.7728	13128	99.83
m84010_220919_235306_s2/236064061/ccs	0.999324	31.7005	8726	99.89
m84010_220919_235306_s2/15140314/ccs	0.999459	32.668	16182	99.79
m84010_220919_235306_s2/38931714/ccs	0.99985	38.2391	15754	99.84
m84010_220919_235306_s2/80679853/ccs	0.995047	23.0513	14518	99.68
m84010_220919_235306_s2/234292535/ccs	0.998631	28.636	18840	99.78
m84010_220919_235306_s2/42078605/ccs	0.997789	26.5541	14626	99.86
m84010_220919_235306_s2/195035924/ccs	0.999997	55.2288	10384	99.89
m84010_220919_235306_s2/244913651/ccs	0.995332	23.3087	13328	99.76
m84010_220919_235306_s2/143065766/ccs	0.999104	30.4769	3553	99.86
m84010_220919_235306_s2/70847219/ccs	0.999918	40.8619	8781	99.87
m84010_220919_235306_s2/169608766/ccs	0.999965	44.5593	6504	99.92
m84010_220919_235306_s2/202313933/ccs	0.998678	28.7877	12619	99.90
m84010_220919_235306_s2/202774139/ccs	1	60	4904	99.92
m84010_220919_235306_s2/10818519/ccs	0.998313	27.7288	7310	99.89
m84010_220919_235306_s2/42796325/ccs	0.993069	21.592	18811	99.72
m84010_220919_235306_s2/197333891/ccs	0.999892	39.6658	13183	99.80
m84010_220919_235306_s2/174065645/ccs	0.999459	32.668	12797	99.79
m84010_220919_235306_s2/119669624/ccs	0.998476	28.1702	12559	99.82
m84010_220919_235306_s2/58987611/ccs	0.999545	33.4199	15728	99.90
m84010_220919_235306_s2/39522058/ccs	0.998437	28.0604	11169	99.80
m84010_220919_235306_s2/203297660/ccs	0.99995	43.0103	12190	99.78
m84010_220919_235306_s2/161614295/ccs	0.999372	32.0204	10518	99.90
m84010_220919_235306_s2/70910168/ccs	0.999531	33.2883	12754	99.83
m84010_220919_235306_s2/239473647/ccs	0.999805	37.0997	18074	99.77
m84010_220919_235306_s2/169086806/ccs	0.999436	32.4872	13106	99.91
m84010_220919_235306_s2/242289330/ccs	0.999414	32.321	11317	99.82
m84010_220919_235306_s2/216272718/ccs	0.995436	23.4065	12601	99.86
m84010_220919_235306_s2/208343028/ccs	0.997844	26.6635	15732	99.85
m84010_220919_235306_s2/200083808/ccs	0.999903	40.1323	8681	99.85
m84010_220919_235306_s2/160106585/ccs	0.995024	23.0312	10961	99.84
m84010_220919_235306_s2/222432033/ccs	0.999942	42.3657	10250	99.88
m84010_220919_235306_s2/53023502/ccs	0.999829	37.67	16562	99.78
m84010_220919_235306_s2/73864607/ccs	0.999881	39.2445	15994	99.75
m84010_220919_235306_s2/182782206/ccs	0.999952	43.1876	2635	99.81
m84010_220919_235306_s2/76418317/ccs	0.999837	37.8781	8089	99.89
m84010_220919_235306_s2/236848895/ccs	1	60	4910	99.88
m84010_220919_235306_s2/95618617/ccs	0.992226	21.0936	10278	99.59
m84010_220919_235306_s2/103158915/ccs	0.999968	44.9485	10611	99.63
m84010_220919_235306_s2/68357633/ccs	0.999731	35.7025	19985	99.89
m84010_220919_235306_s2/90900199/ccs	0.999938	42.0761	3838	99.84
m84010_220919_235306_s2/100142790/ccs	0.999799	36.968	10785	99.72
m84010_220919_235306_s2/53809394/ccs	0.999845	38.0967	7585	99.87
m84010_220919_235306_s2/129368383/ccs	0.997905	26.7882	8030	99.89
m84010_220919_235306_s2/181864885/ccs	0.992651	21.3377	18739	99.61
m84010_220919_235306_s2/241109175/ccs	0.992832	21.446	6410	99.56
m84010_220919_235306_s2/93455768/ccs	0.999855	38.3863	13672	99.74
m84010_220919_235306_s2/224925011/ccs	0.999279	31.4206	16101	99.80
m84010_220919_235306_s2/225577451/ccs	0.999749	36.0033	12168	99.76
m84010_220919_235306_s2/147260624/ccs	0.997537	26.0854	18391	99.74
m84010_220919_235306_s2/128323010/ccs	0.999084	30.381	13389	99.75
m84010_220919_235306_s2/249497658/ccs	0.999277	31.4086	19619	99.83
m84010_220919_235306_s2/158138769/ccs	0.998642	28.671	2928	99.86
m84010_220919_235306_s2/140050698/ccs	0.999999	60	4214	99.91
m84010_220919_235306_s2/60233225/ccs	0.999432	32.4565	3685	99.89
m84010_220919_235306_s2/80742494/ccs	0.999535	33.3255	14198	99.90
m84010_220919_235306_s2/103418798/ccs	0.999711	35.391	8111	99.92
m84010_220919_235306_s2/24707986/ccs	0.99921	31.0237	4217	99.88
m84010_220919_235306_s2/88084639/ccs	0.999864	38.6646	11648	99.91
m84010_220919_235306_s2/146541427/ccs	0.999938	42.0761	3592	99.67
m84010_220919_235306_s2/145101416/ccs	0.999293	31.5058	10691	99.76
m84010_220919_235306_s2/197921773/ccs	0.998619	28.5981	11690	99.88
m84010_220919_235306_s2/163252900/ccs	0.997126	25.4151	12905	99.90
m84010_220919_235306_s2/232590444/ccs	0.996205	24.2079	17703	99.80
m84010_220919_235306_s2/169481634/ccs	0.995309	23.2873	16989	99.60
m84010_220919_235306_s2/217058836/ccs	0.999667	34.7756	12980	99.91
m84010_220919_235306_s2/28378171/ccs	0.999512	33.1158	15976	99.87
m84010_220919_235306_s2/131533565/ccs	0.996956	25.1656	14838	99.84
m84010_220919_235306_s2/233049632/ccs	0.999923	41.1351	3575	99.66
m84010_220919_235306_s2/8651778/ccs	0.997599	26.1961	23324	99.67
m84010_220919_235306_s2/225118658/ccs	0.999529	33.2698	7719	99.88
m84010_220919_235306_s2/140579617/ccs	0.999899	39.9568	15917	99.85
m84010_220919_235306_s2/191301516/ccs	0.999191	30.9205	7631	99.79
m84010_220919_235306_s2/119277512/ccs	0.999823	37.5203	13023	99.87
m84010_220919_235306_s2/195821725/ccs	0.999947	42.7572	8552	99.73
m84010_220919_235306_s2/96667551/ccs	0.999727	35.6384	11255	99.80
m84010_220919_235306_s2/158469499/ccs	0.999671	34.828	20635	99.65
m84010_220919_235306_s2/170721517/ccs	0.999972	45.5284	6054	99.82
m84010_220919_235306_s2/263261756/ccs	0.999766	36.3078	11490	99.75
m84010_220919_235306_s2/259392199/ccs	0.997241	25.5925	21847	99.51
m84010_220919_235306_s2/142280504/ccs	0.999832	37.7469	8819	99.74
m84010_220919_235306_s2/86115176/ccs	0.999481	32.8483	15162	99.61
m84010_220919_235306_s2/27263817/ccs	0.996383	24.4165	5158	99.59
m84010_220919_235306_s2/149885709/ccs	0.99984	37.9588	7452	99.71
m84010_220919_235306_s2/128254192/ccs	0.998109	27.2331	5114	99.55
m84010_220919_235306_s2/2692268/ccs	0.999636	34.389	12852	99.91
m84010_220919_235306_s2/92538181/ccs	0.99892	29.6658	4730	99.98
m84010_220919_235306_s2/256051702/ccs	0.995386	23.3592	17397	99.79
m84010_220919_235306_s2/84023146/ccs	0.999806	37.122	6194	99.76
m84010_220919_235306_s2/40307067/ccs	0.999137	30.6399	16257	99.35
m84010_220919_235306_s2/191106360/ccs	0.999825	37.5696	16131	99.46
m84010_220919_235306_s2/170068796/ccs	0.999795	36.8825	10228	99.43
m84010_220919_235306_s2/159323464/ccs	0.998579	28.4741	10505	99.48
m84010_220919_235306_s2/163252287/ccs	0.995071	23.0724	10668	99.19
m84010_220919_235306_s2/211158698/ccs	0.995026	23.0329	20586	99.56
m84010_220919_235306_s2/143787983/ccs	0.991647	20.7816	21484	99.59
m84010_220919_235306_s2/114626271/ccs	0.995812	23.7799	15327	99.27
m84010_220919_235306_s2/130486188/ccs	0.995423	23.3942	13382	99.74
m84010_220919_235306_s2/170332523/ccs	0.992912	21.4948	11225	99.63
m84010_220919_235306_s2/237963230/ccs	0.999397	32.1968	15016	99.92
m84010_220919_235306_s2/99946761/ccs	0.99371	22.0135	12785	99.45
m84010_220919_235306_s2/150210926/ccs	0.999131	30.6098	11733	99.96
m84010_220919_235306_s2/66524967/ccs	0.990385	20.1705	15016	99.55
m84010_220919_235306_s2/52826969/ccs	0.999547	33.439	17368	98.08
m84010_220919_235306_s2/43323640/ccs	0.998827	29.307	10395	97.92
m84010_220919_235306_s2/227871854/ccs	0.998684	28.8074	20085	98.10
m84010_220919_235306_s2/251464153/ccs	0.999063	30.2826	13153	97.88
m84010_220919_235306_s2/133563028/ccs	0.999462	32.6922	13333	98.09
m84010_220919_235306_s2/94964506/ccs	0.998153	27.3353	20616	98.16
m84010_220919_235306_s2/158796431/ccs	0.999799	36.968	12608	98.06
m84010_220919_235306_s2/91752755/ccs	0.992981	21.5372	17926	98.07
m84010_220919_235306_s2/256838122/ccs	0.999849	38.2102	7535	99.96
m84010_220919_235306_s2/51318495/ccs	0.999965	44.5593	6092	99.64
m84010_220919_235306_s2/175179837/ccs	0.999241	31.1976	10541	99.98
m84010_220919_235306_s2/148246272/ccs	0.999963	44.318	6099	99.54
m84010_220919_235306_s2/247794095/ccs	0.998757	29.0553	20274	98.53
m84010_220919_235306_s2/174456878/ccs	0.99992	40.9691	13561	99.98
m84010_220919_235306_s2/105911673/ccs	0.999391	32.1538	16758	98.86
m84010_220919_235306_s2/190846210/ccs	0.999762	36.2342	17663	98.89
m84010_220919_235306_s2/218957957/ccs	0.998036	27.0686	16302	99.95
m84010_220919_235306_s2/16190887/ccs	0.999438	32.5026	4596	99.06
m84010_220919_235306_s2/110231708/ccs	0.999297	31.5304	16046	98.56
m84010_220919_235306_s2/146737424/ccs	0.99955	33.4679	19044	98.54
m84010_220919_235306_s2/255658500/ccs	0.999108	30.4964	13059	99.98
m84010_220919_235306_s2/118293769/ccs	0.998197	27.44	20997	98.98
m84010_220919_235306_s2/180618968/ccs	0.998682	28.8008	17586	99.98
m84010_220919_235306_s2/219742697/ccs	0.99999	50	9694	98.87
m84010_220919_235306_s2/99158839/ccs	0.999729	35.6703	14196	99.98
m84010_220919_235306_s2/53480250/ccs	0.999622	34.2251	9894	98.56
m84010_220919_235306_s2/110823770/ccs	0.99878	29.1364	11996	98.51
m84010_220919_235306_s2/106107545/ccs	0.999847	38.1531	12574	99.99
m84010_220919_235306_s2/166528475/ccs	0.99382	22.0901	15911	99.91
m84010_220919_235306_s2/260968922/ccs	0.999951	43.098	14312	98.92
m84010_220919_235306_s2/159584568/ccs	0.999862	38.6012	18834	98.48
m84010_220919_235306_s2/233767191/ccs	0.998655	28.7128	18458	98.99
m84010_220919_235306_s2/152897639/ccs	0.999619	34.1908	12244	99.98
m84010_220919_235306_s2/40962465/ccs	0.999747	35.9688	11609	99.99
m84010_220919_235306_s2/130876975/ccs	0.999451	32.6043	14208	99.98
m84010_220919_235306_s2/35719300/ccs	0.995035	23.0408	9929	98.24
m84010_220919_235306_s2/249042582/ccs	0.998429	28.0382	17044	98.44
m84010_220919_235306_s2/175573189/ccs	0.999693	35.1286	15657	98.44
m84010_220919_235306_s2/212011059/ccs	0.999589	33.8616	8662	98.81
m84010_220919_235306_s2/30675988/ccs	0.999521	33.1966	18096	98.39
m84010_220919_235306_s2/227153192/ccs	0.999986	48.5387	9899	99.99
m84010_220919_235306_s2/211093956/ccs	0.999978	46.5758	12933	99.99
m84010_220919_235306_s2/245959525/ccs	0.997177	25.4929	10473	98.35
m84010_220919_235306_s2/208145318/ccs	0.998388	27.9263	13690	99.93
m84010_220919_235306_s2/138741080/ccs	0.998002	26.994	14580	99.99
m84010_220919_235306_s2/39519471/ccs	0.999927	41.3668	12733	98.41
m84010_220919_235306_s2/91362303/ccs	0.999913	40.6048	6794	98.22
m84010_220919_235306_s2/47060439/ccs	0.999868	38.7943	5287	99.98
m84010_220919_235306_s2/208077641/ccs	0.999868	38.7943	17145	99.99
m84010_220919_235306_s2/74257198/ccs	0.999514	33.1336	16524	98.32
m84010_220919_235306_s2/254547401/ccs	0.999975	46.0206	9933	98.27
m84010_220919_235306_s2/184025912/ccs	0.999948	42.84	12457	99.99
m84010_220919_235306_s2/73339066/ccs	0.999923	41.1351	15705	99.99
m84010_220919_235306_s2/135729253/ccs	0.9995	33.0103	10926	99.99
m84010_220919_235306_s2/164565478/ccs	0.999715	35.4516	12786	100.00
m84010_220919_235306_s2/54987655/ccs	0.999532	33.2975	10273	100.00
m84010_220919_235306_s2/221187116/ccs	0.999918	40.8619	11709	100.00
m84010_220919_235306_s2/75172271/ccs	0.997752	26.482	9766	100.00
m84010_220919_235306_s2/163582655/ccs	0.999985	48.2391	4817	100.00
m84010_220919_235306_s2/177409306/ccs	0.990132	20.0577	5339	99.89
m84010_220919_235306_s2/163843000/ccs	0.999916	40.7572	9304	98.02
m84010_220919_235306_s2/237899619/ccs	0.999813	37.2816	17595	98.06
m84010_220919_235306_s2/123471569/ccs	0.999385	32.1112	6185	100.00
m84010_220919_235306_s2/92275879/ccs	0.999349	31.8642	26792	99.98
m84010_220919_235306_s2/201463210/ccs	0.999826	37.5945	24187	99.47
m84010_220919_235306_s2/117507681/ccs	0.998393	27.9398	19477	99.44
m84010_220919_235306_s2/140971566/ccs	0.999272	31.3787	23673	99.57
m84010_220919_235306_s2/26871969/ccs	0.99884	29.3554	19148	99.96
m84010_220919_235306_s2/33226896/ccs	0.99887	29.4692	18379	99.96
m84010_220919_235306_s2/87097415/ccs	0.999752	36.0555	17598	99.90
m84010_220919_235306_s2/218370093/ccs	0.999292	31.4997	10919	99.50
m84010_220919_235306_s2/132711645/ccs	0.998391	27.9344	18216	99.88
m84010_220919_235306_s2/110428428/ccs	0.999304	31.5739	15879	99.90
m84010_220919_235306_s2/239734505/ccs	0.999305	31.5802	16022	99.97
m84010_220919_235306_s2/205655312/ccs	0.998288	27.665	9219	99.89
m84010_220919_235306_s2/242551173/ccs	0.997957	26.8973	10397	99.44
m84010_220919_235306_s2/54138482/ccs	0.999979	46.7778	12177	99.90
m84010_220919_235306_s2/131468936/ccs	0.999726	35.6225	12220	99.50
m84010_220919_235306_s2/170527959/ccs	0.999776	36.4975	4295	99.92
m84010_220919_235306_s2/99549775/ccs	0.999298	31.5366	10220	99.64
m84010_220919_235306_s2/52104089/ccs	0.990786	20.3555	20132	99.97
m84010_220919_235306_s2/132388234/ccs	0.997365	25.7922	14791	99.42
m84010_220919_235306_s2/214827684/ccs	0.998991	29.9611	17115	99.52
m84010_220919_235306_s2/143266277/ccs	0.99783	26.6354	16378	99.98
m84010_220919_235306_s2/61145125/ccs	0.999544	33.4104	12353	99.50
m84010_220919_235306_s2/162072689/ccs	0.999394	32.1753	13664	99.97
m84010_220919_235306_s2/216466924/ccs	0.998422	28.0189	10416	99.44
m84010_220919_235306_s2/143724194/ccs	0.999378	32.0621	18373	99.45
m84010_220919_235306_s2/181535171/ccs	0.999276	31.4026	16749	99.90
m84010_220919_235306_s2/176491729/ccs	0.999721	35.544	16849	99.97
m84010_220919_235306_s2/246088193/ccs	0.992195	21.0763	18908	99.76
m84010_220919_235306_s2/82248052/ccs	0.997741	26.4608	18793	99.96
m84010_220919_235306_s2/84021103/ccs	0.998157	27.3447	9859	99.48
m84010_220919_235306_s2/73467028/ccs	0.999985	48.2391	6502	99.89
m84010_220919_235306_s2/244976029/ccs	0.999858	38.4771	13382	99.57
m84010_220919_235306_s2/107222902/ccs	0.999825	37.5696	17163	99.64
m84010_220919_235306_s2/157552691/ccs	0.999549	33.4582	21387	99.93
m84010_220919_235306_s2/6424987/ccs	0.998935	29.7265	17761	99.63
m84010_220919_235306_s2/12783331/ccs	0.997294	25.6767	19249	99.83
m84010_220919_235306_s2/63898406/ccs	0.998849	29.3892	19155	99.98
m84010_220919_235306_s2/24646092/ccs	0.998179	27.3969	12958	99.89
m84010_220919_235306_s2/241438338/ccs	0.999534	33.3161	19425	99.63
m84010_220919_235306_s2/69342716/ccs	0.999835	37.8252	10683	99.41
m84010_220919_235306_s2/36439166/ccs	0.99503	23.0364	15555	99.34
m84010_220919_235306_s2/253366008/ccs	0.99996	43.9794	5887	99.54
m84010_220919_235306_s2/255264380/ccs	0.992636	21.3289	14694	99.53
m84010_220919_235306_s2/226692487/ccs	0.999905	40.2228	15621	99.90
m84010_220919_235306_s2/218695165/ccs	0.994965	22.98	10826	99.85
m84010_220919_235306_s2/206442110/ccs	0.999734	35.7512	16196	99.51
m84010_220919_235306_s2/34931131/ccs	0.99983	37.6955	13044	99.67
m84010_220919_235306_s2/27136240/ccs	0.999825	37.5696	13376	99.97
m84010_220919_235306_s2/156829469/ccs	0.999936	41.9382	11992	99.97
m84010_220919_235306_s2/124980590/ccs	0.998966	29.8548	19736	99.67
m84010_220919_235306_s2/213715374/ccs	0.999816	37.3518	15337	99.68
m84010_220919_235306_s2/102831218/ccs	0.99983	37.6955	18124	99.70
m84010_220919_235306_s2/37754731/ccs	0.999571	33.6754	11045	99.71
m84010_220919_235306_s2/251727921/ccs	0.998206	27.4618	10116	99.70
m84010_220919_235306_s2/145096890/ccs	0.999982	47.4473	10974	99.90
m84010_220919_235306_s2/5702402/ccs	0.99987	38.8606	15419	99.98
m84010_220919_235306_s2/40768326/ccs	0.999765	36.2893	6985	99.97
m84010_220919_235306_s2/192940956/ccs	0.999698	35.1999	6976	99.76
m84010_220919_235306_s2/84020904/ccs	0.999621	34.2136	15395	99.71
m84010_220919_235306_s2/248644660/ccs	0.998971	29.8758	22166	99.67
m84010_220919_235306_s2/175968054/ccs	0.99895	29.7881	18107	99.67
m84010_220919_235306_s2/123275205/ccs	0.999609	34.0782	16059	99.92
m84010_220919_235306_s2/182979039/ccs	0.99678	24.9214	18267	99.93
m84010_220919_235306_s2/136514418/ccs	0.996469	24.521	11668	99.50
m84010_220919_235306_s2/215812977/ccs	0.999938	42.0761	10150	100.00
m84010_220919_235306_s2/163450341/ccs	0.99991	40.4576	14237	99.77
m84010_220919_235306_s2/35131336/ccs	0.999881	39.2445	3486	100.00
m84010_220919_235306_s2/13374977/ccs	0.999861	38.5699	14570	99.76
m84010_220919_235306_s2/211944361/ccs	0.999499	33.0016	26328	99.94
m84010_220919_235306_s2/60428015/ccs	0.997987	26.9616	11410	99.57
m84010_220919_235306_s2/197985906/ccs	0.99952	33.1876	12043	99.58
m84010_220919_235306_s2/256709358/ccs	0.999235	31.1634	15355	99.70
m84010_220919_235306_s2/21564801/ccs	0.997859	26.6938	26170	99.86
m84010_220919_235306_s2/223154980/ccs	0.999771	36.4016	9586	99.57
m84010_220919_235306_s2/211358130/ccs	0.991938	20.9356	11555	99.39
m84010_220919_235306_s2/261621921/ccs	0.999873	38.962	10320	99.99
m84010_220919_235306_s2/199497616/ccs	0.999791	36.7985	24705	99.99
m84010_220919_235306_s2/199888345/ccs	0.999143	30.6702	21974	99.97
m84010_220919_235306_s2/217318581/ccs	0.992948	21.5169	16879	99.29
m84010_220919_235306_s2/29495853/ccs	0.996655	24.756	22595	99.52
m84010_220919_235306_s2/35852313/ccs	0.996616	24.7057	10929	99.73
m84010_220919_235306_s2/258343443/ccs	0.999829	37.67	14699	99.73
m84010_220919_235306_s2/148703313/ccs	0.999896	39.8297	16028	99.53
m84010_220919_235306_s2/90967096/ccs	0.998908	29.6178	21435	99.36
m84010_220919_235306_s2/234620878/ccs	0.999878	39.1364	15891	99.99
m84010_220919_235306_s2/108664396/ccs	1	60	2451	99.71
m84010_220919_235306_s2/198313037/ccs	0.999965	44.5593	8131	99.91
m84010_220919_235306_s2/147262074/ccs	0.997659	26.306	13974	99.99
m84010_220919_235306_s2/138482493/ccs	0.999743	35.9007	5705	99.93
m84010_220919_235306_s2/231017500/ccs	0.999778	36.5365	18512	99.99
m84010_220919_235306_s2/224396912/ccs	0.999839	37.9317	10287	99.47
m84010_220919_235306_s2/114300462/ccs	0.999029	30.1278	19492	99.99
m84010_220919_235306_s2/56951402/ccs	0.999308	31.5989	19580	99.99
m84010_220919_235306_s2/49091512/ccs	0.999906	40.2687	8668	99.75
m84010_220919_235306_s2/222301490/ccs	0.999902	40.0877	17027	99.35
m84010_220919_235306_s2/7735759/ccs	0.999236	31.1691	16817	99.93
m84010_220919_235306_s2/9896633/ccs	0.999631	34.3297	16033	99.94
m84010_220919_235306_s2/195825194/ccs	0.999789	36.7572	15705	99.67
m84010_220919_235306_s2/161617527/ccs	0.99963	34.318	15725	99.66
m84010_220919_235306_s2/216273291/ccs	0.99861	28.5699	4435	100.00
m84010_220919_235306_s2/67965441/ccs	0.996697	24.8109	14621	99.66
m84010_220919_235306_s2/64361043/ccs	0.999866	38.729	11573	99.48
m84010_220919_235306_s2/21500280/ccs	0.999623	34.2366	18493	99.65
m84010_220919_235306_s2/77398462/ccs	0.998267	27.612	11725	99.46
m84010_220919_235306_s2/144970946/ccs	0.997932	26.8445	12455	99.93
m84010_220919_235306_s2/94831399/ccs	0.999162	30.7676	19176	99.96
m84010_220919_235306_s2/127207245/ccs	0.999912	40.5552	10779	99.93
m84010_220919_235306_s2/142803148/ccs	0.999695	35.157	19900	99.94
m84010_220919_235306_s2/256577439/ccs	0.999717	35.4821	17111	99.99
m84010_220919_235306_s2/183960934/ccs	0.998862	29.4386	6215	99.71
m84010_220919_235306_s2/236388857/ccs	0.999339	31.798	11830	99.92
m84010_220919_235306_s2/257168850/ccs	0.996861	25.0321	13969	99.94
m84010_220919_235306_s2/260377759/ccs	0.999784	36.6555	13887	99.58
m84010_220919_235306_s2/9111305/ccs	0.999985	48.2391	5432	99.91
m84010_220919_235306_s2/64361402/ccs	0.999106	30.4866	15400	99.95
m84010_220919_235306_s2/180029407/ccs	0.994669	22.7319	20292	99.53
m84010_220919_235306_s2/36701626/ccs	0.999726	35.6225	8227	99.93
m84010_220919_235306_s2/45683099/ccs	0.999283	31.4448	15550	99.99
m84010_220919_235306_s2/238685272/ccs	0.999481	32.8483	17088	99.22
m84010_220919_235306_s2/66719361/ccs	0.999183	30.8778	23165	99.24
m84010_220919_235306_s2/61216677/ccs	0.999469	32.7491	24106	99.25
m84010_220919_235306_s2/202900145/ccs	0.997435	25.9091	16554	99.24
m84010_220919_235306_s2/148179508/ccs	0.999779	36.5561	17747	99.20
m84010_220919_235306_s2/183440484/ccs	0.999713	35.4212	10939	99.26
m84010_220919_235306_s2/31460400/ccs	0.999611	34.1005	13100	99.63
m84010_220919_235306_s2/233768087/ccs	0.998754	29.0448	18110	99.57
m84010_220919_235306_s2/134942462/ccs	0.999472	32.7737	15695	99.59
m84010_220919_235306_s2/159846544/ccs	0.998769	29.0974	15459	99.24
m84010_220919_235306_s2/229709555/ccs	0.99807	27.1444	25002	99.98
m84010_220919_235306_s2/38798347/ccs	0.998309	27.7186	17549	99.57
m84010_220919_235306_s2/38999585/ccs	0.999169	30.804	17369	99.95
m84010_220919_235306_s2/252906831/ccs	0.999872	38.9279	9402	99.30
m84010_220919_235306_s2/180753655/ccs	0.99995	43.0103	10338	99.61
m84010_220919_235306_s2/205391494/ccs	0.999704	35.2871	11814	99.97
m84010_220919_235306_s2/98043511/ccs	0.999921	41.0237	10428	99.99
m84010_220919_235306_s2/197067667/ccs	0.999888	39.5078	5357	99.68
m84010_220919_235306_s2/186388122/ccs	0.99946	32.6761	16185	99.99
m84010_220919_235306_s2/240518398/ccs	0.999912	40.5552	11768	100.00
m84010_220919_235306_s2/118622787/ccs	0.999942	42.3657	5823	99.69
m84010_220919_235306_s2/143069210/ccs	0.999861	38.5699	8976	100.00
m84010_220919_235306_s2/175445425/ccs	0.99997	45.2288	10648	99.97
m84010_220919_235306_s2/140381701/ccs	0.999822	37.4958	7087	99.65
m84010_220919_235306_s2/191237269/ccs	0.997442	25.921	14745	99.52
m84010_220919_235306_s2/244977242/ccs	0.999326	31.7134	5723	99.70
m84010_220919_235306_s2/187897069/ccs	0.999849	38.2102	19577	99.99
m84010_220919_235306_s2/122621236/ccs	0.999786	36.6959	12074	99.53
m84010_220919_235306_s2/140252669/ccs	0.999946	42.6761	13988	99.99
m84010_220919_235306_s2/23461971/ccs	1	60	5072	99.64
m84010_220919_235306_s2/45160076/ccs	0.999833	37.7728	4221	99.53
m84010_220919_235306_s2/157287534/ccs	0.996161	24.1578	9614	99.86
m84010_220919_235306_s2/248188081/ccs	0.999893	39.7062	8552	99.99
m84010_220919_235306_s2/108334010/ccs	0.99749	26.0033	16072	99.96
m84010_220919_235306_s2/231478442/ccs	0.997732	26.4436	6901	99.94
m84010_220919_235306_s2/129765705/ccs	0.998897	29.5742	25030	99.94
m84010_220919_235306_s2/212473072/ccs	0.999254	31.2726	14027	99.26
m84010_220919_235306_s2/12388505/ccs	0.999794	36.8613	18621	99.99
m84010_220919_235306_s2/241899033/ccs	0.999834	37.7989	14889	99.31
m84010_220919_235306_s2/110495667/ccs	0.997956	26.8952	5834	100.00
m84010_220919_235306_s2/197330708/ccs	0.999744	35.9176	20371	99.95
m84010_220919_235306_s2/40439768/ccs	0.999743	35.9007	22271	99.95
m84010_220919_235306_s2/242620089/ccs	0.994945	22.9628	12453	99.90
m84010_220919_235306_s2/79302838/ccs	0.999482	32.8567	14988	99.30
m84010_220919_235306_s2/48040255/ccs	0.999165	30.7831	13812	99.27
m84010_220919_235306_s2/99353344/ccs	0.999774	36.4589	10380	99.96
m84010_220919_235306_s2/211096293/ccs	0.999924	41.1919	5991	99.45
m84010_220919_235306_s2/151918161/ccs	0.999512	33.1158	4706	99.13
m84010_220919_235306_s2/103483279/ccs	1	60	4314	99.44
m84010_220919_235306_s2/237507570/ccs	0.999376	32.0482	16617	99.95
m84010_220919_235306_s2/152045912/ccs	0.999833	37.7728	15527	99.95
m84010_220919_235306_s2/86577966/ccs	0.999906	40.2687	13369	99.99
m84010_220919_235306_s2/241435249/ccs	0.999557	33.536	7865	99.10
m84010_220919_235306_s2/180750064/ccs	0.999783	36.6354	13164	99.25
m84010_220919_235306_s2/118492600/ccs	0.99864	28.6646	13800	99.93
m84010_220919_235306_s2/145494371/ccs	0.997004	25.2346	14293	99.92
m84010_220919_235306_s2/21890212/ccs	0.999772	36.4207	13570	99.26
m84010_220919_235306_s2/181737281/ccs	0.999907	40.3152	14805	99.99
m84010_220919_235306_s2/177998499/ccs	0.999488	32.9073	16827	99.99
m84010_220919_235306_s2/200741999/ccs	0.999977	46.3827	10070	99.16
m84010_220919_235306_s2/235408091/ccs	1	60	2829	99.96
m84010_220919_235306_s2/98436665/ccs	0.999332	31.7522	17775	99.99
m84010_220919_235306_s2/54723485/ccs	0.994321	22.4573	3487	98.97
m84010_220919_235306_s2/166465791/ccs	0.999349	31.8642	4419	99.98
m84010_220919_235306_s2/263195737/ccs	0.996081	24.0682	15280	99.94
m84010_220919_235306_s2/82188043/ccs	0.999951	43.098	14535	99.31
m84010_220919_235306_s2/131991563/ccs	0.999847	38.1531	8670	99.99
m84010_220919_235306_s2/222303005/ccs	0.999947	42.7572	11829	99.99
m84010_220919_235306_s2/108989975/ccs	0.999173	30.8249	17211	99.93
m84010_220919_235306_s2/31593313/ccs	0.996139	24.133	12066	99.91
m84010_220919_235306_s2/173345415/ccs	0.99998	46.9897	11419	99.99
m84010_220919_235306_s2/178653091/ccs	0.999915	40.7058	13663	99.38
m84010_220919_235306_s2/116985982/ccs	0.999838	37.9048	17060	99.99
m84010_220919_235306_s2/34082175/ccs	0.999929	41.4874	12420	99.99
m84010_220919_235306_s2/255462988/ccs	0.999979	46.7778	6887	99.99
m84010_220919_235306_s2/208867712/ccs	0.99999	50	9164	99.99
m84010_220919_235306_s2/10620719/ccs	0.999999	60	5213	99.98
m84010_220919_235306_s2/73532463/ccs	0.999649	34.5469	5946	100.00
m84010_220919_235306_s2/125243168/ccs	0.996607	24.6942	4235	99.93
m84010_220919_235306_s2/248778401/ccs	1	60	5516	100.00
m84010_220919_235306_s2/56035617/ccs	1	60	3675	99.67
m84010_220919_235306_s2/209654555/ccs	0.999192	30.9259	6443	100.00
m84010_220919_235306_s2/204800756/ccs	0.996582	24.6623	15253	98.60
m84010_220919_235306_s2/174067478/ccs	0.992776	21.4122	11999	98.30
m84010_220919_235306_s2/117574653/ccs	0.999662	34.7108	9096	98.53
m84010_220919_235306_s2/57148178/ccs	0.999709	35.3611	9693	98.62
m84010_220919_235306_s2/114625927/ccs	0.991665	20.7909	9942	98.65
m84010_220919_235306_s2/216930181/ccs	0.993625	21.9552	11095	99.38
m84010_220919_235306_s2/85197586/ccs	0.99992	40.9691	3633	99.75
m84010_220919_235306_s2/151194135/ccs	0.999729	35.6703	4021	99.25
m84010_220919_235306_s2/259393017/ccs	0.99604	24.023	6332	99.21
m84010_220919_235306_s2/121700611/ccs	0.999873	38.962	6812	99.41
m84010_220919_235306_s2/98113149/ccs	0.999985	48.2391	13485	99.45
m84010_220919_235306_s2/237571044/ccs	0.999395	32.1824	13648	99.47
m84010_220919_235306_s2/254411550/ccs	0.993887	22.1375	9639	98.66
m84010_220919_235306_s2/92866360/ccs	0.999483	32.8651	20172	99.99
m84010_220919_235306_s2/155456586/ccs	0.999911	40.5061	10890	99.42
m84010_220919_235306_s2/112465389/ccs	0.999518	33.1695	17885	100.00
m84010_220919_235306_s2/162858582/ccs	0.999895	39.7881	13147	98.78
m84010_220919_235306_s2/189470135/ccs	0.999868	38.7943	14007	98.84
m84010_220919_235306_s2/148177530/ccs	0.999855	38.3863	10479	99.98
m84010_220919_235306_s2/160699048/ccs	0.996355	24.383	18532	98.81
m84010_220919_235306_s2/116590674/ccs	0.998201	27.4497	8819	99.99
m84010_220919_235306_s2/250154177/ccs	0.999549	33.4582	14510	98.75
m84010_220919_235306_s2/110690795/ccs	0.999574	33.7059	20614	100.00
m84010_220919_235306_s2/131798606/ccs	0.995437	23.4075	11662	99.95
m84010_220919_235306_s2/24056599/ccs	0.999976	46.1979	10875	100.00
m84010_220919_235306_s2/105254661/ccs	0.999834	37.7989	13190	99.56
m84010_220919_235306_s2/142804457/ccs	0.999617	34.168	15020	99.99
m84010_220919_235306_s2/251725066/ccs	0.999202	30.98	10518	99.66
m84010_220919_235306_s2/187567869/ccs	0.999947	42.7572	10026	99.65
m84010_220919_235306_s2/204475881/ccs	0.999362	31.9518	24334	99.73
m84010_220919_235306_s2/190251327/ccs	0.999723	35.5752	22042	99.66
m84010_220919_235306_s2/122622996/ccs	1	60	4705	100.00
m84010_220919_235306_s2/23271081/ccs	0.999915	40.7058	16697	99.70
m84010_220919_235306_s2/233377209/ccs	0.999843	38.041	14855	99.69
m84010_220919_235306_s2/17762533/ccs	0.993939	22.1746	20491	99.66
m84010_220919_235306_s2/73204648/ccs	0.999736	35.784	17512	99.74
m84010_220919_235306_s2/111155046/ccs	0.994375	22.4988	8213	99.85
m84010_220919_235306_s2/203687961/ccs	0.993434	21.827	21993	99.81
m84010_220919_235306_s2/152307775/ccs	0.999177	30.846	5942	99.98
m84010_220919_235306_s2/56100784/ccs	0.998066	27.1354	5496	99.98
m84010_220919_235306_s2/66000458/ccs	0.994214	22.3762	17197	99.64
m84010_220919_235306_s2/118621495/ccs	0.999677	34.908	18549	99.78
m84010_220919_235306_s2/131401290/ccs	0.999786	36.6959	15557	99.70
m84010_220919_235306_s2/215680752/ccs	0.999886	39.431	10253	99.76
m84010_220919_235306_s2/45549809/ccs	0.999927	41.3668	11777	99.78
m84010_220919_235306_s2/239799100/ccs	0.998913	29.6377	5665	99.75
m84010_220919_235306_s2/21499685/ccs	0.999137	30.6399	15885	99.79
m84010_220919_235306_s2/16979416/ccs	0.999965	44.5593	12642	99.98
m84010_220919_235306_s2/176690584/ccs	0.998305	27.7083	16022	99.81
m84010_220919_235306_s2/210503295/ccs	0.999921	41.0237	14597	99.82
m84010_220919_235306_s2/87753658/ccs	0.999635	34.3771	13992	99.99
m84010_220919_235306_s2/2821149/ccs	0.999632	34.3415	17892	99.99
m84010_220919_235306_s2/256379514/ccs	0.998699	28.8572	17558	99.98
m84010_220919_235306_s2/34734604/ccs	0.999093	30.4239	22903	99.99
m84010_220919_235306_s2/2101317/ccs	0.99985	38.2391	15360	99.85
m84010_220919_235306_s2/176166151/ccs	0.999953	43.279	13536	99.87
m84010_220919_235306_s2/253759401/ccs	0.999801	37.0115	8827	99.82
m84010_220919_235306_s2/105121978/ccs	0.999488	32.9073	11606	99.83
m84010_220919_235306_s2/188681410/ccs	0.999646	34.51	13963	99.99
m84010_220919_235306_s2/50205912/ccs	0.999799	36.968	13173	98.39
m84010_220919_235306_s2/159779796/ccs	0.999136	30.6349	4660	99.83
m84010_220919_235306_s2/190843466/ccs	0.997775	26.5267	11460	99.75
m84010_220919_235306_s2/40896765/ccs	0.999816	37.3518	20776	99.74
m84010_220919_235306_s2/10617939/ccs	0.999051	30.2273	18850	99.85
m84010_220919_235306_s2/240583876/ccs	0.999888	39.5078	12736	99.93
m84010_220919_235306_s2/46599252/ccs	0.999672	34.8413	19941	99.92
m84010_220919_235306_s2/239998244/ccs	0.999823	37.5203	7932	99.99
m84010_220919_235306_s2/232787802/ccs	0.999158	30.7469	14072	99.93
m84010_220919_235306_s2/122688639/ccs	0.990677	20.3044	14677	99.98
m84010_220919_235306_s2/11274349/ccs	0.998936	29.7306	23873	99.91
m84010_220919_235306_s2/20646194/ccs	0.99982	37.4473	8124	99.93
m84010_220919_235306_s2/100796457/ccs	0.999691	35.1004	13181	99.99
m84010_220919_235306_s2/144183458/ccs	0.999402	32.233	15406	99.84
m84010_220919_235306_s2/26282493/ccs	0.996045	24.0285	19984	99.85
m84010_220919_235306_s2/231608465/ccs	0.999442	32.5337	16631	99.99
m84010_220919_235306_s2/17367966/ccs	0.999356	31.9111	26289	99.85
m84010_220919_235306_s2/245173490/ccs	0.999911	40.5061	11052	99.93
m84010_220919_235306_s2/229379258/ccs	0.999843	38.041	14086	99.94
m84010_220919_235306_s2/259263460/ccs	0.998847	29.3817	12062	99.85
m84010_220919_235306_s2/52169991/ccs	0.999974	45.8503	7861	99.99
m84010_220919_235306_s2/151262023/ccs	0.999978	46.5758	7726	99.87
m84010_220919_235306_s2/88282052/ccs	0.999552	33.4872	13701	99.99
m84010_220919_235306_s2/101844778/ccs	0.999013	30.0568	24898	99.93
m84010_220919_235306_s2/188549013/ccs	1	60	4404	100.00
m84010_220919_235306_s2/98042545/ccs	0.999841	37.986	10973	99.99
m84010_220919_235306_s2/209193544/ccs	0.99891	29.6257	5928	99.98
m84010_220919_235306_s2/202047637/ccs	0.997043	25.2915	11498	99.83
m84010_220919_235306_s2/206833071/ccs	0.999973	45.6864	8966	99.99
m84010_220919_235306_s2/227344454/ccs	0.991317	20.6133	19594	99.84
m84010_220919_235306_s2/163253880/ccs	0.999865	38.6967	8203	99.99
m84010_220919_235306_s2/220007186/ccs	0.997683	26.3507	14797	99.98
m84010_220919_235306_s2/262345158/ccs	0.999885	39.393	4323	99.84
m84010_220919_235306_s2/207028607/ccs	0.9999	40	8484	99.91
m84010_220919_235306_s2/116266376/ccs	0.999033	30.1457	18399	99.92
m84010_220919_235306_s2/17568551/ccs	0.997961	26.9058	10295	99.97
m84010_220919_235306_s2/187107587/ccs	0.999868	38.7943	19363	99.78
m84010_220919_235306_s2/169345685/ccs	0.999099	30.4528	6354	100.00
m84010_220919_235306_s2/65735982/ccs	0.999741	35.867	17699	99.99
m84010_220919_235306_s2/72027869/ccs	0.996769	24.9066	17809	99.92
m84010_220919_235306_s2/122948178/ccs	0.996704	24.8201	22728	99.74
m84010_220919_235306_s2/203297912/ccs	0.999879	39.1721	8102	99.90
m84010_220919_235306_s2/88802718/ccs	0.999222	31.0902	16292	100.00
m84010_220919_235306_s2/104138089/ccs	0.999337	31.7849	17956	99.88
m84010_220919_235306_s2/45222731/ccs	0.998263	27.602	14172	99.99
m84010_220919_235306_s2/107222111/ccs	0.998304	27.7057	25396	99.66
m84010_220919_235306_s2/38278474/ccs	0.999963	44.318	6212	99.98
m84010_220919_235306_s2/78778527/ccs	0.99975	36.0206	13106	99.99
m84010_220919_235306_s2/62327846/ccs	0.99915	30.7058	15720	99.97
m84010_220919_235306_s2/60621467/ccs	0.992134	21.0425	15047	99.86
m84010_220919_235306_s2/136253601/ccs	0.999542	33.3913	14232	100.00
m84010_220919_235306_s2/255787890/ccs	0.999544	33.4104	7799	99.99
m84010_220919_235306_s2/250479009/ccs	0.999756	36.1261	16651	99.99
m84010_220919_235306_s2/143067432/ccs	0.998819	29.2775	14028	99.91
m84010_220919_235306_s2/119084529/ccs	0.997544	26.0977	22363	99.71
m84010_220919_235306_s2/256053437/ccs	0.999983	47.6955	11498	99.88
m84010_220919_235306_s2/188221589/ccs	0.999843	38.041	18886	99.86
m84010_220919_235306_s2/133436352/ccs	0.995173	23.1632	17484	99.88
m84010_220919_235306_s2/227609976/ccs	0.999974	45.8503	5306	99.94
m84010_220919_235306_s2/208082234/ccs	1	60	4295	99.91
m84010_220919_235306_s2/22414226/ccs	0.997618	26.2306	11427	99.98
m84010_220919_235306_s2/206638662/ccs	0.999337	31.7849	17673	99.98
m84010_220919_235306_s2/216599768/ccs	0.997934	26.8487	16736	99.81
m84010_220919_235306_s2/11011941/ccs	0.997317	25.7138	14146	99.97
m84010_220919_235306_s2/222563202/ccs	0.999756	36.1261	18952	99.93
m84010_220919_235306_s2/121241973/ccs	0.998331	27.7754	16844	99.85
m84010_220919_235306_s2/221119632/ccs	0.999943	42.4413	8582	99.90
m84010_220919_235306_s2/172364172/ccs	0.998545	28.3714	10489	99.98
m84010_220919_235306_s2/214763547/ccs	0.999277	31.4086	6075	99.90
m84010_220919_235306_s2/225904234/ccs	0.999067	30.3012	5936	99.83
m84010_220919_235306_s2/238027142/ccs	0.998234	27.5301	18979	99.74
m84010_220919_235306_s2/28904948/ccs	0.993269	21.7192	16013	99.74
m84010_220919_235306_s2/142150380/ccs	0.999956	43.5655	13231	99.86
m84010_220919_235306_s2/80021595/ccs	0.99339	21.798	14187	99.98
m84010_220919_235306_s2/215154876/ccs	0.999525	33.2331	13711	99.99
m84010_220919_235306_s2/125570002/ccs	0.999922	41.0791	13729	99.85
m84010_220919_235306_s2/241766011/ccs	0.993813	22.0852	19643	99.37
m84010_220919_235306_s2/52232372/ccs	0.999738	35.817	16266	99.82
m84010_220919_235306_s2/217515134/ccs	0.999932	41.6749	11447	99.88
m84010_220919_235306_s2/190844630/ccs	0.999355	31.9044	13588	99.93
m84010_220919_235306_s2/105450117/ccs	0.999943	42.4413	14060	99.93
m84010_220919_235306_s2/164890033/ccs	0.999337	31.7849	10691	100.00
m84010_220919_235306_s2/208928974/ccs	0.999924	41.1919	8182	100.00
m84010_220919_235306_s2/239602804/ccs	0.993205	21.6781	17707	99.60
m84010_220919_235306_s2/73078656/ccs	0.999861	38.5699	12132	99.86
m84010_220919_235306_s2/11209650/ccs	0.999918	40.8619	12703	99.82
m84010_220919_235306_s2/240323764/ccs	0.999905	40.2228	17559	99.55
m84010_220919_235306_s2/63640939/ccs	0.999483	32.8651	16041	99.80
m84010_220919_235306_s2/195693708/ccs	0.999329	31.7328	14436	99.99
m84010_220919_235306_s2/10555397/ccs	0.999939	42.1467	13523	100.00
m84010_220919_235306_s2/202375662/ccs	0.993233	21.696	14950	99.66
m84010_220919_235306_s2/203361661/ccs	0.999347	31.8509	14350	99.78
m84010_220919_235306_s2/49616373/ccs	0.999929	41.4874	5044	99.88
m84010_220919_235306_s2/58393397/ccs	0.999968	44.9485	6429	100.00
m84010_220919_235306_s2/86840082/ccs	0.999982	47.4473	5021	100.00
m84010_220919_235306_s2/231999153/ccs	0.999654	34.6092	11239	99.84
m84010_220919_235306_s2/184422755/ccs	0.999371	32.0135	11862	99.99
m84010_220919_235306_s2/199231037/ccs	0.999962	44.2022	9973	99.94
m84010_220919_235306_s2/208146179/ccs	0.997342	25.7545	6968	99.89
m84010_220919_235306_s2/259395423/ccs	0.999391	32.1538	14619	99.29
m84010_220919_235306_s2/104727687/ccs	0.999701	35.2433	3288	100.00
m84010_220919_235306_s2/260245920/ccs	0.99971	35.376	14821	99.65
m84010_220919_235306_s2/126880177/ccs	0.999984	47.9588	4730	100.00
m84010_220919_235306_s2/137761768/ccs	0.999949	42.9243	3887	99.87
m84010_220919_235306_s2/74779308/ccs	0.999494	32.9585	11572	99.76
m84010_220919_235306_s2/132711005/ccs	0.999932	41.6749	11151	99.43
m84010_220919_235306_s2/52625721/ccs	0.999963	44.318	10584	99.56
m84010_220919_235306_s2/246416903/ccs	0.999948	42.84	4080	99.93
m84010_220919_235306_s2/218301333/ccs	0.999981	47.2125	7791	99.68
m84010_220919_235306_s2/102370764/ccs	0.999853	38.3268	4863	99.81
m84010_220919_235306_s2/85987472/ccs	0.999984	47.9588	7019	99.63
m84010_220919_235306_s2/253432404/ccs	0.999812	37.2584	9849	99.35
m84010_220919_235306_s2/83432255/ccs	1	60	3745	100.00
m84010_220919_235306_s2/265093749/ccs	0.999693	35.1286	12881	99.37
m84010_220919_235306_s2/75958539/ccs	0.999878	39.1364	14182	99.50
m84010_220919_235306_s2/46729228/ccs	0.997358	25.7807	10484	99.06
m84010_220919_235306_s2/170395295/ccs	0.997283	25.6591	14691	99.99
m84010_220919_235306_s2/81532421/ccs	0.999875	39.0309	14755	100.00
m84010_220919_235306_s2/115412099/ccs	0.999993	51.549	11773	99.99
m84010_220919_235306_s2/109185718/ccs	0.999818	37.3993	16394	99.99
m84010_220919_235306_s2/198972873/ccs	0.999839	37.9317	11351	99.99
m84010_220919_235306_s2/186712455/ccs	0.999983	47.6955	11970	99.99
m84010_220919_235306_s2/137694134/ccs	0.999852	38.2974	6530	99.60
m84010_220919_235306_s2/244449491/ccs	0.999418	32.3508	15439	100.00
m84010_220919_235306_s2/101648125/ccs	0.999977	46.3827	5712	99.60
m84010_220919_235306_s2/122683558/ccs	0.994998	23.0086	5795	99.90
m84010_220919_235306_s2/89719291/ccs	0.999708	35.3462	14186	99.99
m84010_220919_235306_s2/169478279/ccs	0.999653	34.5967	7942	99.99
m84010_220919_235306_s2/88474352/ccs	0.999868	38.7943	9187	99.99
m84010_220919_235306_s2/136709207/ccs	0.999398	32.204	10479	99.99
m84010_220919_235306_s2/202115951/ccs	0.998956	29.813	13310	99.55
m84010_220919_235306_s2/190977079/ccs	0.999642	34.4612	14274	99.53
m84010_220919_235306_s2/2954761/ccs	1	60	4504	100.00
m84010_220919_235306_s2/233441986/ccs	0.998802	29.2154	3550	100.00
m84010_220919_235306_s2/244323184/ccs	0.999611	34.1005	15027	99.91
m84010_220919_235306_s2/137893691/ccs	0.999818	37.3993	14346	99.90
m84010_220919_235306_s2/61083165/ccs	0.995417	23.3885	14197	99.80
m84010_220919_235306_s2/151585820/ccs	0.999289	31.4813	19221	99.92
m84010_220919_235306_s2/56098951/ccs	0.999961	44.0894	16723	99.92
m84010_220919_235306_s2/1379942/ccs	0.999261	31.3136	7188	99.87
m84010_220919_235306_s2/79495394/ccs	0.999855	38.3863	20421	99.74
m84010_220919_235306_s2/127471722/ccs	0.999397	32.1968	20272	99.89
m84010_220919_235306_s2/58528952/ccs	0.999947	42.7572	15148	99.95
m84010_220919_235306_s2/96342985/ccs	1	60	4834	99.88
m84010_220919_235306_s2/34739692/ccs	0.995317	23.2948	7690	99.79
m84010_220919_235306_s2/167972566/ccs	0.999776	36.4975	9125	99.63
m84010_220919_235306_s2/20120160/ccs	0.999893	39.7062	15710	99.76
m84010_220919_235306_s2/11010620/ccs	0.998006	27.0027	19310	99.85
m84010_220919_235306_s2/50730388/ccs	0.999905	40.2228	15503	99.91
m84010_220919_235306_s2/102760486/ccs	0.999925	41.2494	12235	99.92
m84010_220919_235306_s2/195429114/ccs	0.99974	35.8503	16815	99.78
m84010_220919_235306_s2/23989420/ccs	0.999989	49.5861	12529	99.90
m84010_220919_235306_s2/48038230/ccs	0.999971	45.376	6182	99.63
m84010_220919_235306_s2/46665095/ccs	0.999953	43.279	15007	99.76
m84010_220919_235306_s2/181734274/ccs	0.999976	46.1979	8797	99.77
m84010_220919_235306_s2/232260292/ccs	0.995773	23.7397	13207	99.71
m84010_220919_235306_s2/209655089/ccs	0.999851	38.2681	17655	99.85
m84010_220919_235306_s2/252121371/ccs	0.999971	45.376	12447	99.78
m84010_220919_235306_s2/148308176/ccs	0.999781	36.5956	13796	99.91
m84010_220919_235306_s2/35395128/ccs	0.996731	24.8559	10226	99.94
m84010_220919_235306_s2/218304459/ccs	0.999551	33.4775	8442	99.75
m84010_220919_235306_s2/99025083/ccs	0.9999	40	15223	99.77
m84010_220919_235306_s2/43913711/ccs	1	60	4032	100.00
m84010_220919_235306_s2/237043904/ccs	0.99952	33.1876	18040	99.86
m84010_220919_235306_s2/251857371/ccs	0.999606	34.045	16749	99.76
m84010_220919_235306_s2/211224591/ccs	0.99966	34.6852	16017	99.77
m84010_220919_235306_s2/38865323/ccs	0.997114	25.397	13332	99.88
m84010_220919_235306_s2/121833144/ccs	0.999802	37.0333	16920	99.85
m84010_220919_235306_s2/204213788/ccs	0.998461	28.1276	10493	99.71
m84010_220919_235306_s2/264569457/ccs	0.999984	47.9588	7866	99.76
m84010_220919_235306_s2/208409010/ccs	0.999848	38.1816	13697	99.92
m84010_220919_235306_s2/246155883/ccs	0.999019	30.0833	13758	99.91
m84010_220919_235306_s2/77335371/ccs	0.99538	23.3536	15044	99.57
m84010_220919_235306_s2/178258427/ccs	0.99957	33.6653	17318	99.78
m84010_220919_235306_s2/204474325/ccs	0.999854	38.3565	13957	99.77
m84010_220919_235306_s2/40239495/ccs	0.999644	34.4855	16781	99.78
m84010_220919_235306_s2/45813484/ccs	0.999936	41.9382	9553	100.00
m84010_220919_235306_s2/5113395/ccs	0.995516	23.4833	11941	99.86
m84010_220919_235306_s2/206115808/ccs	0.993522	21.8856	3489	99.75
m84010_220919_235306_s2/134676554/ccs	0.999416	32.3359	24389	99.70
m84010_220919_235306_s2/212601088/ccs	1	60	2679	100.00
m84010_220919_235306_s2/142675164/ccs	0.999478	32.8233	11298	99.80
m84010_220919_235306_s2/53220463/ccs	0.999042	30.1863	19915	99.67
m84010_220919_235306_s2/70520055/ccs	0.999107	30.4915	11392	99.79
m84010_220919_235306_s2/19530889/ccs	0.99598	23.9577	23976	99.33
m84010_220919_235306_s2/56821911/ccs	0.998563	28.4254	7969	99.76
m84010_220919_235306_s2/55577531/ccs	0.999957	43.6653	10720	99.79
m84010_220919_235306_s2/115476071/ccs	0.992647	21.3354	26371	99.57
m84010_220919_235306_s2/192419705/ccs	0.999689	35.0724	17397	99.38
m84010_220919_235306_s2/177999370/ccs	0.998402	27.9642	20253	99.41
m84010_220919_235306_s2/198904105/ccs	0.994544	22.6313	15522	99.24
m84010_220919_235306_s2/219351784/ccs	0.999301	31.5552	21547	99.67
m84010_220919_235306_s2/147919142/ccs	0.998994	29.974	17696	99.48
m84010_220919_235306_s2/175904081/ccs	0.99876	29.0658	12687	99.41
m84010_220919_235306_s2/216992466/ccs	0.996813	24.9662	12064	99.30
m84010_220919_235306_s2/88540625/ccs	0.999185	30.8884	17554	99.59
m84010_220919_235306_s2/136645920/ccs	0.999647	34.5223	17137	99.61
m84010_220919_235306_s2/228265146/ccs	0.999992	50.9691	8949	99.44
m84010_220919_235306_s2/217845409/ccs	0.992312	21.1419	16749	99.32
m84010_220919_235306_s2/74189513/ccs	0.999823	37.5203	13469	99.64
m84010_220919_235306_s2/207029674/ccs	0.999482	32.8567	10192	99.55
m84010_220919_235306_s2/88411695/ccs	0.9994	32.2185	16867	99.67
m84010_220919_235306_s2/124784056/ccs	0.998968	29.8632	23884	99.74
m84010_220919_235306_s2/157879925/ccs	0.99974	35.8503	14867	99.76
m84010_220919_235306_s2/46077229/ccs	0.999279	31.4206	5284	99.74
m84010_220919_235306_s2/210703072/ccs	0.999861	38.5699	9791	99.80
m84010_220919_235306_s2/147391628/ccs	0.99964	34.437	8009	99.81
m84010_220919_235306_s2/123012163/ccs	0.999827	37.6195	13663	99.86
m84010_220919_235306_s2/187502398/ccs	0.999547	33.439	9531	99.88
m84010_220919_235306_s2/74649074/ccs	0.999099	30.4528	12570	99.82
m84010_220919_235306_s2/253363363/ccs	0.999363	31.9586	18700	99.86
m84010_220919_235306_s2/101519649/ccs	0.999297	31.5304	16401	99.86
m84010_220919_235306_s2/230295008/ccs	0.997684	26.3526	5433	99.76
m84010_220919_235306_s2/191103914/ccs	0.999679	34.9349	10676	99.91
m84010_220919_235306_s2/93456340/ccs	0.999297	31.5304	19909	99.90
m84010_220919_235306_s2/194316183/ccs	0.994434	22.5446	18131	99.80
m84010_220919_235306_s2/226363521/ccs	0.999189	30.9098	13790	99.88
m84010_220919_235306_s2/205393249/ccs	0.995649	23.6141	17741	99.75
m84010_220919_235306_s2/219289015/ccs	0.999117	30.5404	20474	99.90
m84010_220919_235306_s2/3673127/ccs	0.999949	42.9243	8338	99.87
m84010_220919_235306_s2/28905442/ccs	0.995326	23.3031	15913	99.82
m84010_220919_235306_s2/208606496/ccs	0.999944	42.5181	9260	99.83
m84010_220919_235306_s2/36963845/ccs	0.999818	37.3993	9721	99.91
m84010_220919_235306_s2/203295549/ccs	0.999859	38.5078	11474	99.87
m84010_220919_235306_s2/245041020/ccs	0.996039	24.022	5829	99.81
m84010_220919_235306_s2/183699588/ccs	0.997897	26.7716	19287	99.84
m84010_220919_235306_s2/105644334/ccs	0.999159	30.752	14884	99.92
m84010_220919_235306_s2/234030502/ccs	0.999782	36.6154	13184	99.89
m84010_220919_235306_s2/246028189/ccs	0.999791	36.7985	11546	99.90
m84010_220919_235306_s2/11866431/ccs	0.99994	42.2185	14718	99.92
m84010_220919_235306_s2/119539343/ccs	0.999789	36.7572	16889	99.91
m84010_220919_235306_s2/29230978/ccs	0.999527	33.2514	13364	99.91
m84010_220919_235306_s2/159650459/ccs	0.999981	47.2125	13833	99.90
m84010_220919_235306_s2/175052241/ccs	0.999988	49.2082	4964	99.90
m84010_220919_235306_s2/105056225/ccs	0.999669	34.8017	13039	99.92
m84010_220919_235306_s2/215748896/ccs	0.99969	35.0864	23987	99.88
m84010_220919_235306_s2/1773217/ccs	0.996789	24.9336	8252	99.84
m84010_220919_235306_s2/240326403/ccs	0.999695	35.157	10374	99.91
m84010_220919_235306_s2/244455157/ccs	0.999964	44.437	4423	99.91
m84010_220919_235306_s2/230886082/ccs	0.999927	41.3668	3896	99.95
m84010_220919_235306_s2/212473754/ccs	0.999984	47.9588	6025	99.70
m84010_220919_235306_s2/175637878/ccs	0.999792	36.8194	7464	99.95
m84010_220919_235306_s2/34607000/ccs	0.999663	34.7237	8023	99.94
m84010_220919_235306_s2/237375118/ccs	0.999867	38.7615	11238	99.91
m84010_220919_235306_s2/113444280/ccs	0.994479	22.5798	11517	99.79
m84010_220919_235306_s2/71829925/ccs	0.999358	31.9246	4237	99.95
m84010_220919_235306_s2/29886504/ccs	0.999356	31.9111	10101	99.86
m84010_220919_235306_s2/23790462/ccs	0.999596	33.9362	8488	99.87
m84010_220919_235306_s2/250287275/ccs	0.999985	48.2391	8802	99.86
m84010_220919_235306_s2/41026183/ccs	1	60	1304	100.00
m84010_220919_235306_s2/6428063/ccs	0.999766	36.3078	22431	99.98
m84010_220919_235306_s2/3608690/ccs	0.999573	33.6957	18489	99.98
m84010_220919_235306_s2/10621263/ccs	0.999665	34.7496	13881	99.95
m84010_220919_235306_s2/185931508/ccs	0.997508	26.0345	20233	99.26
m84010_220919_235306_s2/242876608/ccs	0.998353	27.8331	14440	99.37
m84010_220919_235306_s2/148836164/ccs	0.999916	40.7572	11048	99.95
m84010_220919_235306_s2/119147187/ccs	0.999563	33.5952	12407	99.97
m84010_220919_235306_s2/157616808/ccs	0.999317	31.6558	12796	99.39
m84010_220919_235306_s2/107348379/ccs	0.99992	40.9691	11095	99.41
m84010_220919_235306_s2/239209220/ccs	0.998324	27.7573	14779	99.18
m84010_220919_235306_s2/62064116/ccs	0.991354	20.6318	18701	99.09
m84010_220919_235306_s2/51381832/ccs	0.999575	33.7161	11487	99.35
m84010_220919_235306_s2/67178208/ccs	0.999917	40.8092	6692	99.73
m84010_220919_235306_s2/63702341/ccs	0.999212	31.0347	17564	99.98
m84010_220919_235306_s2/18154568/ccs	0.998363	27.8595	18413	99.11
m84010_220919_235306_s2/137891982/ccs	0.999161	30.7624	26077	99.97
m84010_220919_235306_s2/208865006/ccs	0.999694	35.1428	13084	99.12
m84010_220919_235306_s2/211617220/ccs	0.999687	35.0446	13086	99.06
m84010_220919_235306_s2/237373225/ccs	0.998662	28.7354	24368	99.97
m84010_220919_235306_s2/240062187/ccs	1	60	2802	99.89
m84010_220919_235306_s2/227543246/ccs	0.998297	27.6879	13896	99.98
m84010_220919_235306_s2/243469383/ccs	0.99419	22.3582	25757	99.19
m84010_220919_235306_s2/194314480/ccs	0.997087	25.3566	25610	99.95
m84010_220919_235306_s2/211291439/ccs	0.999606	34.045	7564	99.99
m84010_220919_235306_s2/46990201/ccs	0.997344	25.7577	14766	99.96
m84010_220919_235306_s2/263458391/ccs	0.999829	37.67	3827	100.00
m84010_220919_235306_s2/116524352/ccs	0.999405	32.2548	16662	99.96
m84010_220919_235306_s2/80939733/ccs	0.999559	33.5556	14444	99.96
m84010_220919_235306_s2/150934001/ccs	0.999816	37.3518	20609	99.97
m84010_220919_235306_s2/253561689/ccs	0.994488	22.5869	18660	99.82
m84010_220919_235306_s2/201985384/ccs	0.997132	25.4242	4561	99.96
m84010_220919_235306_s2/94506164/ccs	0.999949	42.9243	12114	99.96
m84010_220919_235306_s2/47978352/ccs	0.999926	41.3077	16549	99.97
m84010_220919_235306_s2/212013544/ccs	0.996329	24.3522	19482	99.90
m84010_220919_235306_s2/55643414/ccs	0.999543	33.4008	18405	99.98
m84010_220919_235306_s2/200280183/ccs	0.999801	37.0115	13588	99.48
m84010_220919_235306_s2/97195109/ccs	0.99947	32.7572	13923	99.98
m84010_220919_235306_s2/35063302/ccs	0.99982	37.4473	20565	98.47
m84010_220919_235306_s2/218961083/ccs	0.999898	39.914	12863	99.97
m84010_220919_235306_s2/181864561/ccs	0.999663	34.7237	11402	99.96
m84010_220919_235306_s2/127865697/ccs	0.999433	32.4642	20304	99.60
m84010_220919_235306_s2/242290898/ccs	0.999027	30.1189	15421	99.97
m84010_220919_235306_s2/98305580/ccs	0.999943	42.4413	2257	99.16
m84010_220919_235306_s2/134416068/ccs	0.999016	30.07	11817	99.97
m84010_220919_235306_s2/84673680/ccs	0.998075	27.1557	11757	99.98
m84010_220919_235306_s2/194123700/ccs	0.998862	29.4386	17241	99.98
m84010_220919_235306_s2/149491761/ccs	0.993601	21.9389	9362	99.87
m84010_220919_235306_s2/238686867/ccs	0.997316	25.7122	12469	99.94
m84010_220919_235306_s2/209522971/ccs	0.999952	43.1876	7560	99.63
m84010_220919_235306_s2/258607026/ccs	0.997125	25.4136	12578	99.96
m84010_220919_235306_s2/76678596/ccs	0.999706	35.3165	22847	99.98
m84010_220919_235306_s2/144311859/ccs	0.99995	43.0103	9201	99.98
m84010_220919_235306_s2/207816536/ccs	0.998429	28.0382	19510	99.95
m84010_220919_235306_s2/192154878/ccs	0.9934	21.8046	3422	99.82
m84010_220919_235306_s2/33489490/ccs	0.999587	33.8405	23356	99.98
m84010_220919_235306_s2/134745069/ccs	0.999864	38.6646	5477	99.98
m84010_220919_235306_s2/221714155/ccs	1	60	5174	99.96
m84010_220919_235306_s2/168430042/ccs	0.998905	29.6059	12407	99.97
m84010_220919_235306_s2/263328220/ccs	0.997447	25.9295	11055	99.98
m84010_220919_235306_s2/247335750/ccs	0.999824	37.5449	14031	99.99
m84010_220919_235306_s2/155519206/ccs	0.9997	35.2288	15136	99.99
m84010_220919_235306_s2/137892426/ccs	0.999626	34.2713	14586	99.99
m84010_220919_235306_s2/150670686/ccs	0.99999	50	9691	99.97
m84010_220919_235306_s2/118755427/ccs	0.9956	23.5655	20798	99.88
m84010_220919_235306_s2/186976143/ccs	0.998867	29.4577	10534	99.99
m84010_220919_235306_s2/156044176/ccs	0.999518	33.1695	5821	100.00
m84010_220919_235306_s2/203886414/ccs	0.999954	43.3724	5979	100.00
m84010_220919_235306_s2/244649523/ccs	0.996222	24.2274	11249	99.92
m84010_220919_235306_s2/176688108/ccs	0.999965	44.5593	9029	100.00
m84010_220919_235306_s2/223086341/ccs	0.99974	35.8503	9287	100.00
m84010_220919_235306_s2/127467956/ccs	0.999992	50.9691	13968	100.00
m84010_220919_235306_s2/129109729/ccs	0.999882	39.2812	18581	100.00
m84010_220919_235306_s2/48960953/ccs	0.999922	41.0791	12729	100.00
m84010_220919_235306_s2/181995892/ccs	0.999665	34.7496	13623	100.00
m84010_220919_235306_s2/106038573/ccs	0.99997	45.2288	6821	100.00
m84010_220919_235306_s2/130942984/ccs	0.999145	30.6803	13287	99.96
m84010_220919_235306_s2/210635502/ccs	0.998873	29.4808	5995	99.98
m84010_220919_235306_s2/161809998/ccs	0.999892	39.6658	10821	100.00
m84010_220919_235306_s2/142150002/ccs	0.99913	30.6048	21488	100.00
m84010_220919_235306_s2/191956203/ccs	0.999875	39.0309	2862	100.00
m84010_220919_235306_s2/243401434/ccs	0.999881	39.2445	7026	100.00
m84010_220919_235306_s2/215482856/ccs	0.999936	41.9382	13751	100.00
m84010_220919_235306_s2/216797299/ccs	0.999876	39.0658	21511	100.00
m84010_220919_235306_s2/8193548/ccs	0.999736	35.784	6700	100.00
m84010_220919_235306_s2/201197024/ccs	0.998979	29.9097	5005	100.00
m84010_220919_235306_s2/98504903/ccs	0.999835	37.8252	15261	100.00
m84010_220919_235306_s2/184817014/ccs	0.993864	22.1211	9955	99.77
m84010_220919_235306_s2/225054460/ccs	0.999874	38.9963	16200	100.00
m84010_220919_235306_s2/57279880/ccs	0.999209	31.0182	13715	99.98
m84010_220919_235306_s2/237311227/ccs	0.998901	29.59	2359	100.00
m84010_220919_235306_s2/95032573/ccs	0.999969	45.0864	5847	100.00
m84010_220919_235306_s2/109843613/ccs	0.998897	29.5742	11123	99.98
m84010_220919_235306_s2/111938097/ccs	0.999382	32.0901	3033	99.90
m84010_220919_235306_s2/252906067/ccs	0.998588	28.5017	23401	99.97
m84010_220919_235306_s2/118359735/ccs	0.999933	41.7393	5577	100.00
m84010_220919_235306_s2/251528694/ccs	0.999708	35.3462	4788	99.98
m84010_220919_235306_s2/122098606/ccs	0.999858	38.4771	13424	100.00
m84010_220919_235306_s2/243337909/ccs	1	60	4158	100.00
m84010_220919_235306_s2/212144161/ccs	0.999862	38.6012	15864	100.00
m84010_220919_235306_s2/19267646/ccs	0.998297	27.6879	22133	99.92
m84010_220919_235306_s2/192218527/ccs	0.999937	42.0066	14489	100.00
m84010_220919_235306_s2/94440823/ccs	0.998999	29.9957	20215	100.00
m84010_220919_235306_s2/121962584/ccs	0.999875	39.0309	17950	100.00
m84010_220919_235306_s2/153157954/ccs	0.99915	30.7058	2455	100.00
m84010_220919_235306_s2/262279734/ccs	0.999988	49.2082	6408	100.00
m84010_220919_235306_s2/250806722/ccs	0.999796	36.9037	12112	99.97
m84010_220919_235306_s2/143919126/ccs	0.999888	39.5078	6142	100.00
m84010_220919_235306_s2/154537176/ccs	0.999934	41.8046	13545	100.00
m84010_220919_235306_s2/142936738/ccs	0.999292	31.4997	14324	100.00
m84010_220919_235306_s2/42139720/ccs	0.99581	23.7779	8368	99.98
m84010_220919_235306_s2/234161296/ccs	0.996836	24.9976	23169	99.99
m84010_220919_235306_s2/28054146/ccs	0.99992	40.9691	9963	100.00
m84010_220919_235306_s2/176096178/ccs	0.999738	35.817	13830	100.00
m84010_220919_235306_s2/123143155/ccs	0.999511	33.1069	16838	100.00
m84010_220919_235306_s2/191892968/ccs	0.993366	21.7822	13434	99.76
m84010_220919_235306_s2/97718093/ccs	0.998119	27.2561	14580	99.99
m84010_220919_235306_s2/194054860/ccs	0.999427	32.4185	12340	100.00
m84010_220919_235306_s2/245370153/ccs	0.996781	24.9228	13404	99.90
m84010_220919_235306_s2/156374111/ccs	0.999956	43.5655	13466	100.00
m84010_220919_235306_s2/179898617/ccs	0.998131	27.2839	10619	99.99
m84010_220919_235306_s2/179442687/ccs	0.998887	29.535	26586	100.00
m84010_220919_235306_s2/90046793/ccs	0.999712	35.4061	7472	100.00
m84010_220919_235306_s2/26678021/ccs	0.999497	32.9843	5849	99.79
