read_id	rq	qv	read_length	iden
m84011_220902_175841_s1/252383346/ccs	0.993184	21.6647	29851	99.34
m84011_220902_175841_s1/247600536/ccs	0.991611	20.7629	26529	99.27
m84011_220902_175841_s1/45485721/ccs	0.996218	24.2228	25925	99.25
m84011_220902_175841_s1/18154330/ccs	0.995019	23.0268	16653	99.24
m84011_220902_175841_s1/204472733/ccs	0.997399	25.8486	18335	99.28
m84011_220902_175841_s1/202968910/ccs	0.99462	22.6922	17761	99.28
m84011_220902_175841_s1/243601889/ccs	0.990048	20.0209	23345	99.55
m84011_220902_175841_s1/200217257/ccs	0.998434	28.0521	16346	99.29
m84011_220902_175841_s1/223679738/ccs	0.994592	22.6696	16341	99.30
m84011_220902_175841_s1/193659886/ccs	0.991137	20.5242	19281	99.37
m84011_220902_175841_s1/70981078/ccs	0.992956	21.5218	16518	99.28
m84011_220902_175841_s1/153752542/ccs	0.990747	20.3372	18729	99.39
m84011_220902_175841_s1/211293089/ccs	0.991581	20.7474	18556	99.39
m84011_220902_175841_s1/173671717/ccs	0.992553	21.2802	13842	99.26
m84011_220902_175841_s1/49613231/ccs	0.991058	20.4857	12673	99.22
m84011_220902_175841_s1/220857756/ccs	0.990998	20.4566	18433	99.45
m84011_220902_175841_s1/233181969/ccs	0.995311	23.2892	19541	99.24
m84011_220902_175841_s1/88604926/ccs	0.991674	20.7956	22601	99.33
m84011_220902_175841_s1/55578800/ccs	0.996924	25.1201	19284	99.48
m84011_220902_175841_s1/66916465/ccs	0.991096	20.5041	14580	99.38
m84011_220902_175841_s1/71242913/ccs	0.999851	38.2681	11403	99.67
m84011_220902_175841_s1/135532918/ccs	0.999642	34.4612	15073	99.83
m84011_220902_175841_s1/75434686/ccs	0.99902	30.0877	20293	99.47
m84011_220902_175841_s1/89265661/ccs	0.999651	34.5717	15472	99.86
m84011_220902_175841_s1/66258433/ccs	0.999965	44.5593	16651	99.88
m84011_220902_175841_s1/195890133/ccs	0.999589	33.8616	15857	99.88
m84011_220902_175841_s1/175967237/ccs	0.999831	37.7211	15153	99.88
m84011_220902_175841_s1/97584424/ccs	0.999403	32.2403	20922	98.83
m84011_220902_175841_s1/255724838/ccs	0.995723	23.6886	12325	99.84
m84011_220902_175841_s1/150538382/ccs	0.999952	43.1876	14749	99.46
m84011_220902_175841_s1/236131047/ccs	0.999895	39.7881	21223	98.85
m84011_220902_175841_s1/64163959/ccs	0.998865	29.45	8217	99.38
m84011_220902_175841_s1/242946556/ccs	0.99994	42.2185	15306	99.38
m84011_220902_175841_s1/196023172/ccs	0.999804	37.0774	25610	99.73
m84011_220902_175841_s1/109515669/ccs	0.99773	26.4397	24911	99.71
m84011_220902_175841_s1/153751157/ccs	0.997497	26.0154	16062	99.50
m84011_220902_175841_s1/237377119/ccs	0.999627	34.2829	21850	99.41
m84011_220902_175841_s1/168955338/ccs	0.998237	27.5375	13227	99.35
m84011_220902_175841_s1/265884464/ccs	0.999957	43.6653	15891	99.41
m84011_220902_175841_s1/143397771/ccs	0.999942	42.3657	10151	99.39
m84011_220902_175841_s1/67047352/ccs	0.999985	48.2391	6359	99.29
m84011_220902_175841_s1/114562015/ccs	0.999906	40.2687	13561	99.17
m84011_220902_175841_s1/238751824/ccs	0.999574	33.7059	5564	99.24
m84011_220902_175841_s1/195625953/ccs	0.999937	42.0066	5427	99.22
m84011_220902_175841_s1/102240739/ccs	0.998444	28.0799	20027	99.55
m84011_220902_175841_s1/267127384/ccs	0.998744	29.0101	19718	99.58
m84011_220902_175841_s1/245957576/ccs	0.999784	36.6555	17784	99.56
m84011_220902_175841_s1/160237210/ccs	0.997954	26.8909	27308	99.64
m84011_220902_175841_s1/58134990/ccs	0.999972	45.5284	5869	98.62
m84011_220902_175841_s1/148309188/ccs	0.999712	35.4061	15292	99.55
m84011_220902_175841_s1/211686352/ccs	0.999753	36.073	22461	99.66
m84011_220902_175841_s1/80483150/ccs	0.999543	33.4008	23295	99.68
m84011_220902_175841_s1/77008262/ccs	0.999824	37.5449	15549	99.60
m84011_220902_175841_s1/139529573/ccs	0.999417	32.3433	27685	99.72
m84011_220902_175841_s1/115674267/ccs	0.99973	35.6864	24680	99.71
m84011_220902_175841_s1/206964709/ccs	0.999881	39.2445	21269	99.69
m84011_220902_175841_s1/191302137/ccs	0.999936	41.9382	17729	99.66
m84011_220902_175841_s1/224528060/ccs	0.999891	39.6257	16253	99.66
m84011_220902_175841_s1/66193868/ccs	0.998096	27.2033	21957	99.70
m84011_220902_175841_s1/169739439/ccs	0.999678	34.9214	17320	99.69
m84011_220902_175841_s1/71831115/ccs	0.998789	29.1686	13985	99.64
m84011_220902_175841_s1/135859684/ccs	0.99849	28.2102	28632	99.71
m84011_220902_175841_s1/124785989/ccs	0.99968	34.9485	21992	99.72
m84011_220902_175841_s1/51775120/ccs	0.997445	25.9261	15140	99.64
m84011_220902_175841_s1/186061690/ccs	0.999622	34.2251	20719	99.72
m84011_220902_175841_s1/13636840/ccs	0.999392	32.161	18176	99.74
m84011_220902_175841_s1/102761676/ccs	0.999225	31.107	23405	99.76
m84011_220902_175841_s1/188421749/ccs	0.993478	21.8562	17112	99.75
m84011_220902_175841_s1/191630696/ccs	0.997604	26.2051	26496	99.74
m84011_220902_175841_s1/151191758/ccs	0.999981	47.2125	4758	99.52
m84011_220902_175841_s1/184356999/ccs	0.999975	46.0206	14267	99.75
m84011_220902_175841_s1/266273738/ccs	0.999948	42.84	14608	99.79
m84011_220902_175841_s1/92407048/ccs	0.999893	39.7062	9147	99.76
m84011_220902_175841_s1/170920608/ccs	0.999817	37.3755	17952	99.79
m84011_220902_175841_s1/255461027/ccs	0.996707	24.8241	22200	99.57
m84011_220902_175841_s1/135137238/ccs	0.99983	37.6955	16823	99.85
m84011_220902_175841_s1/174920233/ccs	0.996443	24.4892	3794	99.66
m84011_220902_175841_s1/21956264/ccs	0.995554	23.5203	21701	99.80
m84011_220902_175841_s1/2954299/ccs	0.999756	36.1261	21507	99.84
m84011_220902_175841_s1/57935881/ccs	0.999744	35.9176	11437	99.87
m84011_220902_175841_s1/56036565/ccs	0.999916	40.7572	9065	99.85
m84011_220902_175841_s1/51582753/ccs	0.996946	25.1513	17872	99.83
m84011_220902_175841_s1/102567054/ccs	0.999531	33.2883	17623	99.86
m84011_220902_175841_s1/119016868/ccs	0.998597	28.5294	4573	99.85
m84011_220902_175841_s1/201135420/ccs	0.999134	30.6248	20796	99.83
m84011_220902_175841_s1/84284670/ccs	0.999973	45.6864	12510	99.62
m84011_220902_175841_s1/172228824/ccs	0.999923	41.1351	14655	99.86
m84011_220902_175841_s1/247403004/ccs	0.999764	36.2709	17004	99.85
m84011_220902_175841_s1/80220947/ccs	0.999046	30.2045	19734	99.80
m84011_220902_175841_s1/119082515/ccs	0.99556	23.5262	14209	99.82
m84011_220902_175841_s1/63574641/ccs	0.9992	30.9691	14513	99.86
m84011_220902_175841_s1/108467926/ccs	0.999836	37.8516	11462	99.84
m84011_220902_175841_s1/127534144/ccs	0.999893	39.7062	13812	99.86
m84011_220902_175841_s1/145754087/ccs	0.999914	40.655	17683	99.84
m84011_220902_175841_s1/125438389/ccs	0.99992	40.9691	17102	99.80
m84011_220902_175841_s1/132450418/ccs	0.99937	32.0066	28198	99.67
m84011_220902_175841_s1/259919222/ccs	0.999932	41.6749	14337	99.85
m84011_220902_175841_s1/25300617/ccs	0.999976	46.1979	10817	99.84
m84011_220902_175841_s1/215878413/ccs	0.999204	30.9909	10605	99.86
m84011_220902_175841_s1/264242115/ccs	0.999921	41.0237	15270	99.86
m84011_220902_175841_s1/203886098/ccs	0.999826	37.5945	13635	99.87
m84011_220902_175841_s1/181143977/ccs	0.999849	38.2102	16576	99.78
m84011_220902_175841_s1/102370555/ccs	0.99989	39.5861	13885	99.80
m84011_220902_175841_s1/268241691/ccs	0.999552	33.4872	12001	99.87
m84011_220902_175841_s1/107943059/ccs	0.999054	30.2411	23913	99.79
m84011_220902_175841_s1/231805691/ccs	1	60	3851	99.92
m84011_220902_175841_s1/138412293/ccs	0.99999	50	11965	99.82
m84011_220902_175841_s1/37555470/ccs	0.99839	27.9317	13547	99.70
m84011_220902_175841_s1/122421481/ccs	0.999562	33.5853	11303	99.88
m84011_220902_175841_s1/238620155/ccs	0.9987	28.8606	22402	99.60
m84011_220902_175841_s1/210043748/ccs	0.999608	34.0671	23938	99.74
m84011_220902_175841_s1/158470933/ccs	0.999705	35.3018	21192	99.87
m84011_220902_175841_s1/230623978/ccs	0.999015	30.0656	18951	99.89
m84011_220902_175841_s1/229049321/ccs	0.999392	32.161	12874	99.88
m84011_220902_175841_s1/152113895/ccs	0.998802	29.2154	11456	99.79
m84011_220902_175841_s1/52561513/ccs	0.998297	27.6879	20989	99.59
m84011_220902_175841_s1/224789488/ccs	0.999774	36.4589	13484	99.89
m84011_220902_175841_s1/41289144/ccs	0.999024	30.1055	26264	99.78
m84011_220902_175841_s1/153027490/ccs	0.999635	34.3771	16430	99.56
m84011_220902_175841_s1/241899323/ccs	0.998419	28.0107	13473	99.76
m84011_220902_175841_s1/64950396/ccs	0.999705	35.3018	15092	99.75
m84011_220902_175841_s1/218303822/ccs	0.999095	30.4335	9908	99.74
m84011_220902_175841_s1/237375726/ccs	0.998559	28.4134	18044	99.84
m84011_220902_175841_s1/153488836/ccs	0.999824	37.5449	14185	99.74
m84011_220902_175841_s1/198970554/ccs	0.998465	28.1389	14125	99.88
m84011_220902_175841_s1/167776367/ccs	0.999461	32.6841	12950	99.86
m84011_220902_175841_s1/244976870/ccs	0.999742	35.8838	11813	99.71
m84011_220902_175841_s1/255791565/ccs	0.999071	30.3198	18791	99.71
m84011_220902_175841_s1/175051032/ccs	0.99792	26.8194	16689	99.69
m84011_220902_175841_s1/249302941/ccs	0.997616	26.2269	14547	99.71
m84011_220902_175841_s1/112268953/ccs	0.999555	33.5164	22504	99.57
m84011_220902_175841_s1/73796871/ccs	0.999791	36.7985	7846	99.35
m84011_220902_175841_s1/184486501/ccs	0.999901	40.0436	10380	99.67
m84011_220902_175841_s1/172822966/ccs	0.999966	44.6852	3296	99.76
m84011_220902_175841_s1/54001699/ccs	0.999153	30.7212	3765	100.00
m84011_220902_175841_s1/130942949/ccs	0.999957	43.6653	9606	99.93
m84011_220902_175841_s1/99158147/ccs	0.999867	38.7615	17557	99.84
m84011_220902_175841_s1/150802200/ccs	0.993288	21.7315	18333	99.74
m84011_220902_175841_s1/160697835/ccs	0.996232	24.2389	19145	99.80
m84011_220902_175841_s1/254084769/ccs	0.996092	24.0805	16580	99.76
m84011_220902_175841_s1/196022323/ccs	0.99932	31.6749	17398	99.85
m84011_220902_175841_s1/115217103/ccs	0.999884	39.3554	5889	99.90
m84011_220902_175841_s1/201392225/ccs	0.999748	35.986	21312	99.48
m84011_220902_175841_s1/221578315/ccs	0.995852	23.8216	18297	99.48
m84011_220902_175841_s1/92739364/ccs	0.999896	39.8297	13065	99.83
m84011_220902_175841_s1/95031517/ccs	0.999328	31.7263	13154	99.83
m84011_220902_175841_s1/240191975/ccs	0.99544	23.4104	20428	99.31
m84011_220902_175841_s1/170530148/ccs	0.99991	40.4576	12443	99.64
m84011_220902_175841_s1/219480152/ccs	0.993584	21.9274	16742	99.52
m84011_220902_175841_s1/144311155/ccs	0.990665	20.2989	14560	99.41
m84011_220902_175841_s1/254546639/ccs	0.991292	20.6008	13528	99.36
m84011_220902_175841_s1/19008916/ccs	0.991154	20.5325	12031	99.47
m84011_220902_175841_s1/153293493/ccs	0.997206	25.5377	14228	99.31
m84011_220902_175841_s1/177471511/ccs	0.995821	23.7893	14450	99.26
m84011_220902_175841_s1/83756750/ccs	0.993008	21.554	10499	99.30
m84011_220902_175841_s1/28512383/ccs	0.994543	22.6305	8930	99.19
m84011_220902_175841_s1/141099575/ccs	0.996888	25.0696	9819	99.23
m84011_220902_175841_s1/200021532/ccs	0.996265	24.2771	10787	99.26
m84011_220902_175841_s1/31001684/ccs	0.999867	38.7615	9258	99.31
m84011_220902_175841_s1/238291520/ccs	0.998485	28.1959	16325	99.24
m84011_220902_175841_s1/31069020/ccs	0.995064	23.0662	26909	99.93
m84011_220902_175841_s1/8327292/ccs	0.990701	20.3156	19255	99.91
m84011_220902_175841_s1/176557728/ccs	0.994077	22.2746	12503	99.87
m84011_220902_175841_s1/200278479/ccs	0.9992	30.9691	14410	99.47
m84011_220902_175841_s1/69078375/ccs	0.990932	20.4249	27279	99.93
m84011_220902_175841_s1/229706145/ccs	0.997236	25.5846	11783	99.36
m84011_220902_175841_s1/11863127/ccs	0.994791	22.8325	13226	99.25
m84011_220902_175841_s1/51317290/ccs	0.991285	20.5973	8474	99.60
m84011_220902_175841_s1/156701728/ccs	0.995806	23.7737	19729	98.12
m84011_220902_175841_s1/71504925/ccs	0.999481	32.8483	16255	98.13
m84011_220902_175841_s1/174852219/ccs	0.999764	36.2709	14671	98.00
m84011_220902_175841_s1/246222873/ccs	0.999613	34.1229	16304	98.15
m84011_220902_175841_s1/204866210/ccs	0.997243	25.5956	14012	98.14
m84011_220902_175841_s1/84479066/ccs	0.999653	34.5967	11990	98.07
m84011_220902_175841_s1/242354278/ccs	0.999514	33.1336	19864	98.13
m84011_220902_175841_s1/128057918/ccs	0.999862	38.6012	14916	98.15
m84011_220902_175841_s1/138086219/ccs	0.999887	39.4692	12423	98.02
m84011_220902_175841_s1/127668205/ccs	0.996032	24.0143	14834	98.16
m84011_220902_175841_s1/115346753/ccs	0.99973	35.6864	12865	98.09
m84011_220902_175841_s1/31722828/ccs	0.990465	20.2068	7461	99.44
m84011_220902_175841_s1/242747802/ccs	0.999879	39.1721	13373	99.64
m84011_220902_175841_s1/39127701/ccs	0.999624	34.2481	18511	98.85
m84011_220902_175841_s1/59773094/ccs	0.999268	31.3549	22012	98.60
m84011_220902_175841_s1/215417378/ccs	0.999953	43.279	20774	99.99
m84011_220902_175841_s1/137035890/ccs	0.999353	31.891	12916	99.96
m84011_220902_175841_s1/151263007/ccs	0.999753	36.073	14390	99.99
m84011_220902_175841_s1/230621287/ccs	0.999968	44.9485	10155	99.97
m84011_220902_175841_s1/241832875/ccs	0.996428	24.4709	22878	98.51
m84011_220902_175841_s1/134681928/ccs	0.994289	22.4329	16605	99.98
m84011_220902_175841_s1/57802883/ccs	0.999492	32.9414	13716	98.89
m84011_220902_175841_s1/246416485/ccs	0.999446	32.5649	13494	99.99
m84011_220902_175841_s1/130024949/ccs	0.999754	36.0906	12237	99.99
m84011_220902_175841_s1/259984116/ccs	0.999933	41.7393	14566	98.93
m84011_220902_175841_s1/261887538/ccs	0.999997	55.2288	10802	98.46
m84011_220902_175841_s1/211357070/ccs	0.99994	42.2185	19508	98.55
m84011_220902_175841_s1/131929618/ccs	0.994227	22.386	9098	98.74
m84011_220902_175841_s1/247858887/ccs	0.999324	31.7005	17485	98.52
m84011_220902_175841_s1/53087533/ccs	0.999926	41.3077	12382	99.99
m84011_220902_175841_s1/112135626/ccs	0.99711	25.391	13613	98.47
m84011_220902_175841_s1/17959827/ccs	0.999961	44.0894	6942	98.72
m84011_220902_175841_s1/158402640/ccs	0.995736	23.7018	10645	99.93
m84011_220902_175841_s1/48764843/ccs	0.999726	35.6225	17288	98.94
m84011_220902_175841_s1/150078628/ccs	0.999818	37.3993	14287	98.85
m84011_220902_175841_s1/43128184/ccs	0.998106	27.2262	14484	98.39
m84011_220902_175841_s1/49024189/ccs	0.999908	40.3621	15708	99.99
m84011_220902_175841_s1/23527574/ccs	0.999897	39.8716	19204	98.34
m84011_220902_175841_s1/21501470/ccs	0.990111	20.0485	13921	98.26
m84011_220902_175841_s1/18417726/ccs	0.999837	37.8781	16697	98.36
m84011_220902_175841_s1/193860319/ccs	0.998835	29.3367	19204	98.35
m84011_220902_175841_s1/131926031/ccs	0.99979	36.7778	18827	98.35
m84011_220902_175841_s1/175117827/ccs	0.998515	28.2827	13700	99.99
m84011_220902_175841_s1/158466994/ccs	0.999004	30.0174	11402	100.00
m84011_220902_175841_s1/201724256/ccs	0.999895	39.7881	10960	98.31
m84011_220902_175841_s1/108793510/ccs	0.998947	29.7757	5943	98.33
m84011_220902_175841_s1/159061135/ccs	0.999952	43.1876	12895	98.04
m84011_220902_175841_s1/70975932/ccs	0.996845	25.01	8845	98.38
m84011_220902_175841_s1/179443351/ccs	0.99998	46.9897	4672	100.00
m84011_220902_175841_s1/258086594/ccs	0.999572	33.6856	20507	99.59
m84011_220902_175841_s1/205851872/ccs	0.999027	30.1189	18802	99.97
m84011_220902_175841_s1/161614201/ccs	0.99995	43.0103	14747	99.54
m84011_220902_175841_s1/222628102/ccs	0.999157	30.7417	18841	99.45
m84011_220902_175841_s1/131928829/ccs	0.999919	40.9151	14199	99.50
m84011_220902_175841_s1/45487719/ccs	0.999216	31.0568	16175	99.52
m84011_220902_175841_s1/238425653/ccs	0.999922	41.0791	15933	99.97
m84011_220902_175841_s1/62981328/ccs	0.999885	39.393	12485	99.62
m84011_220902_175841_s1/31723148/ccs	0.999886	39.431	15405	99.62
m84011_220902_175841_s1/187827393/ccs	1	60	5890	99.95
m84011_220902_175841_s1/187958218/ccs	0.996591	24.6737	12972	99.65
m84011_220902_175841_s1/248250952/ccs	0.999945	42.5964	14661	99.97
m84011_220902_175841_s1/38994878/ccs	0.99754	26.0906	17747	99.50
m84011_220902_175841_s1/126947459/ccs	0.998993	29.9697	8810	99.97
m84011_220902_175841_s1/181275244/ccs	0.999698	35.1999	18686	99.66
m84011_220902_175841_s1/245109355/ccs	0.998958	29.8213	22633	99.98
m84011_220902_175841_s1/46207957/ccs	0.999993	51.549	10795	99.97
m84011_220902_175841_s1/46532433/ccs	0.999678	34.9214	12355	99.96
m84011_220902_175841_s1/95751154/ccs	0.99982	37.4473	16675	99.67
m84011_220902_175841_s1/1379566/ccs	0.99396	22.1896	10411	99.62
m84011_220902_175841_s1/32707744/ccs	0.997561	26.1279	14925	99.48
m84011_220902_175841_s1/180225943/ccs	0.999732	35.7187	25195	99.64
m84011_220902_175841_s1/237244448/ccs	0.993092	21.6065	8839	99.97
m84011_220902_175841_s1/164629432/ccs	0.999441	32.5259	13343	99.57
m84011_220902_175841_s1/12126126/ccs	0.996206	24.209	27274	99.29
m84011_220902_175841_s1/263455031/ccs	0.998529	28.3239	13113	99.75
m84011_220902_175841_s1/242879523/ccs	0.999967	44.8149	11391	99.75
m84011_220902_175841_s1/185863259/ccs	0.999797	36.925	14091	99.72
m84011_220902_175841_s1/72288702/ccs	0.998235	27.5326	14192	99.94
m84011_220902_175841_s1/39064315/ccs	0.999945	42.5964	14049	99.98
m84011_220902_175841_s1/87954420/ccs	0.998083	27.1738	11217	99.68
m84011_220902_175841_s1/80745719/ccs	0.999973	45.6864	13319	99.53
m84011_220902_175841_s1/201463526/ccs	0.998437	28.0604	16491	99.71
m84011_220902_175841_s1/111285781/ccs	0.999914	40.655	14228	99.51
m84011_220902_175841_s1/124847793/ccs	0.999784	36.6555	21959	100.00
m84011_220902_175841_s1/185537889/ccs	0.999806	37.122	20092	99.43
m84011_220902_175841_s1/129371113/ccs	0.999895	39.7881	15862	99.72
m84011_220902_175841_s1/79107426/ccs	1	60	4138	100.00
m84011_220902_175841_s1/79891857/ccs	0.999935	41.8709	15430	99.76
m84011_220902_175841_s1/180619639/ccs	0.995351	23.3264	15836	99.75
m84011_220902_175841_s1/134223244/ccs	0.999988	49.2082	6856	99.81
m84011_220902_175841_s1/90050807/ccs	0.999209	31.0182	20350	99.99
m84011_220902_175841_s1/179966865/ccs	0.999277	31.4086	14296	100.00
m84011_220902_175841_s1/236847889/ccs	0.999954	43.3724	8095	100.00
m84011_220902_175841_s1/14815042/ccs	0.999882	39.2812	15820	99.99
m84011_220902_175841_s1/102697395/ccs	0.999459	32.668	15580	99.74
m84011_220902_175841_s1/114038066/ccs	0.999473	32.7819	15083	99.75
m84011_220902_175841_s1/247731971/ccs	0.999828	37.6447	18871	99.69
m84011_220902_175841_s1/173215064/ccs	0.999953	43.279	12334	99.55
m84011_220902_175841_s1/34213441/ccs	0.999981	47.2125	6436	99.81
m84011_220902_175841_s1/188945186/ccs	0.999911	40.5061	9479	99.99
m84011_220902_175841_s1/98764052/ccs	0.997759	26.4956	12173	99.49
m84011_220902_175841_s1/104728052/ccs	0.999914	40.655	4741	100.00
m84011_220902_175841_s1/156438988/ccs	0.999801	37.0115	16722	99.68
m84011_220902_175841_s1/23664123/ccs	0.999856	38.4164	15302	99.75
m84011_220902_175841_s1/199628674/ccs	0.999911	40.5061	20389	100.00
m84011_220902_175841_s1/105710963/ccs	0.999818	37.3993	9560	99.74
m84011_220902_175841_s1/192087593/ccs	0.997027	25.2681	22273	99.59
m84011_220902_175841_s1/104994714/ccs	0.999572	33.6856	16661	99.68
m84011_220902_175841_s1/258868712/ccs	0.999539	33.363	21979	99.65
m84011_220902_175841_s1/234162918/ccs	0.999707	35.3313	16019	99.99
m84011_220902_175841_s1/208930072/ccs	0.999712	35.4061	16208	99.99
m84011_220902_175841_s1/185010148/ccs	0.99541	23.3819	21107	99.94
m84011_220902_175841_s1/6357899/ccs	0.999769	36.3639	15992	99.99
m84011_220902_175841_s1/228330620/ccs	0.999845	38.0967	7491	99.77
m84011_220902_175841_s1/245039246/ccs	0.998576	28.4649	12632	99.67
m84011_220902_175841_s1/85528504/ccs	0.999164	30.7779	10427	99.95
m84011_220902_175841_s1/194253364/ccs	0.999677	34.908	17548	99.63
m84011_220902_175841_s1/133174202/ccs	0.99908	30.3621	12587	99.98
m84011_220902_175841_s1/41091793/ccs	0.99964	34.437	20548	99.34
m84011_220902_175841_s1/71501215/ccs	0.999792	36.8194	16297	99.67
m84011_220902_175841_s1/164566946/ccs	0.999159	30.752	27961	99.62
m84011_220902_175841_s1/64819449/ccs	0.999532	33.2975	16457	99.70
m84011_220902_175841_s1/140120379/ccs	0.999853	38.3268	13950	99.48
m84011_220902_175841_s1/266014823/ccs	0.998902	29.594	14212	99.73
m84011_220902_175841_s1/31589400/ccs	0.998007	27.0049	17623	99.64
m84011_220902_175841_s1/122159644/ccs	0.999514	33.1336	4251	100.00
m84011_220902_175841_s1/172952693/ccs	0.999125	30.5799	13968	99.66
m84011_220902_175841_s1/97060870/ccs	0.999595	33.9254	13586	99.99
m84011_220902_175841_s1/86049035/ccs	0.999922	41.0791	16430	99.32
m84011_220902_175841_s1/239798208/ccs	0.995524	23.4911	13149	99.99
m84011_220902_175841_s1/164433762/ccs	0.998245	27.5572	5702	99.46
m84011_220902_175841_s1/221385218/ccs	0.999969	45.0864	6524	99.98
m84011_220902_175841_s1/102897219/ccs	0.999929	41.4874	16498	99.99
m84011_220902_175841_s1/247531578/ccs	0.997237	25.5862	11630	99.95
m84011_220902_175841_s1/219091032/ccs	0.997758	26.4936	7884	99.99
m84011_220902_175841_s1/79890624/ccs	0.999785	36.6756	13180	99.63
m84011_220902_175841_s1/131728088/ccs	0.997507	26.0328	31043	99.95
m84011_220902_175841_s1/215880721/ccs	0.999938	42.0761	15461	99.64
m84011_220902_175841_s1/38405679/ccs	0.999637	34.4009	13395	99.99
m84011_220902_175841_s1/169805321/ccs	0.999736	35.784	15252	99.99
m84011_220902_175841_s1/175508251/ccs	0.999999	60	7012	99.99
m84011_220902_175841_s1/197790358/ccs	0.996088	24.076	14716	99.51
m84011_220902_175841_s1/173146130/ccs	0.999716	35.4668	8968	99.69
m84011_220902_175841_s1/209650513/ccs	1	60	5606	99.98
m84011_220902_175841_s1/240386458/ccs	0.999901	40.0436	12573	99.62
m84011_220902_175841_s1/105582957/ccs	0.999426	32.4109	11315	99.99
m84011_220902_175841_s1/207754346/ccs	0.999923	41.1351	13510	99.99
m84011_220902_175841_s1/157811487/ccs	0.999831	37.7211	9875	99.99
m84011_220902_175841_s1/254611907/ccs	0.997791	26.558	17658	99.99
m84011_220902_175841_s1/126817042/ccs	0.999524	33.2239	14518	99.97
m84011_220902_175841_s1/86575581/ccs	0.999731	35.7025	14891	99.99
m84011_220902_175841_s1/253036872/ccs	0.999888	39.5078	11703	99.60
m84011_220902_175841_s1/253429730/ccs	0.999821	37.4715	20849	100.00
m84011_220902_175841_s1/41289854/ccs	0.999174	30.8302	24245	100.00
m84011_220902_175841_s1/243142540/ccs	0.998292	27.6751	14631	99.99
m84011_220902_175841_s1/5767904/ccs	0.999843	38.041	18733	99.98
m84011_220902_175841_s1/141100765/ccs	0.999936	41.9382	12982	100.00
m84011_220902_175841_s1/33489312/ccs	0.999905	40.2228	9635	99.52
m84011_220902_175841_s1/95748296/ccs	0.999971	45.376	12917	99.99
m84011_220902_175841_s1/238291334/ccs	0.999789	36.7572	5879	100.00
m84011_220902_175841_s1/64356694/ccs	0.99935	31.8709	17115	100.00
m84011_220902_175841_s1/247140108/ccs	0.999851	38.2681	14411	99.99
m84011_220902_175841_s1/138871119/ccs	0.999972	45.5284	12704	100.00
m84011_220902_175841_s1/59966724/ccs	0.999387	32.1254	18338	99.98
m84011_220902_175841_s1/261424468/ccs	0.999675	34.8812	14990	99.99
m84011_220902_175841_s1/36110644/ccs	0.999821	37.4715	7110	99.48
m84011_220902_175841_s1/38929719/ccs	0.999877	39.1009	10150	99.48
m84011_220902_175841_s1/21302464/ccs	0.998145	27.3166	14952	99.99
m84011_220902_175841_s1/75697245/ccs	0.999557	33.536	13674	100.00
m84011_220902_175841_s1/233375771/ccs	0.998767	29.0904	12472	99.99
m84011_220902_175841_s1/190254966/ccs	0.998825	29.2996	11227	100.00
m84011_220902_175841_s1/68552907/ccs	0.999906	40.2687	17611	99.99
m84011_220902_175841_s1/18809090/ccs	0.999727	35.6384	10973	99.99
m84011_220902_175841_s1/186324790/ccs	0.999927	41.3668	13286	100.00
m84011_220902_175841_s1/61868153/ccs	0.999935	41.8709	12218	99.98
m84011_220902_175841_s1/191238548/ccs	0.997365	25.7922	13379	99.99
m84011_220902_175841_s1/43717491/ccs	0.999987	48.8606	11616	99.99
m84011_220902_175841_s1/157750330/ccs	0.99999	50	5645	100.00
m84011_220902_175841_s1/126357609/ccs	0.999944	42.5181	6756	99.99
m84011_220902_175841_s1/163711192/ccs	0.994245	22.3995	26667	99.34
m84011_220902_175841_s1/234622883/ccs	0.993309	21.7451	14411	98.88
m84011_220902_175841_s1/209194359/ccs	0.993591	21.9321	11249	98.55
m84011_220902_175841_s1/57804985/ccs	0.999988	49.2082	7192	98.72
m84011_220902_175841_s1/179635570/ccs	0.993793	22.0712	9110	98.86
m84011_220902_175841_s1/56889963/ccs	0.997088	25.3581	14704	99.90
m84011_220902_175841_s1/162927552/ccs	0.993693	22.0018	15312	99.77
m84011_220902_175841_s1/179897034/ccs	0.999818	37.3993	14330	99.97
m84011_220902_175841_s1/93194653/ccs	0.998806	29.23	8129	99.98
m84011_220902_175841_s1/34671203/ccs	0.999605	34.034	13311	99.34
m84011_220902_175841_s1/31589621/ccs	0.999534	33.3161	21828	100.00
m84011_220902_175841_s1/163845009/ccs	0.999993	51.549	12985	100.00
m84011_220902_175841_s1/182261095/ccs	0.998782	29.1435	24960	99.99
m84011_220902_175841_s1/126550857/ccs	0.997496	26.0137	9205	100.00
m84011_220902_175841_s1/235016586/ccs	0.999089	30.4048	17588	100.00
m84011_220902_175841_s1/96405878/ccs	0.994961	22.9766	19390	99.92
m84011_220902_175841_s1/57415656/ccs	0.992999	21.5484	18349	99.84
m84011_220902_175841_s1/47121393/ccs	0.999916	40.7572	16793	100.00
m84011_220902_175841_s1/108137428/ccs	0.999026	30.1144	16760	99.99
m84011_220902_175841_s1/93782397/ccs	0.999915	40.7058	15013	100.00
m84011_220902_175841_s1/239536124/ccs	0.99285	21.4569	14072	99.95
m84011_220902_175841_s1/131861999/ccs	0.999844	38.0688	6597	100.00
m84011_220902_175841_s1/52628019/ccs	0.999469	32.7491	11401	100.00
m84011_220902_175841_s1/71173219/ccs	0.999921	41.0237	5667	100.00
m84011_220902_175841_s1/167055990/ccs	0.997755	26.4878	18648	99.98
m84011_220902_175841_s1/244580460/ccs	0.999688	35.0585	26675	99.69
m84011_220902_175841_s1/76944095/ccs	0.999723	35.5752	15763	99.68
m84011_220902_175841_s1/167774563/ccs	0.999983	47.6955	4042	100.00
m84011_220902_175841_s1/36833337/ccs	0.99987	38.8606	15993	99.62
m84011_220902_175841_s1/195497046/ccs	0.998922	29.6738	22292	99.70
m84011_220902_175841_s1/193463333/ccs	0.996688	24.7991	17974	99.66
m84011_220902_175841_s1/83890649/ccs	0.999908	40.3621	1783	100.00
m84011_220902_175841_s1/25624820/ccs	0.994896	22.9209	31143	99.59
m84011_220902_175841_s1/233444415/ccs	0.999386	32.1183	23996	99.98
m84011_220902_175841_s1/99616566/ccs	0.9999	40	4713	100.00
m84011_220902_175841_s1/15079251/ccs	0.999332	31.7522	21873	99.71
m84011_220902_175841_s1/75171495/ccs	0.995563	23.5291	27002	99.86
m84011_220902_175841_s1/7998021/ccs	0.999913	40.6048	8734	99.99
m84011_220902_175841_s1/137629008/ccs	0.999127	30.5899	10946	99.72
m84011_220902_175841_s1/164301164/ccs	0.999377	32.0551	27100	99.70
m84011_220902_175841_s1/90247814/ccs	0.999944	42.5181	12402	99.75
m84011_220902_175841_s1/98111624/ccs	0.999273	31.3847	18647	99.99
m84011_220902_175841_s1/261689549/ccs	0.999794	36.8613	15788	99.69
m84011_220902_175841_s1/31788343/ccs	0.991344	20.6268	15784	99.65
m84011_220902_175841_s1/105252275/ccs	0.999757	36.1439	18482	99.79
m84011_220902_175841_s1/213910632/ccs	0.999241	31.1976	17316	99.98
m84011_220902_175841_s1/244385210/ccs	0.999915	40.7058	20930	99.86
m84011_220902_175841_s1/221249753/ccs	0.999285	31.4569	17090	99.84
m84011_220902_175841_s1/161814002/ccs	0.999969	45.0864	9171	99.80
m84011_220902_175841_s1/135268802/ccs	0.999176	30.8407	12685	99.85
m84011_220902_175841_s1/221645470/ccs	0.996925	25.1215	17660	99.84
m84011_220902_175841_s1/100273233/ccs	0.999117	30.5404	17583	99.88
m84011_220902_175841_s1/125834128/ccs	0.99373	22.0273	17184	99.85
m84011_220902_175841_s1/203167426/ccs	0.999848	38.1816	16055	99.87
m84011_220902_175841_s1/32440611/ccs	0.998279	27.6422	23730	99.99
m84011_220902_175841_s1/149488006/ccs	0.999964	44.437	12472	99.83
m84011_220902_175841_s1/223347891/ccs	0.999775	36.4782	22864	99.99
m84011_220902_175841_s1/14028127/ccs	0.999913	40.6048	17025	99.85
m84011_220902_175841_s1/63900133/ccs	0.99812	27.2584	24116	99.99
m84011_220902_175841_s1/78382831/ccs	0.999434	32.4718	14288	99.89
m84011_220902_175841_s1/234754734/ccs	0.997968	26.9208	27115	99.86
m84011_220902_175841_s1/177540824/ccs	0.999862	38.6012	17391	99.75
m84011_220902_175841_s1/67307538/ccs	0.999627	34.2829	20514	99.99
m84011_220902_175841_s1/222822654/ccs	0.999563	33.5952	6762	99.97
m84011_220902_175841_s1/222695812/ccs	0.999449	32.5885	12378	99.85
m84011_220902_175841_s1/262604568/ccs	0.998931	29.7102	23203	99.95
m84011_220902_175841_s1/34869378/ccs	0.994562	22.6456	17152	99.73
m84011_220902_175841_s1/40766929/ccs	0.999067	30.3012	23124	99.92
m84011_220902_175841_s1/42340326/ccs	0.999717	35.4821	17054	99.87
m84011_220902_175841_s1/176232230/ccs	0.999285	31.4569	21784	99.89
m84011_220902_175841_s1/232261885/ccs	0.99992	40.9691	14791	99.91
m84011_220902_175841_s1/100207145/ccs	0.995799	23.7665	14927	99.95
m84011_220902_175841_s1/4392142/ccs	0.995956	23.9319	25824	99.83
m84011_220902_175841_s1/32638229/ccs	0.998033	27.062	22600	99.88
m84011_220902_175841_s1/124912307/ccs	0.999849	38.2102	11724	99.85
m84011_220902_175841_s1/61407341/ccs	0.999687	35.0446	13199	99.94
m84011_220902_175841_s1/241241703/ccs	0.996638	24.734	17349	99.70
m84011_220902_175841_s1/95486618/ccs	0.999416	32.3359	17534	99.94
m84011_220902_175841_s1/89984854/ccs	0.999316	31.6494	17649	99.73
m84011_220902_175841_s1/80216258/ccs	0.998347	27.8173	15929	99.74
m84011_220902_175841_s1/267064400/ccs	0.998974	29.8885	21753	99.93
m84011_220902_175841_s1/113708598/ccs	0.997324	25.7251	13296	99.97
m84011_220902_175841_s1/10029237/ccs	0.997075	25.3387	18441	99.95
m84011_220902_175841_s1/9638672/ccs	0.998597	28.5294	22553	99.99
m84011_220902_175841_s1/44631904/ccs	0.999845	38.0967	10837	99.92
m84011_220902_175841_s1/144838414/ccs	0.999787	36.7162	11645	99.99
m84011_220902_175841_s1/151916380/ccs	0.999859	38.5078	12583	99.99
m84011_220902_175841_s1/47514652/ccs	0.999794	36.8613	7692	99.99
m84011_220902_175841_s1/98372780/ccs	0.998873	29.4808	16532	99.92
m84011_220902_175841_s1/14615264/ccs	0.999899	39.9568	16373	99.99
m84011_220902_175841_s1/51118248/ccs	0.998776	29.1222	14042	99.92
m84011_220902_175841_s1/218763504/ccs	0.996821	24.9771	18174	99.90
m84011_220902_175841_s1/16777999/ccs	0.999839	37.9317	15929	99.99
m84011_220902_175841_s1/211552041/ccs	0.999901	40.0436	18272	99.90
m84011_220902_175841_s1/116725568/ccs	0.99991	40.4576	10497	99.99
m84011_220902_175841_s1/64885089/ccs	0.999471	32.7654	22220	99.91
m84011_220902_175841_s1/131798980/ccs	0.998958	29.8213	22909	99.90
m84011_220902_175841_s1/13830962/ccs	0.995557	23.5232	15916	99.89
m84011_220902_175841_s1/45812497/ccs	0.999884	39.3554	9219	99.93
m84011_220902_175841_s1/11933410/ccs	0.999615	34.1454	7637	99.92
m84011_220902_175841_s1/65473065/ccs	0.998214	27.4812	9071	99.87
m84011_220902_175841_s1/254018737/ccs	0.999077	30.348	10232	99.89
m84011_220902_175841_s1/108203588/ccs	0.999911	40.5061	11222	99.88
m84011_220902_175841_s1/58722716/ccs	0.99962	34.2022	15535	99.90
m84011_220902_175841_s1/206442784/ccs	0.99998	46.9897	5540	100.00
m84011_220902_175841_s1/112071535/ccs	0.998859	29.4271	9859	100.00
m84011_220902_175841_s1/22022687/ccs	0.999532	33.2975	7953	99.94
m84011_220902_175841_s1/107679949/ccs	0.999217	31.0624	21987	99.99
m84011_220902_175841_s1/32576787/ccs	0.999914	40.655	17879	99.99
m84011_220902_175841_s1/248516432/ccs	0.993318	21.7509	25938	99.52
m84011_220902_175841_s1/113577295/ccs	0.999849	38.2102	19657	99.87
m84011_220902_175841_s1/200480613/ccs	0.99988	39.2082	17758	99.93
m84011_220902_175841_s1/181602420/ccs	0.999796	36.9037	12006	99.87
m84011_220902_175841_s1/171245820/ccs	0.999844	38.0688	18400	99.92
m84011_220902_175841_s1/51252751/ccs	0.999747	35.9688	16881	99.99
m84011_220902_175841_s1/98569898/ccs	0.997773	26.5228	14356	99.99
m84011_220902_175841_s1/81073899/ccs	0.999503	33.0364	13791	99.92
m84011_220902_175841_s1/94766590/ccs	0.999501	33.019	16514	99.90
m84011_220902_175841_s1/20778491/ccs	0.99992	40.9691	17374	99.93
m84011_220902_175841_s1/103224035/ccs	0.998291	27.6726	10540	99.99
m84011_220902_175841_s1/176292963/ccs	0.999411	32.2988	18702	99.99
m84011_220902_175841_s1/76549970/ccs	0.999058	30.2595	19393	99.99
m84011_220902_175841_s1/146606966/ccs	0.998782	29.1435	20395	99.84
m84011_220902_175841_s1/68163132/ccs	0.999462	32.6922	15029	99.88
m84011_220902_175841_s1/236389560/ccs	0.994355	22.4834	11796	99.82
m84011_220902_175841_s1/190255632/ccs	0.999046	30.2045	21451	99.71
m84011_220902_175841_s1/79631085/ccs	0.999764	36.2709	15842	99.94
m84011_220902_175841_s1/185731217/ccs	0.995202	23.1894	11849	99.86
m84011_220902_175841_s1/41487955/ccs	0.998665	28.7452	10989	99.99
m84011_220902_175841_s1/136646076/ccs	0.999444	32.5493	4420	99.89
m84011_220902_175841_s1/131864215/ccs	0.999985	48.2391	11241	99.99
m84011_220902_175841_s1/110037942/ccs	0.998371	27.8808	11078	99.96
m84011_220902_175841_s1/212864998/ccs	0.999819	37.4232	13248	99.91
m84011_220902_175841_s1/154470526/ccs	0.995307	23.2855	18608	99.66
m84011_220902_175841_s1/31917741/ccs	0.998529	28.3239	3421	99.91
m84011_220902_175841_s1/183502568/ccs	0.998292	27.6751	29169	99.73
m84011_220902_175841_s1/234163952/ccs	0.998769	29.0974	13313	99.92
m84011_220902_175841_s1/28316206/ccs	0.99085	20.3858	14973	99.65
m84011_220902_175841_s1/144443395/ccs	0.999876	39.0658	16578	99.82
m84011_220902_175841_s1/47912459/ccs	0.999944	42.5181	12417	99.99
m84011_220902_175841_s1/129696917/ccs	0.999661	34.698	15320	99.79
m84011_220902_175841_s1/92537391/ccs	0.999979	46.7778	14835	99.80
m84011_220902_175841_s1/215225952/ccs	0.999976	46.1979	12580	99.85
m84011_220902_175841_s1/192612475/ccs	0.999668	34.7886	10451	99.99
m84011_220902_175841_s1/43517777/ccs	0.998217	27.4885	15163	99.74
m84011_220902_175841_s1/17303644/ccs	0.999869	38.8273	12174	99.80
m84011_220902_175841_s1/187367947/ccs	0.999221	31.0846	3947	99.85
m84011_220902_175841_s1/180426125/ccs	0.999974	45.8503	11500	99.94
m84011_220902_175841_s1/148243544/ccs	0.999556	33.5262	11447	99.94
m84011_220902_175841_s1/207030338/ccs	0.99999	50	9431	99.94
m84011_220902_175841_s1/133698079/ccs	0.999407	32.2695	9605	99.93
m84011_220902_175841_s1/214304937/ccs	1	60	4506	100.00
m84011_220902_175841_s1/188285160/ccs	0.999949	42.9243	9733	99.86
m84011_220902_175841_s1/124916309/ccs	0.999865	38.6967	9736	99.99
m84011_220902_175841_s1/43453878/ccs	0.999466	32.7246	7671	99.99
m84011_220902_175841_s1/265621169/ccs	0.999938	42.0761	12731	99.50
m84011_220902_175841_s1/194381374/ccs	0.999791	36.7985	14164	99.34
m84011_220902_175841_s1/63899875/ccs	0.996843	25.0073	29463	99.67
m84011_220902_175841_s1/242158491/ccs	0.994693	22.7515	14486	99.30
m84011_220902_175841_s1/112199624/ccs	0.999149	30.7007	17997	99.61
m84011_220902_175841_s1/178195811/ccs	0.999326	31.7134	20077	99.67
m84011_220902_175841_s1/5965838/ccs	1	60	3285	99.91
m84011_220902_175841_s1/229118504/ccs	0.998148	27.3236	25498	99.57
m84011_220902_175841_s1/50990356/ccs	0.998408	27.9806	18169	99.56
m84011_220902_175841_s1/70321743/ccs	0.998186	27.4136	21066	99.62
m84011_220902_175841_s1/183112102/ccs	0.994294	22.4367	30563	99.47
m84011_220902_175841_s1/172818832/ccs	1	60	2638	99.92
m84011_220902_175841_s1/201329397/ccs	0.999864	38.6646	16232	99.58
m84011_220902_175841_s1/176163746/ccs	0.999732	35.7187	18080	99.62
m84011_220902_175841_s1/247793030/ccs	0.999711	35.391	24929	99.51
m84011_220902_175841_s1/246285161/ccs	0.999281	31.4327	25476	99.44
m84011_220902_175841_s1/85004087/ccs	0.995258	23.2404	1700	98.64
m84011_220902_175841_s1/90772274/ccs	0.999753	36.073	14944	99.31
m84011_220902_175841_s1/113776356/ccs	0.999408	32.2768	13672	99.26
m84011_220902_175841_s1/198183994/ccs	0.996765	24.9013	9705	99.31
m84011_220902_175841_s1/136907766/ccs	0.999946	42.6761	12040	99.99
m84011_220902_175841_s1/182982120/ccs	0.999918	40.8619	17361	99.99
m84011_220902_175841_s1/170268522/ccs	0.999841	37.986	18934	100.00
m84011_220902_175841_s1/127600475/ccs	0.999918	40.8619	11109	99.65
m84011_220902_175841_s1/119542422/ccs	0.99958	33.7675	10639	99.99
m84011_220902_175841_s1/90899792/ccs	0.997709	26.3997	12635	99.64
m84011_220902_175841_s1/62196872/ccs	0.999361	31.945	13874	99.65
m84011_220902_175841_s1/109448052/ccs	0.999631	34.3297	13679	100.00
m84011_220902_175841_s1/211485122/ccs	0.99996	43.9794	14310	99.65
m84011_220902_175841_s1/32444967/ccs	0.999692	35.1145	15603	100.00
m84011_220902_175841_s1/89134098/ccs	0.999987	48.8606	11833	100.00
m84011_220902_175841_s1/84151631/ccs	0.9999	40	9637	99.65
m84011_220902_175841_s1/155980370/ccs	0.999956	43.5655	12423	99.99
m84011_220902_175841_s1/244125687/ccs	0.999937	42.0066	12859	99.66
m84011_220902_175841_s1/47978066/ccs	0.99994	42.2185	13146	99.67
m84011_220902_175841_s1/166791059/ccs	0.999974	45.8503	13052	99.61
m84011_220902_175841_s1/185404956/ccs	0.999664	34.7366	13639	100.00
m84011_220902_175841_s1/21365103/ccs	0.999719	35.5129	12694	99.57
m84011_220902_175841_s1/103026907/ccs	0.999936	41.9382	12496	99.99
m84011_220902_175841_s1/50141071/ccs	0.999915	40.7058	8229	100.00
m84011_220902_175841_s1/179442563/ccs	0.999881	39.2445	14757	99.88
m84011_220902_175841_s1/234296765/ccs	0.999934	41.8046	11326	99.90
m84011_220902_175841_s1/53872053/ccs	0.999743	35.9007	18237	99.91
m84011_220902_175841_s1/242551000/ccs	0.999468	32.7409	21364	99.72
m84011_220902_175841_s1/58065277/ccs	0.998661	28.7322	14610	99.95
m84011_220902_175841_s1/165416275/ccs	0.998932	29.7143	17960	99.74
m84011_220902_175841_s1/217712479/ccs	0.997814	26.6035	13221	99.90
m84011_220902_175841_s1/222235093/ccs	0.99917	30.8092	11591	99.94
m84011_220902_175841_s1/172426398/ccs	0.999757	36.1439	19055	99.87
m84011_220902_175841_s1/217060392/ccs	0.999046	30.2045	14701	99.94
m84011_220902_175841_s1/194053091/ccs	0.997036	25.2812	12197	99.95
m84011_220902_175841_s1/21042435/ccs	0.999787	36.7162	12136	99.77
m84011_220902_175841_s1/158729585/ccs	0.999857	38.4466	10276	99.98
m84011_220902_175841_s1/143067342/ccs	0.999708	35.3462	17546	99.78
m84011_220902_175841_s1/167184670/ccs	0.999961	44.0894	12144	99.90
m84011_220902_175841_s1/212341420/ccs	0.999884	39.3554	11285	99.91
m84011_220902_175841_s1/41160414/ccs	0.999558	33.5458	17538	99.86
m84011_220902_175841_s1/140444209/ccs	0.999745	35.9346	13296	99.92
m84011_220902_175841_s1/83628924/ccs	0.99999	50	8350	99.95
m84011_220902_175841_s1/100864701/ccs	0.99985	38.2391	12242	99.76
m84011_220902_175841_s1/43320593/ccs	0.999559	33.5556	13318	99.87
m84011_220902_175841_s1/141624602/ccs	0.999752	36.0555	4981	99.92
m84011_220902_175841_s1/246420411/ccs	0.998128	27.2769	13310	99.86
m84011_220902_175841_s1/72421099/ccs	0.999779	36.5561	10498	99.82
m84011_220902_175841_s1/222302403/ccs	0.999521	33.1966	22854	99.43
m84011_220902_175841_s1/93128868/ccs	0.998776	29.1222	27971	99.52
m84011_220902_175841_s1/78123022/ccs	0.998397	27.9507	4984	99.72
m84011_220902_175841_s1/266997913/ccs	0.993362	21.7796	15235	99.41
m84011_220902_175841_s1/35127739/ccs	0.999049	30.2182	14494	99.58
m84011_220902_175841_s1/205195178/ccs	0.999594	33.9147	31050	99.61
m84011_220902_175841_s1/17893014/ccs	0.999502	33.0277	27048	99.62
m84011_220902_175841_s1/151587882/ccs	0.995734	23.6998	22821	99.46
m84011_220902_175841_s1/58199640/ccs	0.998754	29.0448	26042	99.58
m84011_220902_175841_s1/196022471/ccs	0.999626	34.2713	13713	99.44
m84011_220902_175841_s1/225841873/ccs	0.998751	29.0344	21138	99.61
m84011_220902_175841_s1/50856933/ccs	0.999253	31.2668	24836	99.65
m84011_220902_175841_s1/173345605/ccs	0.999626	34.2713	24431	99.67
m84011_220902_175841_s1/197790599/ccs	0.999976	46.1979	12136	99.46
m84011_220902_175841_s1/81793509/ccs	0.999195	30.942	23276	99.65
m84011_220902_175841_s1/144774459/ccs	0.999239	31.1862	15982	99.61
m84011_220902_175841_s1/144640744/ccs	0.999945	42.5964	12928	99.54
m84011_220902_175841_s1/131924459/ccs	0.999422	32.3807	17993	99.68
m84011_220902_175841_s1/23531255/ccs	0.996631	24.725	16082	99.63
m84011_220902_175841_s1/25559737/ccs	0.99988	39.2082	14723	99.68
m84011_220902_175841_s1/155849900/ccs	0.999954	43.3724	10355	99.56
m84011_220902_175841_s1/226558842/ccs	0.999454	32.6281	11506	99.61
m84011_220902_175841_s1/165614412/ccs	0.99818	27.3993	22819	99.80
m84011_220902_175841_s1/191303477/ccs	0.999569	33.6552	12029	99.73
m84011_220902_175841_s1/62720349/ccs	0.999983	47.6955	10349	99.71
m84011_220902_175841_s1/129042450/ccs	0.996016	23.9968	17345	99.79
m84011_220902_175841_s1/119410753/ccs	0.999972	45.5284	9818	99.84
m84011_220902_175841_s1/166270038/ccs	0.999807	37.1444	16621	99.86
m84011_220902_175841_s1/94769367/ccs	0.998891	29.5507	17724	99.85
m84011_220902_175841_s1/132516979/ccs	0.99966	34.6852	6552	99.82
m84011_220902_175841_s1/147522249/ccs	0.999867	38.7615	17565	99.87
m84011_220902_175841_s1/167515089/ccs	1	60	5598	99.84
m84011_220902_175841_s1/36309095/ccs	0.999889	39.5468	7505	99.81
m84011_220902_175841_s1/197334082/ccs	0.999933	41.7393	15094	99.89
m84011_220902_175841_s1/104597311/ccs	0.999806	37.122	19261	99.91
m84011_220902_175841_s1/247728427/ccs	0.999792	36.8194	8395	99.93
m84011_220902_175841_s1/69075346/ccs	0.999734	35.7512	16080	99.89
m84011_220902_175841_s1/121767237/ccs	0.999048	30.2136	18009	99.89
m84011_220902_175841_s1/139789144/ccs	0.997427	25.8956	20328	99.89
m84011_220902_175841_s1/197202744/ccs	0.999925	41.2494	12763	99.89
m84011_220902_175841_s1/222103397/ccs	0.999851	38.2681	14140	99.90
m84011_220902_175841_s1/212406350/ccs	0.99796	26.9037	13736	99.91
m84011_220902_175841_s1/4264532/ccs	0.999629	34.3063	26068	99.92
m84011_220902_175841_s1/48890863/ccs	0.999419	32.3582	13799	99.90
m84011_220902_175841_s1/79497315/ccs	0.999919	40.9151	7802	99.88
m84011_220902_175841_s1/179571260/ccs	0.998198	27.4425	21767	99.93
m84011_220902_175841_s1/78516541/ccs	0.999835	37.8252	17565	99.89
m84011_220902_175841_s1/122880088/ccs	0.999798	36.9465	14953	99.95
m84011_220902_175841_s1/263523862/ccs	0.999801	37.0115	14657	99.95
m84011_220902_175841_s1/165740731/ccs	0.999781	36.5956	13979	99.94
m84011_220902_175841_s1/195040703/ccs	0.999424	32.3958	12109	99.93
m84011_220902_175841_s1/161091493/ccs	0.999665	34.7496	15797	99.89
m84011_220902_175841_s1/98764106/ccs	0.99924	31.1919	20897	99.88
m84011_220902_175841_s1/11343299/ccs	0.999919	40.9151	14618	99.90
m84011_220902_175841_s1/196218834/ccs	0.998011	27.0137	18513	99.92
m84011_220902_175841_s1/44828268/ccs	0.996611	24.6993	14831	99.83
m84011_220902_175841_s1/25823167/ccs	0.998474	28.1645	16667	99.92
m84011_220902_175841_s1/115017862/ccs	0.994886	22.9124	14294	99.83
m84011_220902_175841_s1/146278630/ccs	0.999153	30.7212	10799	99.94
m84011_220902_175841_s1/202838931/ccs	0.99996	43.9794	13724	99.93
m84011_220902_175841_s1/219220372/ccs	0.999946	42.6761	14211	99.93
m84011_220902_175841_s1/33297744/ccs	0.997024	25.2637	18618	99.86
m84011_220902_175841_s1/222697063/ccs	0.999664	34.7366	17522	99.87
m84011_220902_175841_s1/237374366/ccs	0.999838	37.9048	10608	99.91
m84011_220902_175841_s1/88937234/ccs	0.999407	32.2695	16679	99.86
m84011_220902_175841_s1/223413715/ccs	0.999947	42.7572	9192	99.90
m84011_220902_175841_s1/182847880/ccs	0.999446	32.5649	19330	99.98
m84011_220902_175841_s1/177870268/ccs	0.997516	26.0485	16807	99.94
m84011_220902_175841_s1/260445641/ccs	0.999867	38.7615	11367	99.98
m84011_220902_175841_s1/77334944/ccs	0.997902	26.7819	9704	99.98
m84011_220902_175841_s1/75764047/ccs	0.999875	39.0309	20325	99.97
m84011_220902_175841_s1/208538761/ccs	0.999076	30.3433	23010	99.98
m84011_220902_175841_s1/186384653/ccs	0.999573	33.6957	23136	99.98
m84011_220902_175841_s1/41947523/ccs	0.997657	26.3023	23356	99.96
m84011_220902_175841_s1/36045191/ccs	0.995737	23.7028	22691	99.87
m84011_220902_175841_s1/250676057/ccs	0.999837	37.8781	15770	99.98
m84011_220902_175841_s1/45091105/ccs	0.998818	29.2738	16595	99.98
m84011_220902_175841_s1/161416190/ccs	0.999886	39.431	6219	99.97
m84011_220902_175841_s1/261951975/ccs	0.993502	21.8722	20421	99.74
m84011_220902_175841_s1/262408242/ccs	0.999788	36.7366	17772	99.98
m84011_220902_175841_s1/239735026/ccs	0.994751	22.7992	16530	99.86
m84011_220902_175841_s1/211879778/ccs	0.999733	35.7349	17715	99.98
m84011_220902_175841_s1/54789338/ccs	0.9996	33.9794	18800	99.98
m84011_220902_175841_s1/50925382/ccs	0.997728	26.4359	17268	99.97
m84011_220902_175841_s1/244516667/ccs	0.999025	30.11	7389	99.99
m84011_220902_175841_s1/200933748/ccs	0.999353	31.891	14979	99.98
m84011_220902_175841_s1/83887961/ccs	0.999619	34.1908	23277	99.97
m84011_220902_175841_s1/165872771/ccs	0.998207	27.4642	16691	99.98
m84011_220902_175841_s1/154603141/ccs	0.99948	32.84	17722	99.95
m84011_220902_175841_s1/234555872/ccs	0.993234	21.6967	20854	99.93
m84011_220902_175841_s1/52233078/ccs	0.999526	33.2422	12375	99.97
m84011_220902_175841_s1/113839402/ccs	0.999353	31.891	19550	99.95
m84011_220902_175841_s1/151458067/ccs	0.999739	35.8336	12159	99.97
m84011_220902_175841_s1/133563352/ccs	0.999447	32.5727	5519	99.98
m84011_220902_175841_s1/159650290/ccs	0.999777	36.517	14621	99.97
m84011_220902_175841_s1/99292127/ccs	1	60	7766	99.97
m84011_220902_175841_s1/234489057/ccs	0.998719	28.9245	17855	99.97
m84011_220902_175841_s1/49418876/ccs	0.99947	32.7572	20057	99.97
m84011_220902_175841_s1/207359938/ccs	0.999982	47.4473	7840	99.97
m84011_220902_175841_s1/155322440/ccs	0.999111	30.511	17602	99.97
m84011_220902_175841_s1/220400266/ccs	0.997413	25.872	15223	99.96
m84011_220902_175841_s1/243471117/ccs	0.99733	25.7349	20257	99.95
m84011_220902_175841_s1/8327325/ccs	0.999797	36.925	14146	99.48
m84011_220902_175841_s1/207882880/ccs	0.999386	32.1183	14766	99.48
m84011_220902_175841_s1/176428748/ccs	0.99891	29.6257	25213	99.97
m84011_220902_175841_s1/127143967/ccs	0.999797	36.925	16523	99.97
m84011_220902_175841_s1/211289208/ccs	0.999862	38.6012	13703	99.96
m84011_220902_175841_s1/37819583/ccs	0.997352	25.7708	11793	99.93
m84011_220902_175841_s1/18354458/ccs	0.998996	29.9827	11791	99.97
m84011_220902_175841_s1/231539083/ccs	0.999526	33.2422	21756	99.96
m84011_220902_175841_s1/48237715/ccs	0.999976	46.1979	13270	99.98
m84011_220902_175841_s1/222038102/ccs	0.997838	26.6514	15694	99.97
m84011_220902_175841_s1/18547092/ccs	0.998954	29.8047	16055	99.96
m84011_220902_175841_s1/218040030/ccs	0.999741	35.867	15251	99.96
m84011_220902_175841_s1/231867077/ccs	0.999205	30.9963	23797	99.98
m84011_220902_175841_s1/224330107/ccs	0.998064	27.1309	20564	99.98
m84011_220902_175841_s1/171835803/ccs	0.999701	35.2433	15646	99.97
m84011_220902_175841_s1/199166918/ccs	1	60	3465	99.97
m84011_220902_175841_s1/228852107/ccs	0.999988	49.2082	10307	99.96
m84011_220902_175841_s1/135336334/ccs	0.999501	33.019	24156	99.98
m84011_220902_175841_s1/229835689/ccs	0.999642	34.4612	20997	99.97
m84011_220902_175841_s1/61344688/ccs	0.999506	33.0627	16628	99.98
m84011_220902_175841_s1/193072403/ccs	0.9987	28.8606	18570	99.97
m84011_220902_175841_s1/234558433/ccs	0.999911	40.5061	15158	99.97
m84011_220902_175841_s1/152897032/ccs	0.999844	38.0688	15137	99.98
m84011_220902_175841_s1/82576182/ccs	0.999002	30.0087	14228	99.97
m84011_220902_175841_s1/237964641/ccs	0.999943	42.4413	13781	99.97
m84011_220902_175841_s1/85526575/ccs	0.998168	27.3707	14174	99.98
m84011_220902_175841_s1/237179484/ccs	0.999702	35.2578	11827	99.97
m84011_220902_175841_s1/65864897/ccs	0.999464	32.7084	17408	99.98
m84011_220902_175841_s1/61997601/ccs	0.999427	32.4185	11700	99.97
m84011_220902_175841_s1/125175258/ccs	0.999743	35.9007	13651	99.98
m84011_220902_175841_s1/216995526/ccs	0.999606	34.045	17058	99.98
m84011_220902_175841_s1/97981211/ccs	0.999928	41.4267	15188	99.99
m84011_220902_175841_s1/169217408/ccs	0.997154	25.4577	20347	99.99
m84011_220902_175841_s1/193527861/ccs	0.999823	37.5203	14705	99.99
m84011_220902_175841_s1/33100609/ccs	0.999238	31.1805	13096	99.98
m84011_220902_175841_s1/48565538/ccs	0.999386	32.1183	13996	99.99
m84011_220902_175841_s1/30215130/ccs	0.99759	26.1798	24899	99.95
m84011_220902_175841_s1/248056187/ccs	0.999972	45.5284	9099	100.00
m84011_220902_175841_s1/130023567/ccs	0.999611	34.1005	18979	100.00
m84011_220902_175841_s1/247991946/ccs	0.999942	42.3657	9375	100.00
m84011_220902_175841_s1/224793352/ccs	0.990807	20.3654	15050	99.76
m84011_220902_175841_s1/118953546/ccs	0.999695	35.157	22184	100.00
m84011_220902_175841_s1/173607840/ccs	0.996149	24.1443	20907	99.96
m84011_220902_175841_s1/159648232/ccs	0.999252	31.261	11672	99.97
m84011_220902_175841_s1/155714948/ccs	0.998698	28.8539	16783	99.99
m84011_220902_175841_s1/190317756/ccs	0.99976	36.1979	7014	100.00
m84011_220902_175841_s1/206047451/ccs	0.999838	37.9048	20187	100.00
m84011_220902_175841_s1/40175071/ccs	0.992912	21.4948	17685	99.82
m84011_220902_175841_s1/197788415/ccs	0.999935	41.8709	13766	100.00
m84011_220902_175841_s1/41028237/ccs	0.999518	33.1695	28636	99.99
m84011_220902_175841_s1/54660564/ccs	0.999772	36.4207	9769	100.00
m84011_220902_175841_s1/83366421/ccs	0.997755	26.4878	20090	99.98
m84011_220902_175841_s1/56166800/ccs	0.999609	34.0782	23950	99.99
m84011_220902_175841_s1/66456992/ccs	0.999564	33.6051	10380	100.00
m84011_220902_175841_s1/184420057/ccs	0.998984	29.9311	11430	99.99
m84011_220902_175841_s1/49153830/ccs	0.998383	27.9129	14253	99.99
m84011_220902_175841_s1/157746250/ccs	0.998601	28.5418	19311	99.99
m84011_220902_175841_s1/158336786/ccs	0.999758	36.1618	14596	100.00
m84011_220902_175841_s1/49152703/ccs	0.997819	26.6134	12265	100.00
m84011_220902_175841_s1/189989583/ccs	0.9999	40	13866	100.00
m84011_220902_175841_s1/169415095/ccs	0.999882	39.2812	15722	100.00
m84011_220902_175841_s1/212274859/ccs	0.999959	43.8722	8278	100.00
m84011_220902_175841_s1/236653657/ccs	0.999348	31.8575	16925	100.00
m84011_220902_175841_s1/73532796/ccs	0.996321	24.3427	13897	99.96
m84011_220902_175841_s1/198377634/ccs	0.999166	30.7883	22793	99.96
m84011_220902_175841_s1/38732962/ccs	0.99931	31.6115	14663	99.98
m84011_220902_175841_s1/44434653/ccs	0.999893	39.7062	16376	99.99
m84011_220902_175841_s1/103943667/ccs	0.998995	29.9783	13766	99.99
m84011_220902_175841_s1/24053755/ccs	0.999816	37.3518	14091	99.99
m84011_220902_175841_s1/17305336/ccs	0.999395	32.1824	13929	99.99
m84011_220902_175841_s1/27397583/ccs	0.999895	39.7881	13719	100.00
m84011_220902_175841_s1/25167569/ccs	0.998646	28.6838	11723	99.96
m84011_220902_175841_s1/81529784/ccs	0.999822	37.4958	10638	100.00
m84011_220902_175841_s1/117510372/ccs	0.99601	23.9903	18001	99.91
m84011_220902_175841_s1/197528366/ccs	0.998393	27.9398	14844	99.95
m84011_220902_175841_s1/79825514/ccs	0.998919	29.6617	12316	99.99
m84011_220902_175841_s1/90767749/ccs	0.998514	28.2798	19826	99.97
m84011_220902_175841_s1/91162511/ccs	0.996603	24.689	22106	99.97
m84011_220902_175841_s1/166595338/ccs	0.999859	38.5078	20986	100.00
m84011_220902_175841_s1/31855787/ccs	0.999639	34.4249	17628	99.99
m84011_220902_175841_s1/195103978/ccs	0.998204	27.4569	18402	99.96
m84011_220902_175841_s1/246879789/ccs	0.996645	24.7431	23391	99.96
m84011_220902_175841_s1/187698332/ccs	0.999476	32.8067	8480	99.99
m84011_220902_175841_s1/131076308/ccs	0.9996	33.9794	12421	99.99
m84011_220902_175841_s1/252579103/ccs	0.994612	22.6857	15954	99.89
m84011_220902_175841_s1/246551386/ccs	0.998798	29.201	2280	99.87
m84011_220902_175841_s1/117052536/ccs	0.999986	48.5387	9765	99.99
m84011_220902_175841_s1/44242078/ccs	0.997018	25.2549	22020	99.97
m84011_220902_175841_s1/62854038/ccs	0.999417	32.3433	22079	99.99
m84011_220902_175841_s1/242419811/ccs	0.999963	44.318	11002	100.00
m84011_220902_175841_s1/35457441/ccs	0.998423	28.0217	23101	99.98
m84011_220902_175841_s1/245764299/ccs	0.999926	41.3077	5408	100.00
m84011_220902_175841_s1/186389229/ccs	0.999963	44.318	4564	99.98
m84011_220902_175841_s1/103417333/ccs	0.998468	28.1474	4168	99.93
m84011_220902_175841_s1/87755054/ccs	0.99963	34.318	13881	100.00
m84011_220902_175841_s1/233702471/ccs	0.999672	34.8413	15942	100.00
m84011_220902_175841_s1/15860785/ccs	0.999959	43.8722	10761	100.00
m84011_220902_175841_s1/59312002/ccs	0.994928	22.9482	14778	99.88
m84011_220902_175841_s1/139988773/ccs	0.999325	31.707	24074	100.00
m84011_220902_175841_s1/116199545/ccs	0.999453	32.6201	18732	99.99
m84011_220902_175841_s1/196153785/ccs	0.999788	36.7366	18574	99.99
m84011_220902_175841_s1/67766296/ccs	0.999999	60	5476	100.00
m84011_220902_175841_s1/21042656/ccs	0.99925	31.2494	12841	99.99
m84011_220902_175841_s1/130353504/ccs	0.995922	23.8955	24352	99.98
m84011_220902_175841_s1/60035136/ccs	0.99899	29.9568	21927	99.98
m84011_220902_175841_s1/261752364/ccs	0.999752	36.0555	3234	100.00
m84011_220902_175841_s1/84547434/ccs	0.999433	32.4642	17664	99.99
m84011_220902_175841_s1/34411274/ccs	0.997222	25.5627	18701	99.99
m84011_220902_175841_s1/263589591/ccs	0.999928	41.4267	15913	100.00
m84011_220902_175841_s1/94897072/ccs	0.999873	38.962	4601	100.00
m84011_220902_175841_s1/86774103/ccs	0.999932	41.6749	12071	99.99
m84011_220902_175841_s1/35723054/ccs	0.998261	27.597	13079	100.00
m84011_220902_175841_s1/9572854/ccs	0.999154	30.7263	21448	100.00
m84011_220902_175841_s1/176620491/ccs	0.997408	25.8637	14828	99.97
m84011_220902_175841_s1/214502496/ccs	0.9959	23.8722	7130	99.90
m84011_220902_175841_s1/85263858/ccs	0.999616	34.1567	16503	99.99
m84011_220902_175841_s1/227672847/ccs	0.999094	30.4287	8700	100.00
m84011_220902_175841_s1/118490805/ccs	0.999572	33.6856	17105	100.00
m84011_220902_175841_s1/264113763/ccs	0.999713	35.4212	17978	99.99
m84011_220902_175841_s1/246547375/ccs	0.999876	39.0658	6136	99.98
m84011_220902_175841_s1/99617676/ccs	0.998333	27.7806	10855	99.94
m84011_220902_175841_s1/142020491/ccs	0.999832	37.7469	10190	99.98
m84011_220902_175841_s1/144775113/ccs	0.994333	22.4665	18090	99.95
m84011_220902_175841_s1/145231043/ccs	0.999905	40.2228	7746	100.00
m84011_220902_175841_s1/233376010/ccs	0.998696	28.8472	25998	99.56
m84011_220902_175841_s1/195497380/ccs	0.998887	29.535	13888	99.99
m84011_220902_175841_s1/95882379/ccs	0.99983	37.6955	13514	100.00
m84011_220902_175841_s1/9508149/ccs	0.999341	31.8111	33543	99.96
m84011_220902_175841_s1/81466588/ccs	0.998812	29.2518	15047	99.99
m84011_220902_175841_s1/195364427/ccs	0.999969	45.0864	7326	100.00
m84011_220902_175841_s1/45878343/ccs	0.999965	44.5593	9645	99.99
m84011_220902_175841_s1/40375418/ccs	1	60	3236	99.60
m84011_220902_175841_s1/245041874/ccs	0.994023	22.2352	18019	99.52
m84011_220902_175841_s1/97127522/ccs	0.999839	37.9317	17821	100.00
m84011_220902_175841_s1/262214145/ccs	0.999584	33.8091	15315	99.99
m84011_220902_175841_s1/131536170/ccs	0.999624	34.2481	11706	99.99
m84011_220902_175841_s1/243206860/ccs	0.999919	40.9151	15998	99.99
m84011_220902_175841_s1/189859192/ccs	0.998553	28.3953	30038	99.54
m84011_220902_175841_s1/34344422/ccs	0.999797	36.925	22733	99.59
m84011_220902_175841_s1/53743241/ccs	0.999683	34.9894	18883	100.00
m84011_220902_175841_s1/217517727/ccs	0.997962	26.908	17745	99.99
m84011_220902_175841_s1/207950958/ccs	0.998801	29.2118	17600	99.55
m84011_220902_175841_s1/54660406/ccs	0.998865	29.45	16934	99.99
m84011_220902_175841_s1/154272981/ccs	0.998532	28.3327	29407	99.56
m84011_220902_175841_s1/110301174/ccs	0.999633	34.3533	16386	99.99
m84011_220902_175841_s1/36111336/ccs	0.999946	42.6761	13592	100.00
m84011_220902_175841_s1/217646109/ccs	0.999908	40.3621	13617	99.99
m84011_220902_175841_s1/128321856/ccs	0.99984	37.9588	18178	99.99
m84011_220902_175841_s1/32703700/ccs	0.996657	24.7586	23729	99.51
m84011_220902_175841_s1/121898479/ccs	0.999752	36.0555	9363	100.00
m84011_220902_175841_s1/58789534/ccs	0.99551	23.4775	22957	99.49
m84011_220902_175841_s1/254151729/ccs	0.999242	31.2033	17496	99.54
m84011_220902_175841_s1/21565434/ccs	0.999716	35.4668	20457	99.99
m84011_220902_175841_s1/188219504/ccs	0.997659	26.306	10112	99.98
m84011_220902_175841_s1/250416771/ccs	0.999858	38.4771	17086	100.00
m84011_220902_175841_s1/72681039/ccs	0.99859	28.5078	18573	99.99
m84011_220902_175841_s1/22676878/ccs	0.999921	41.0237	15968	99.99
m84011_220902_175841_s1/48170288/ccs	0.99617	24.168	20176	99.55
m84011_220902_175841_s1/85265258/ccs	0.999925	41.2494	14967	100.00
m84011_220902_175841_s1/214764605/ccs	0.999383	32.0971	13420	99.53
m84011_220902_175841_s1/231083160/ccs	0.998024	27.0421	16295	99.59
m84011_220902_175841_s1/241244141/ccs	0.998941	29.751	17821	100.00
m84011_220902_175841_s1/52039830/ccs	0.999594	33.9147	20409	99.58
m84011_220902_175841_s1/221320201/ccs	0.999516	33.1515	15701	99.99
m84011_220902_175841_s1/11866865/ccs	0.999989	49.5861	15121	99.58
m84011_220902_175841_s1/245763511/ccs	0.999801	37.0115	14481	99.56
m84011_220902_175841_s1/170530439/ccs	0.997867	26.7101	11409	99.96
m84011_220902_175841_s1/222625882/ccs	0.994298	22.4397	11822	99.38
m84011_220902_175841_s1/63636752/ccs	0.999693	35.1286	10347	99.52
m84011_220902_175841_s1/195494640/ccs	0.999813	37.2816	21155	99.95
m84011_220902_175841_s1/187175265/ccs	0.99962	34.2022	17655	99.99
m84011_220902_175841_s1/104467109/ccs	0.998226	27.5105	15179	99.98
m84011_220902_175841_s1/237635706/ccs	0.99961	34.0894	16582	100.00
m84011_220902_175841_s1/243209144/ccs	0.997912	26.8027	25797	99.91
m84011_220902_175841_s1/194711374/ccs	0.99972	35.5284	14823	99.99
m84011_220902_175841_s1/125763781/ccs	0.999621	34.2136	21535	99.95
m84011_220902_175841_s1/3608749/ccs	0.99987	38.8606	9942	100.00
m84011_220902_175841_s1/154339603/ccs	0.999988	49.2082	16050	99.99
m84011_220902_175841_s1/78318818/ccs	0.999911	40.5061	8319	100.00
m84011_220902_175841_s1/21042444/ccs	0.999991	50.4576	12434	99.99
m84011_220902_175841_s1/44634934/ccs	0.99742	25.8838	14905	99.96
m84011_220902_175841_s1/262078877/ccs	0.998277	27.6371	22440	99.92
m84011_220902_175841_s1/65340853/ccs	0.993501	21.8715	21595	99.76
m84011_220902_175841_s1/25954689/ccs	0.998911	29.6297	16036	99.95
m84011_220902_175841_s1/79037313/ccs	0.997623	26.2397	17617	99.89
m84011_220902_175841_s1/117245511/ccs	0.99964	34.437	19059	99.94
m84011_220902_175841_s1/59376306/ccs	0.999942	42.3657	13131	99.98
m84011_220902_175841_s1/122032090/ccs	0.999946	42.6761	14637	99.95
m84011_220902_175841_s1/52565323/ccs	0.99999	50	4256	100.00
m84011_220902_175841_s1/129564748/ccs	0.999717	35.4821	20677	99.92
m84011_220902_175841_s1/127602256/ccs	0.999933	41.7393	11037	99.98
m84011_220902_175841_s1/96469830/ccs	0.999246	31.2263	19506	99.91
m84011_220902_175841_s1/102700944/ccs	0.996286	24.3016	9892	99.92
m84011_220902_175841_s1/165352579/ccs	0.999864	38.6646	17015	99.91
m84011_220902_175841_s1/200933633/ccs	0.997522	26.059	21978	99.87
m84011_220902_175841_s1/159126248/ccs	0.999957	43.6653	12401	99.94
m84011_220902_175841_s1/41290382/ccs	0.99989	39.5861	14267	99.64
m84011_220902_175841_s1/89723198/ccs	0.998045	27.0885	11036	99.95
m84011_220902_175841_s1/111286039/ccs	0.996268	24.2806	12267	99.64
m84011_220902_175841_s1/250351189/ccs	0.999815	37.3283	22269	99.91
m84011_220902_175841_s1/259985753/ccs	0.998943	29.7593	15353	99.90
m84011_220902_175841_s1/60560269/ccs	0.999816	37.3518	14480	99.90
m84011_220902_175841_s1/60953248/ccs	0.999941	42.2915	13776	99.91
m84011_220902_175841_s1/58722156/ccs	0.9944	22.5181	21220	99.81
m84011_220902_175841_s1/146278765/ccs	0.998866	29.4539	24271	99.92
m84011_220902_175841_s1/128321201/ccs	0.997926	26.8319	13491	99.87
m84011_220902_175841_s1/95289629/ccs	0.999984	47.9588	8188	99.96
m84011_220902_175841_s1/105777712/ccs	0.999432	32.4565	18916	99.90
m84011_220902_175841_s1/34411753/ccs	0.999968	44.9485	8482	99.92
m84011_220902_175841_s1/212670192/ccs	0.995947	23.9222	15657	99.87
m84011_220902_175841_s1/140645124/ccs	0.999775	36.4782	11143	99.90
m84011_220902_175841_s1/254674297/ccs	0.997833	26.6414	13517	99.88
m84011_220902_175841_s1/83558916/ccs	0.999888	39.5078	20168	99.90
m84011_220902_175841_s1/131667537/ccs	0.999983	47.6955	15440	99.90
m84011_220902_175841_s1/141493304/ccs	0.999419	32.3582	7588	99.89
m84011_220902_175841_s1/114692220/ccs	0.997241	25.5925	15959	99.87
m84011_220902_175841_s1/140841326/ccs	0.999948	42.84	11550	99.89
m84011_220902_175841_s1/149360416/ccs	0.999595	33.9254	14341	99.89
m84011_220902_175841_s1/220992570/ccs	0.999463	32.7003	20138	99.91
m84011_220902_175841_s1/214042290/ccs	0.999337	31.7849	10092	99.89
m84011_220902_175841_s1/226430117/ccs	1	60	6906	99.74
m84011_220902_175841_s1/49483973/ccs	0.999563	33.5952	21833	99.89
m84011_220902_175841_s1/62328018/ccs	0.999929	41.4874	6628	99.83
m84011_220902_175841_s1/100995445/ccs	0.999961	44.0894	13752	99.87
m84011_220902_175841_s1/201394394/ccs	0.99979	36.7778	20376	99.89
m84011_220902_175841_s1/179901040/ccs	0.99974	35.8503	15255	99.88
m84011_220902_175841_s1/109315542/ccs	0.999823	37.5203	18790	99.90
m84011_220902_175841_s1/105124852/ccs	0.999518	33.1695	16598	99.89
m84011_220902_175841_s1/167051732/ccs	0.999921	41.0237	20043	99.89
m84011_220902_175841_s1/103418625/ccs	0.999911	40.5061	14058	99.87
m84011_220902_175841_s1/154339553/ccs	0.998879	29.5039	21812	99.89
m84011_220902_175841_s1/25560692/ccs	0.998882	29.5156	19361	99.88
m84011_220902_175841_s1/23856883/ccs	1	60	5145	99.81
m84011_220902_175841_s1/23664032/ccs	0.997893	26.7634	13773	99.84
m84011_220902_175841_s1/25298648/ccs	0.999546	33.4294	17530	99.89
m84011_220902_175841_s1/54789431/ccs	0.997899	26.7757	14489	99.87
m84011_220902_175841_s1/142937463/ccs	0.999981	47.2125	7885	99.81
m84011_220902_175841_s1/255661008/ccs	0.999718	35.4975	13201	99.91
m84011_220902_175841_s1/98375248/ccs	0.998781	29.14	9440	99.85
m84011_220902_175841_s1/106957951/ccs	0.998497	28.2304	12685	99.65
m84011_220902_175841_s1/188748146/ccs	0.999303	31.5677	16522	99.93
m84011_220902_175841_s1/131733189/ccs	0.999821	37.4715	19140	99.94
m84011_220902_175841_s1/98764871/ccs	0.999663	34.7237	18817	99.74
m84011_220902_175841_s1/249431071/ccs	0.999939	42.1467	9100	99.92
m84011_220902_175841_s1/17176044/ccs	0.999841	37.986	11727	99.93
m84011_220902_175841_s1/106631449/ccs	0.999951	43.098	13412	99.92
m84011_220902_175841_s1/118885501/ccs	0.999754	36.0906	19331	99.94
m84011_220902_175841_s1/266667485/ccs	0.99962	34.2022	15989	99.94
m84011_220902_175841_s1/130809921/ccs	0.999713	35.4212	14293	99.79
m84011_220902_175841_s1/163124548/ccs	0.999947	42.7572	13464	99.94
m84011_220902_175841_s1/93588467/ccs	0.999749	36.0033	15412	99.95
m84011_220902_175841_s1/201659623/ccs	0.999966	44.6852	11922	99.94
m84011_220902_175841_s1/218628850/ccs	0.999761	36.216	8325	99.97
m84011_220902_175841_s1/149098483/ccs	0.999338	31.7914	15256	99.79
m84011_220902_175841_s1/180093980/ccs	0.999562	33.5853	11189	99.94
m84011_220902_175841_s1/198250780/ccs	0.999049	30.2182	16523	99.94
m84011_220902_175841_s1/28579372/ccs	0.999938	42.0761	12445	99.95
m84011_220902_175841_s1/177016570/ccs	0.999859	38.5078	15052	99.97
m84011_220902_175841_s1/253887485/ccs	0.999783	36.6354	18949	99.95
m84011_220902_175841_s1/159454127/ccs	0.998877	29.4962	13897	99.95
m84011_220902_175841_s1/163646684/ccs	0.99989	39.5861	10506	99.96
m84011_220902_175841_s1/192614193/ccs	0.998159	27.3495	19267	99.94
m84011_220902_175841_s1/220661698/ccs	0.999258	31.296	13803	99.96
m84011_220902_175841_s1/221056398/ccs	0.997623	26.2397	23361	99.92
m84011_220902_175841_s1/253103545/ccs	0.998854	29.4082	22280	99.93
m84011_220902_175841_s1/64294025/ccs	0.997819	26.6134	21162	99.92
m84011_220902_175841_s1/90377219/ccs	0.992645	21.3342	20203	99.64
m84011_220902_175841_s1/126228254/ccs	0.9997	35.2288	9363	99.96
m84011_220902_175841_s1/187766083/ccs	0.999891	39.6257	15405	99.95
m84011_220902_175841_s1/3543563/ccs	0.999836	37.8516	8836	99.95
m84011_220902_175841_s1/224071397/ccs	0.999812	37.2584	10040	99.96
m84011_220902_175841_s1/255267973/ccs	0.996782	24.9241	22902	99.43
m84011_220902_175841_s1/123994758/ccs	0.999957	43.6653	8688	99.95
m84011_220902_175841_s1/143524406/ccs	0.99978	36.5758	18079	99.92
m84011_220902_175841_s1/12978228/ccs	0.999847	38.1531	12364	99.94
m84011_220902_175841_s1/116066882/ccs	0.994034	22.2432	10200	99.81
m84011_220902_175841_s1/36640256/ccs	0.999258	31.296	20053	99.91
m84011_220902_175841_s1/168695651/ccs	0.998901	29.59	21083	99.53
m84011_220902_175841_s1/78906386/ccs	0.999384	32.1042	16339	99.90
m84011_220902_175841_s1/143201126/ccs	0.992941	21.5126	19773	99.22
m84011_220902_175841_s1/9176864/ccs	0.99611	24.1005	26931	99.32
m84011_220902_175841_s1/258868280/ccs	0.999556	33.5262	16732	99.92
m84011_220902_175841_s1/136578975/ccs	0.998215	27.4836	19800	99.48
m84011_220902_175841_s1/120980039/ccs	0.999826	37.5945	12056	99.93
m84011_220902_175841_s1/122815685/ccs	0.999588	33.851	20850	99.48
m84011_220902_175841_s1/145295838/ccs	0.999625	34.2597	19100	99.49
m84011_220902_175841_s1/207686514/ccs	0.996899	25.085	23434	99.41
m84011_220902_175841_s1/44238021/ccs	0.999525	33.2331	21857	99.38
m84011_220902_175841_s1/243733745/ccs	0.999673	34.8545	17881	99.93
m84011_220902_175841_s1/101125427/ccs	0.998635	28.6487	12809	99.89
m84011_220902_175841_s1/131531846/ccs	0.99926	31.3077	23200	99.47
m84011_220902_175841_s1/265752467/ccs	0.997241	25.5925	19953	99.89
m84011_220902_175841_s1/230429451/ccs	0.990084	20.0366	13608	99.74
m84011_220902_175841_s1/128976996/ccs	0.998603	28.548	16494	99.92
m84011_220902_175841_s1/80809368/ccs	0.999978	46.5758	5491	99.98
m84011_220902_175841_s1/227149101/ccs	0.999665	34.7496	19745	99.47
m84011_220902_175841_s1/58722430/ccs	0.99623	24.2366	18984	99.39
m84011_220902_175841_s1/244583444/ccs	0.998824	29.2959	21362	99.34
m84011_220902_175841_s1/176685904/ccs	0.9984	27.9588	14736	99.38
m84011_220902_175841_s1/126747696/ccs	0.9995	33.0103	18956	99.92
m84011_220902_175841_s1/199164597/ccs	0.997473	25.9739	18776	99.43
m84011_220902_175841_s1/50529129/ccs	0.997881	26.7387	25409	99.90
m84011_220902_175841_s1/128259934/ccs	0.999815	37.3283	15909	99.91
m84011_220902_175841_s1/243928908/ccs	0.999838	37.9048	9308	99.88
m84011_220902_175841_s1/25236390/ccs	0.99687	25.0446	14981	99.91
m84011_220902_175841_s1/98895820/ccs	0.999671	34.828	2084	99.66
m84011_220902_175841_s1/180093004/ccs	0.999755	36.1083	17625	99.30
m84011_220902_175841_s1/258671571/ccs	0.999913	40.6048	4524	99.82
m84011_220902_175841_s1/22414604/ccs	0.998556	28.4043	15847	99.39
m84011_220902_175841_s1/250742023/ccs	0.99533	23.3068	14857	99.11
m84011_220902_175841_s1/112067177/ccs	0.999683	34.9894	21805	99.36
m84011_220902_175841_s1/8262185/ccs	0.997863	26.702	17149	99.43
m84011_220902_175841_s1/48694437/ccs	0.995131	23.1256	23138	99.84
m84011_220902_175841_s1/120261132/ccs	0.999696	35.1713	13076	99.91
m84011_220902_175841_s1/149950337/ccs	0.999855	38.3863	17646	99.45
m84011_220902_175841_s1/139920876/ccs	0.999896	39.8297	12481	99.91
m84011_220902_175841_s1/132387464/ccs	0.998039	27.0752	16141	99.91
m84011_220902_175841_s1/117899422/ccs	0.999949	42.9243	8919	99.20
m84011_220902_175841_s1/267584593/ccs	0.999474	32.7901	14583	99.93
m84011_220902_175841_s1/71829337/ccs	0.999849	38.2102	18095	99.38
m84011_220902_175841_s1/123798075/ccs	0.999795	36.8825	21925	99.94
m84011_220902_175841_s1/103420691/ccs	0.999624	34.2481	23297	99.94
m84011_220902_175841_s1/103354636/ccs	0.999976	46.1979	7207	99.19
m84011_220902_175841_s1/197856572/ccs	0.999351	31.8776	14279	99.96
m84011_220902_175841_s1/228988699/ccs	0.999271	31.3727	21351	99.94
m84011_220902_175841_s1/230099097/ccs	0.999407	32.2695	18562	99.95
m84011_220902_175841_s1/207160125/ccs	0.995445	23.4151	9884	99.27
m84011_220902_175841_s1/195888093/ccs	0.9993	31.549	23219	99.63
m84011_220902_175841_s1/233576295/ccs	0.999806	37.122	24138	99.95
m84011_220902_175841_s1/41686364/ccs	0.997183	25.5021	23720	99.91
m84011_220902_175841_s1/134349579/ccs	0.999987	48.8606	8601	99.94
