read_id	rq	qv	read_length	iden
m21038_251008_082655/186717893/ccs	0.998725	28.9449	26912	99.22
m21038_251008_082655/129829417/ccs	0.998807	29.2336	6692	98.95
m21038_251008_082655/10617762/ccs	0.997791	26.558	6904	99.85
m21038_251008_082655/209718393/ccs	0.995159	23.1506	10999	98.85
m21038_250909_022033/231343710/ccs	0.999974	45.8503	5641	98.94
m21038_251008_082655/48633011/ccs	0.999859	38.5078	13782	99.80
m21038_251008_082655/118886100/ccs	0.999997	55.2288	8387	99.93
m21038_251008_082655/52300292/ccs	0.995651	23.6161	22668	99.12
m21038_250909_022033/58852627/ccs	0.999766	36.3078	11814	99.92
m21038_251008_082655/263130756/ccs	0.99562	23.5853	12472	98.23
m21038_250909_022033/74256324/ccs	0.999994	52.2185	5530	99.93
m21038_251008_082655/24774015/ccs	1	60	5295	99.11
m21038_250909_022033/175312121/ccs	1	60	3248	99.35
m21038_251008_082655/84805683/ccs	0.999996	53.9794	9742	99.94
m21038_251008_082655/125044376/ccs	0.999905	40.2228	4979	99.11
m21038_251008_082655/96867325/ccs	0.999974	45.8503	8182	99.93
m21038_250909_022033/48697166/ccs	1	60	4910	99.06
m21038_251008_082655/219682606/ccs	0.999814	37.3049	5043	99.92
m21038_250909_022033/98111301/ccs	0.999855	38.3863	4802	99.92
m21038_250909_022033/160893951/ccs	0.999227	31.1182	11284	99.15
m21038_250909_022033/4131886/ccs	0.998796	29.1937	8988	98.45
m21038_250909_022033/184226163/ccs	0.996526	24.5917	10651	99.57
m21038_251008_082655/116065906/ccs	0.999913	40.6048	8663	99.92
m21038_250909_022033/149622705/ccs	0.999413	32.3136	15972	99.74
m21038_251008_082655/199229833/ccs	0.999991	50.4576	10397	99.13
m21038_250909_022033/8131286/ccs	0.999998	56.9897	5202	99.92
m21038_250909_022033/150211024/ccs	0.999999	60	6007	99.65
m21038_250909_022033/231014597/ccs	0.999205	30.9963	12557	99.52
m21038_251008_082655/228529050/ccs	0.993788	22.0677	9529	99.09
m21038_250909_022033/36569977/ccs	0.9983	27.6955	8260	99.02
m21038_251008_082655/212929740/ccs	0.998795	29.1901	14570	99.73
m21038_251008_082655/24450682/ccs	0.998245	27.5572	9028	99.79
m21038_251008_082655/101060427/ccs	1	60	5008	99.62
m21038_251008_082655/26940917/ccs	0.999496	32.9757	8137	99.16
m21038_251008_082655/29823979/ccs	0.999984	47.9588	8046	99.83
m21038_250909_022033/192681692/ccs	0.999944	42.5181	5432	99.06
m21038_251008_082655/172558211/ccs	0.999962	44.2022	7057	99.23
m21038_250909_022033/249696917/ccs	0.999991	50.4576	4571	99.25
m21038_251008_082655/217055416/ccs	0.998234	27.5301	12684	99.68
m21038_251008_082655/169087773/ccs	0.999985	48.2391	4470	99.10
m21038_251008_082655/22612134/ccs	0.997622	26.2379	3881	99.92
m21038_251008_082655/106303680/ccs	0.999899	39.9568	13318	99.70
m21038_250909_022033/43976033/ccs	0.997109	25.3895	10812	99.66
m21038_250909_022033/52893307/ccs	1	60	4109	99.27
m21038_251008_082655/37751687/ccs	0.994355	22.4834	21232	99.30
m21038_250909_022033/116462693/ccs	0.999976	46.1979	13478	99.71
m21038_251008_082655/96403594/ccs	0.997447	25.9295	4224	98.91
m21038_251008_082655/176425012/ccs	1	60	4912	99.37
m21038_250909_022033/94833538/ccs	1	60	3766	99.87
m21038_250909_022033/128714452/ccs	1	60	3766	99.47
m21038_250909_022033/66982627/ccs	0.999989	49.5861	3697	99.86
m21038_250909_022033/31785430/ccs	0.99991	40.4576	9328	99.61
m21038_251008_082655/154927741/ccs	0.999999	60	4297	98.32
m21038_250909_022033/64948686/ccs	0.996942	25.1456	5533	99.28
m21038_251008_082655/41421106/ccs	0.998053	27.1063	8105	98.65
m21038_251008_082655/121900647/ccs	0.999558	33.5458	4738	98.54
m21038_250909_022033/223875804/ccs	1	60	4179	98.40
m21038_251008_082655/127669853/ccs	0.999562	33.5853	5836	98.92
m21038_251008_082655/101847191/ccs	0.999633	34.3533	25041	99.84
m21038_251008_082655/234098253/ccs	0.999987	48.8606	6072	99.11
m21038_250909_022033/267127900/ccs	0.99999	50	4952	99.05
m21038_251008_082655/6555567/ccs	0.997191	25.5145	7276	99.81
m21038_251008_082655/202572011/ccs	0.995341	23.3171	23009	99.88
m21038_250909_022033/25235569/ccs	0.999214	31.0458	17225	99.92
m21038_251008_082655/213848149/ccs	0.999846	38.1248	20925	99.92
m21038_250909_022033/104600407/ccs	0.998309	27.7186	31901	99.77
m21038_251008_082655/231410283/ccs	0.999826	37.5945	20592	99.92
m21038_250909_022033/53412793/ccs	0.997826	26.6274	16657	99.90
m21038_251008_082655/191430782/ccs	0.999705	35.3018	24273	99.79
m21038_250909_022033/68425330/ccs	0.996946	25.1513	3680	99.97
m21038_250909_022033/88479291/ccs	0.999359	31.9314	6083	99.85
m21038_251008_082655/230490308/ccs	0.999687	35.0446	23129	99.93
m21038_251008_082655/197855368/ccs	1	60	5289	99.83
m21038_250909_022033/82121780/ccs	0.999982	47.4473	5331	99.85
m21038_250909_022033/108924151/ccs	1	60	5011	99.86
m21038_250909_022033/27398993/ccs	0.999547	33.439	21336	99.82
m21038_251008_082655/145952601/ccs	0.995136	23.1301	22701	99.75
m21038_250909_022033/69667417/ccs	0.99762	26.2342	17583	99.83
m21038_251008_082655/39259311/ccs	0.999329	31.7328	10234	99.89
m21038_250909_022033/45877770/ccs	0.999742	35.8838	17965	99.83
m21038_251008_082655/247267542/ccs	0.99957	33.6653	20585	99.85
m21038_250909_022033/4132415/ccs	1	60	3688	99.78
m21038_251008_082655/115019578/ccs	0.999183	30.8778	24577	99.93
m21038_250909_022033/156372714/ccs	0.999972	45.5284	11561	99.94
m21038_250909_022033/101189172/ccs	0.999821	37.4715	16144	99.91
m21038_251008_082655/58329233/ccs	0.999943	42.4413	16110	99.94
m21038_250909_022033/173019335/ccs	0.999991	50.4576	9863	99.93
m21038_251008_082655/19139268/ccs	0.999914	40.655	8934	99.96
m21038_251008_082655/143459679/ccs	0.999982	47.4473	7829	99.95
m21038_251008_082655/113378574/ccs	0.999786	36.6959	20195	99.95
m21038_251008_082655/251134563/ccs	0.996537	24.6055	12793	99.95
m21038_251008_082655/215679426/ccs	0.999545	33.4199	9276	99.97
m21038_250909_022033/140513208/ccs	0.999264	31.3312	18912	99.91
m21038_251008_082655/72488367/ccs	0.999974	45.8503	6993	99.97
m21038_250909_022033/18153664/ccs	0.998815	29.2628	6282	99.97
m21038_250909_022033/186845174/ccs	0.999774	36.4589	10314	99.97
m21038_250909_022033/160369268/ccs	0.999891	39.6257	14152	99.93
m21038_250909_022033/167447589/ccs	0.999209	31.0182	26570	99.86
m21038_250909_022033/47781517/ccs	0.999994	52.2185	5097	100.00
m21038_250909_022033/95293940/ccs	0.999999	60	4706	100.00
m21038_250909_022033/208737137/ccs	0.999973	45.6864	5837	99.98
m21038_251008_082655/263848786/ccs	0.999621	34.2136	25214	99.96
m21038_251008_082655/190712647/ccs	0.99858	28.4771	30341	99.94
m21038_250909_022033/112987534/ccs	0.99929	31.4874	25527	99.94
m21038_251008_082655/159974103/ccs	0.999798	36.9465	16272	99.95
m21038_251008_082655/96276053/ccs	0.999845	38.0967	8323	99.96
m21038_250909_022033/86838136/ccs	0.999927	41.3668	7045	99.97
m21038_250909_022033/27922271/ccs	0.999944	42.5181	7430	99.99
m21038_250909_022033/132585038/ccs	0.996937	25.1385	8009	99.92
m21038_250909_022033/175639936/ccs	0.997052	25.3047	5536	99.95
m21038_251008_082655/247400538/ccs	0.999772	36.4207	4159	100.00
m21038_251008_082655/210765545/ccs	0.999947	42.7572	7842	99.95
m21038_250909_022033/225514077/ccs	0.999945	42.5964	7047	99.97
m21038_250909_022033/125374002/ccs	0.997133	25.4257	30606	99.83
m21038_251008_082655/73207352/ccs	1	60	5702	99.98
m21038_251008_082655/44110607/ccs	0.997404	25.857	5093	99.98
m21038_251008_082655/46206509/ccs	0.999927	41.3668	7990	99.95
m21038_251008_082655/43978437/ccs	0.999967	44.8149	9910	99.90
m21038_250909_022033/149361842/ccs	0.999928	41.4267	7000	99.96
m21038_250909_022033/138871550/ccs	0.99939	32.1467	5967	99.97
m21038_251008_082655/152242289/ccs	0.999938	42.0761	4681	99.98
m21038_251008_082655/147392443/ccs	0.999984	47.9588	10889	99.95
m21038_251008_082655/252773136/ccs	0.999959	43.8722	8836	99.95
m21038_250909_022033/151389590/ccs	0.999989	49.5861	4146	99.98
m21038_251008_082655/162992485/ccs	0.999904	40.1773	11559	99.93
m21038_250909_022033/233706369/ccs	0.999975	46.0206	7017	99.96
m21038_251008_082655/95618827/ccs	0.999658	34.6597	5909	99.93
m21038_250909_022033/134353408/ccs	0.999984	47.9588	6865	99.96
m21038_250909_022033/63243070/ccs	0.999986	48.5387	8417	99.90
m21038_250909_022033/117378062/ccs	0.990104	20.0454	9882	99.81
m21038_250909_022033/184877520/ccs	1	60	4728	99.98
m21038_251008_082655/249104271/ccs	0.999747	35.9688	19734	99.86
m21038_250909_022033/122421565/ccs	0.999952	43.1876	15826	99.88
m21038_251008_082655/195367604/ccs	1	60	4449	99.96
m21038_250909_022033/93195020/ccs	0.999998	56.9897	4850	99.96
m21038_250909_022033/74123714/ccs	0.999881	39.2445	7560	99.95
m21038_251008_082655/74449109/ccs	0.999958	43.7675	6844	99.93
m21038_251008_082655/197396313/ccs	0.998825	29.2996	28357	99.94
m21038_251008_082655/49353558/ccs	0.999998	56.9897	5401	99.94
m21038_250909_022033/228329738/ccs	0.999588	33.851	9854	99.91
m21038_250909_022033/185013720/ccs	1	60	3788	99.95
m21038_250909_022033/188223292/ccs	0.999908	40.3621	6916	99.96
m21038_250909_022033/261490974/ccs	1	60	3902	99.92
m21038_251008_082655/98047525/ccs	0.999999	60	3277	99.94
m21038_251008_082655/127992497/ccs	0.999887	39.4692	5887	99.92
m21038_251008_082655/30410803/ccs	0.999948	42.84	9276	99.92
m21038_251008_082655/175837767/ccs	0.999961	44.0894	10230	99.93
m21038_251008_082655/49613885/ccs	0.996615	24.7044	16538	99.92
m21038_251008_082655/58135351/ccs	0.999968	44.9485	6672	99.94
m21038_251008_082655/257818880/ccs	0.999765	36.2893	7596	99.91
m21038_250909_022033/81268162/ccs	0.999995	53.0103	8550	99.92
m21038_250909_022033/6885588/ccs	0.998536	28.3446	7771	99.88
m21038_250909_022033/230101992/ccs	0.999984	47.9588	4199	99.93
m21038_250909_022033/36307141/ccs	0.999996	53.9794	3907	99.87
m21038_251008_082655/23005335/ccs	0.999968	44.9485	7741	99.91
m21038_251008_082655/203819272/ccs	0.999981	47.2125	9488	99.93
m21038_251008_082655/186521274/ccs	0.999752	36.0555	9036	99.92
m21038_250909_022033/23725685/ccs	0.999999	60	5695	99.93
m21038_251008_082655/67374919/ccs	0.997865	26.706	3764	99.79
m21038_251008_082655/94311442/ccs	0.999992	50.9691	3130	99.97
m21038_250909_022033/198250621/ccs	0.999928	41.4267	11257	99.94
m21038_251008_082655/106829004/ccs	0.998804	29.2227	5206	99.94
m21038_251008_082655/66848101/ccs	1	60	5560	99.96
m21038_251008_082655/173017912/ccs	0.999975	46.0206	9463	99.94
m21038_250909_022033/245764973/ccs	0.996966	25.1798	20853	99.94
m21038_251008_082655/11341206/ccs	0.997014	25.2491	4449	99.86
m21038_251008_082655/83431492/ccs	0.996637	24.7327	5329	99.91
m21038_250909_022033/13635132/ccs	1	60	5603	99.86
m21038_251008_082655/226232791/ccs	0.999909	40.4096	4671	99.96
m21038_251008_082655/107220291/ccs	0.999993	51.549	4446	99.89
m21038_251008_082655/236066337/ccs	0.999992	50.9691	6227	99.92
m21038_251008_082655/205720086/ccs	0.9967	24.8149	9165	99.81
m21038_251008_082655/87426852/ccs	0.997584	26.169	18160	99.92
m21038_250909_022033/9637572/ccs	0.999208	31.0127	7225	99.93
m21038_250909_022033/256642115/ccs	0.999995	53.0103	3492	99.83
m21038_251008_082655/177211183/ccs	0.999905	40.2228	9506	99.83
m21038_250909_022033/264372624/ccs	0.999994	52.2185	4068	99.88
m21038_251008_082655/183501796/ccs	0.998891	29.5507	28148	99.82
m21038_250909_022033/152897054/ccs	1	60	3642	99.86
m21038_250909_022033/114495837/ccs	0.999944	42.5181	10479	99.94
m21038_251008_082655/203491674/ccs	0.999992	50.9691	7898	99.92
m21038_250909_022033/161025209/ccs	0.999954	43.3724	12209	99.95
m21038_251008_082655/52957841/ccs	0.999964	44.437	13856	99.95
m21038_250909_022033/9506319/ccs	0.998995	29.9783	7725	99.94
m21038_251008_082655/191103745/ccs	0.999978	46.5758	11182	99.83
m21038_251008_082655/109773398/ccs	0.999795	36.8825	13054	99.95
m21038_251008_082655/85263602/ccs	1	60	4570	99.91
m21038_250909_022033/28967816/ccs	0.999999	60	5413	99.93
m21038_250909_022033/21041869/ccs	0.999519	33.1785	23299	99.94
m21038_251008_082655/3604920/ccs	0.998044	27.0863	12647	99.81
m21038_250909_022033/84610302/ccs	0.999988	49.2082	8093	99.80
m21038_250909_022033/158927291/ccs	0.999913	40.6048	14571	99.94
m21038_250909_022033/37489071/ccs	1	60	5494	99.85
m21038_251008_082655/131008272/ccs	0.996876	25.0529	4727	99.92
m21038_251008_082655/33361333/ccs	0.999985	48.2391	6411	99.78
m21038_251008_082655/211095938/ccs	0.999831	37.7211	7209	99.94
m21038_251008_082655/19073943/ccs	0.99996	43.9794	9548	99.96
m21038_251008_082655/133761963/ccs	0.999904	40.1773	17475	99.95
m21038_251008_082655/83559539/ccs	0.995093	23.0918	5908	99.90
m21038_250909_022033/152571187/ccs	1	60	5714	99.79
m21038_250909_022033/14881756/ccs	0.990288	20.1269	4159	99.73
m21038_250909_022033/3869757/ccs	0.999786	36.6959	4787	99.98
m21038_250909_022033/98239502/ccs	0.99999	50	7793	99.99
m21038_250909_022033/215745515/ccs	0.995784	23.751	17421	99.95
m21038_251008_082655/180685397/ccs	0.999501	33.019	15339	99.95
m21038_250909_022033/197662113/ccs	0.999993	51.549	8561	99.98
m21038_251008_082655/22482091/ccs	0.999071	30.3198	13972	99.94
m21038_251008_082655/130289568/ccs	1	60	4495	99.98
m21038_250909_022033/48959288/ccs	0.999449	32.5885	10309	99.95
m21038_250909_022033/6426103/ccs	0.999989	49.5861	6147	99.77
m21038_251008_082655/216598530/ccs	0.999987	48.8606	7733	99.79
m21038_250909_022033/145949149/ccs	0.999991	50.4576	4929	99.76
m21038_251008_082655/191496784/ccs	0.999999	60	6804	99.99
m21038_251008_082655/208732868/ccs	0.999998	56.9897	7789	99.97
m21038_251008_082655/229835598/ccs	0.999887	39.4692	14295	99.95
m21038_251008_082655/95621886/ccs	0.999979	46.7778	8498	99.81
m21038_251008_082655/19595885/ccs	0.999917	40.8092	7957	99.97
m21038_251008_082655/96801653/ccs	0.999887	39.4692	10280	99.80
m21038_250909_022033/250415286/ccs	0.999981	47.2125	8456	99.82
m21038_250909_022033/128782826/ccs	0.99944	32.5181	6112	99.79
m21038_251008_082655/30277804/ccs	0.999847	38.1531	16913	99.95
m21038_251008_082655/220071258/ccs	0.99924	31.1919	14692	99.93
m21038_251008_082655/63901415/ccs	0.999176	30.8407	27669	99.93
m21038_250909_022033/121180309/ccs	0.999986	48.5387	5666	99.98
m21038_251008_082655/213784176/ccs	0.996645	24.7431	16402	99.93
m21038_250909_022033/138414377/ccs	0.999982	47.4473	7822	99.81
m21038_251008_082655/146674853/ccs	0.99999	50	11316	99.95
m21038_250909_022033/240914038/ccs	0.99999	50	6552	99.97
m21038_251008_082655/149688819/ccs	0.999964	44.437	7349	99.82
m21038_251008_082655/62063988/ccs	0.99993	41.549	14430	99.94
m21038_250909_022033/48498647/ccs	0.99994	42.2185	12425	99.83
m21038_251008_082655/180424405/ccs	0.999978	46.5758	4270	100.00
m21038_251008_082655/196608205/ccs	0.99997	45.2288	11430	99.82
m21038_250909_022033/108070853/ccs	0.999891	39.6257	15923	99.80
m21038_250909_022033/107090893/ccs	1	60	4467	99.98
m21038_251008_082655/235670667/ccs	0.999693	35.1286	12455	99.83
m21038_251008_082655/32376442/ccs	1	60	3916	100.00
m21038_251008_082655/173409298/ccs	0.999987	48.8606	9295	99.95
m21038_251008_082655/10160704/ccs	0.992714	21.3751	24253	99.84
m21038_250909_022033/65146614/ccs	0.990059	20.0257	8628	99.80
m21038_251008_082655/237704663/ccs	0.999891	39.6257	8262	99.94
m21038_251008_082655/184683644/ccs	0.999412	32.3062	29396	99.92
m21038_250909_022033/134222688/ccs	0.999967	44.8149	6371	99.94
m21038_251008_082655/168823275/ccs	0.999929	41.4874	4749	99.98
m21038_250909_022033/111151980/ccs	0.999951	43.098	3362	99.91
m21038_251008_082655/105059681/ccs	0.999263	31.3253	13900	99.94
m21038_250909_022033/215223796/ccs	0.999999	60	7122	99.92
m21038_251008_082655/150145540/ccs	0.999999	60	6637	99.92
m21038_251008_082655/74911332/ccs	1	60	3440	99.91
m21038_250909_022033/202512066/ccs	0.999767	36.3264	17756	99.82
m21038_251008_082655/187830009/ccs	0.999865	38.6967	9417	99.88
m21038_251008_082655/68618101/ccs	0.999982	47.4473	7031	99.84
m21038_251008_082655/91226407/ccs	0.999986	48.5387	7924	99.91
m21038_251008_082655/217190289/ccs	0.999977	46.3827	5711	99.84
m21038_250909_022033/98308353/ccs	0.999542	33.3913	21975	99.84
m21038_251008_082655/103155912/ccs	0.999771	36.4016	17464	99.94
m21038_250909_022033/93784562/ccs	0.999516	33.1515	6477	99.92
m21038_250909_022033/190843128/ccs	1	60	4145	99.81
m21038_251008_082655/21698084/ccs	0.999929	41.4874	8150	99.91
m21038_250909_022033/208669134/ccs	0.99961	34.0894	5120	99.88
m21038_251008_082655/142150791/ccs	0.999924	41.1919	8899	99.93
m21038_250909_022033/143459783/ccs	0.999994	52.2185	8812	99.93
m21038_250909_022033/121767798/ccs	0.999986	48.5387	4691	99.89
m21038_250909_022033/139790330/ccs	0.999991	50.4576	6504	99.91
m21038_251008_082655/34735767/ccs	0.998854	29.4082	26585	99.85
m21038_250909_022033/240390283/ccs	0.999998	56.9897	5443	99.91
m21038_250909_022033/115019690/ccs	0.999806	37.122	9106	99.93
m21038_251008_082655/160633450/ccs	0.999958	43.7675	11792	99.80
m21038_250909_022033/43586201/ccs	0.999949	42.9243	14165	99.92
m21038_250909_022033/49877851/ccs	0.999983	47.6955	5946	99.87
m21038_251008_082655/51384113/ccs	0.999803	37.0553	5899	99.92
m21038_250909_022033/161941714/ccs	0.999994	52.2185	3766	99.89
m21038_250909_022033/219285394/ccs	0.99996	43.9794	10742	99.78
m21038_250909_022033/158666374/ccs	0.997442	25.921	16844	99.94
m21038_251008_082655/85460551/ccs	0.999774	36.4589	3782	99.89
m21038_250909_022033/79757721/ccs	0.99913	30.6048	21552	99.85
m21038_250909_022033/145950748/ccs	0.999999	60	7259	99.93
m21038_250909_022033/248320700/ccs	0.999892	39.6658	5553	99.93
m21038_250909_022033/181801733/ccs	0.99988	39.2082	10137	99.77
m21038_250909_022033/245565423/ccs	0.999954	43.3724	5955	99.93
m21038_250909_022033/157681062/ccs	0.999985	48.2391	5238	99.87
m21038_251008_082655/178979004/ccs	0.998214	27.4812	31908	99.93
m21038_251008_082655/97916454/ccs	1	60	4824	99.94
m21038_251008_082655/68552057/ccs	0.993112	21.6191	28747	99.76
m21038_250909_022033/108989954/ccs	0.999919	40.9151	8098	99.96
m21038_250909_022033/192484134/ccs	0.999999	60	5347	99.89
m21038_250909_022033/65082754/ccs	0.999979	46.7778	6053	99.97
m21038_251008_082655/42734650/ccs	0.992364	21.1713	25071	99.82
m21038_250909_022033/4263599/ccs	0.999922	41.0791	4581	99.93
m21038_250909_022033/145361953/ccs	0.999965	44.5593	6607	99.85
m21038_251008_082655/59377225/ccs	0.999596	33.9362	13176	99.93
m21038_250909_022033/164566848/ccs	0.999999	60	5662	99.88
m21038_251008_082655/78517771/ccs	0.999639	34.4249	5844	99.95
m21038_251008_082655/245698361/ccs	0.999926	41.3077	6847	99.82
m21038_250909_022033/27723135/ccs	0.999977	46.3827	4414	99.93
m21038_250909_022033/75565030/ccs	0.999988	49.2082	5583	99.84
m21038_250909_022033/135990479/ccs	0.999979	46.7778	4954	99.96
m21038_251008_082655/206244258/ccs	0.999984	47.9588	7273	99.96
m21038_250909_022033/213518855/ccs	0.999212	31.0347	9071	99.92
m21038_250909_022033/103747925/ccs	0.999854	38.3565	14532	99.93
m21038_250909_022033/202903447/ccs	1	60	4269	99.86
m21038_251008_082655/65078160/ccs	0.992093	21.0199	30540	99.88
m21038_250909_022033/91166453/ccs	0.999325	31.707	20175	99.86
m21038_251008_082655/179047958/ccs	0.99883	29.3181	17590	99.85
m21038_251008_082655/186455684/ccs	0.999983	47.6955	10701	99.96
m21038_250909_022033/146148094/ccs	0.999939	42.1467	9976	99.94
m21038_251008_082655/148572406/ccs	0.999999	60	7271	99.94
m21038_251008_082655/114295865/ccs	0.999976	46.1979	3464	99.94
m21038_250909_022033/33621720/ccs	0.999998	56.9897	7177	99.94
m21038_250909_022033/82641153/ccs	1	60	5096	99.96
m21038_251008_082655/87035380/ccs	0.999814	37.3049	5363	99.96
m21038_250909_022033/239536730/ccs	0.997811	26.5975	21763	99.92
m21038_251008_082655/265425808/ccs	0.999385	32.1112	16925	99.85
m21038_251008_082655/47451104/ccs	0.997813	26.6015	5775	99.97
m21038_250909_022033/20906891/ccs	0.994073	22.2717	9337	99.88
m21038_250909_022033/191696900/ccs	0.999925	41.2494	9330	99.95
m21038_251008_082655/163058138/ccs	0.999981	47.2125	4288	99.98
m21038_250909_022033/128190005/ccs	0.999722	35.5596	23526	99.94
m21038_251008_082655/151130804/ccs	0.999962	44.2022	10456	99.79
m21038_251008_082655/215093977/ccs	0.999991	50.4576	5678	99.72
m21038_250909_022033/220203837/ccs	0.999548	33.4486	18449	99.83
m21038_250909_022033/172037764/ccs	0.999986	48.5387	3847	99.66
m21038_251008_082655/224007335/ccs	0.999867	38.7615	9042	99.92
m21038_251008_082655/176619753/ccs	0.999914	40.655	4184	99.98
m21038_250909_022033/149686229/ccs	0.999931	41.6115	17393	99.92
m21038_251008_082655/89396203/ccs	0.997963	26.9101	21878	99.93
m21038_251008_082655/25235346/ccs	0.999872	38.9279	9813	99.96
m21038_250909_022033/126358815/ccs	0.999897	39.8716	6984	99.79
m21038_251008_082655/257886376/ccs	0.999679	34.9349	3179	100.00
m21038_251008_082655/117379103/ccs	0.998411	27.9888	13562	99.93
m21038_250909_022033/201392429/ccs	1	60	4050	99.73
m21038_251008_082655/148768504/ccs	0.999626	34.2713	3423	99.94
m21038_250909_022033/22415712/ccs	0.999955	43.4679	12479	99.97
m21038_251008_082655/35002128/ccs	0.998837	29.3442	9001	99.92
m21038_251008_082655/10289232/ccs	0.999869	38.8273	4292	99.77
m21038_251008_082655/248645852/ccs	0.99993	41.549	9267	99.94
m21038_250909_022033/84217396/ccs	0.999999	60	6672	99.79
m21038_250909_022033/218892783/ccs	0.999878	39.1364	5793	99.81
m21038_250909_022033/100601796/ccs	0.999454	32.6281	21604	99.93
m21038_250909_022033/119740094/ccs	0.999978	46.5758	8678	99.82
m21038_251008_082655/57214990/ccs	0.999644	34.4855	7908	99.92
m21038_250909_022033/221386305/ccs	1	60	3585	99.89
m21038_250909_022033/72421512/ccs	0.999135	30.6298	6858	99.88
m21038_251008_082655/150999185/ccs	1	60	3391	99.88
m21038_250909_022033/123277425/ccs	0.999786	36.6959	10646	99.86
m21038_250909_022033/155583182/ccs	0.999766	36.3078	7900	99.92
m21038_251008_082655/195955922/ccs	0.995301	23.2799	7716	99.81
m21038_250909_022033/87230339/ccs	0.998983	29.9268	11345	99.94
m21038_251008_082655/250348636/ccs	0.999779	36.5561	9393	99.95
m21038_251008_082655/171119328/ccs	0.99955	33.4679	24896	99.94
m21038_250909_022033/206312996/ccs	0.999891	39.6257	14566	99.92
m21038_250909_022033/197592489/ccs	0.999993	51.549	5952	99.92
m21038_251008_082655/166462305/ccs	0.999651	34.5717	11532	99.96
m21038_251008_082655/166724900/ccs	1	60	3747	99.95
m21038_250909_022033/265097658/ccs	0.999983	47.6955	12955	99.91
m21038_250909_022033/16520388/ccs	0.99998	46.9897	9846	99.98
m21038_250909_022033/106959100/ccs	1	60	4281	99.86
m21038_251008_082655/198776094/ccs	0.999834	37.7989	4095	99.95
m21038_250909_022033/189272457/ccs	0.999825	37.5696	5139	99.86
m21038_251008_082655/126619274/ccs	0.994617	22.6898	5869	99.79
m21038_251008_082655/25625896/ccs	0.999726	35.6225	14145	99.93
m21038_251008_082655/160433491/ccs	0.999973	45.6864	10287	99.97
m21038_251008_082655/186979202/ccs	0.999999	60	6347	99.97
m21038_251008_082655/123406700/ccs	0.999639	34.4249	13394	99.92
m21038_251008_082655/197329617/ccs	0.999972	45.5284	7612	99.97
m21038_250909_022033/196874522/ccs	0.999847	38.1531	3105	99.94
m21038_251008_082655/12386420/ccs	0.999924	41.1919	7098	99.97
m21038_250909_022033/52238263/ccs	1	60	4879	99.96
m21038_250909_022033/266799764/ccs	0.999978	46.5758	5704	99.96
m21038_251008_082655/94439576/ccs	0.99251	21.2552	13068	99.85
m21038_251008_082655/79170608/ccs	0.998945	29.7675	4710	99.94
m21038_251008_082655/76940895/ccs	0.999964	44.437	4249	99.95
m21038_250909_022033/86377086/ccs	0.999831	37.7211	14717	99.92
m21038_251008_082655/15206305/ccs	0.999574	33.7059	5440	99.93
m21038_250909_022033/93588673/ccs	1	60	5090	99.98
m21038_251008_082655/240714330/ccs	0.999552	33.4872	16626	99.94
m21038_250909_022033/49614367/ccs	0.99997	45.2288	10263	99.92
m21038_250909_022033/96539503/ccs	0.999984	47.9588	6957	99.88
m21038_250909_022033/127402668/ccs	0.999609	34.0782	19899	99.94
m21038_251008_082655/133237743/ccs	0.999996	53.9794	8598	99.91
m21038_251008_082655/264834271/ccs	0.999891	39.6257	8234	99.90
m21038_251008_082655/100340386/ccs	1	60	4751	99.96
m21038_250909_022033/89920228/ccs	0.999977	46.3827	8892	99.91
m21038_251008_082655/121639568/ccs	0.999786	36.6959	4669	99.96
m21038_250909_022033/215224763/ccs	0.999968	44.9485	5569	99.98
m21038_250909_022033/35914015/ccs	1	60	4700	99.98
m21038_250909_022033/116331950/ccs	0.999476	32.8067	5617	99.85
m21038_250909_022033/81138794/ccs	0.996396	24.4322	32357	99.89
m21038_250909_022033/113644670/ccs	0.9998	36.9897	20908	99.93
m21038_251008_082655/229835887/ccs	0.999992	50.9691	7335	99.89
m21038_250909_022033/82969375/ccs	1	60	4973	99.92
m21038_250909_022033/188222772/ccs	1	60	4358	99.98
m21038_250909_022033/90968736/ccs	0.992056	20.9996	16301	99.80
m21038_251008_082655/96077974/ccs	0.998311	27.7237	14477	99.92
m21038_251008_082655/142020225/ccs	0.999877	39.1009	11734	99.92
m21038_251008_082655/93653967/ccs	0.998051	27.1019	9825	99.89
m21038_250909_022033/106894469/ccs	0.998687	28.8174	7297	99.89
m21038_251008_082655/103618217/ccs	0.999996	53.9794	5097	99.84
m21038_250909_022033/77530132/ccs	0.998243	27.5523	21191	99.87
m21038_250909_022033/153749635/ccs	0.999999	60	5155	99.90
m21038_251008_082655/233442493/ccs	0.999996	53.9794	5942	99.86
m21038_250909_022033/175116726/ccs	0.999997	55.2288	5453	99.93
m21038_251008_082655/99881901/ccs	0.999674	34.8678	19103	99.93
m21038_251008_082655/194578642/ccs	0.999979	46.7778	7516	99.91
m21038_250909_022033/134353179/ccs	0.997268	25.6352	27932	99.90
m21038_251008_082655/201266342/ccs	0.99988	39.2082	4514	99.84
m21038_251008_082655/169673542/ccs	0.999928	41.4267	5786	99.86
m21038_251008_082655/89132653/ccs	0.999578	33.7469	12050	99.86
m21038_250909_022033/113968977/ccs	1	60	3656	99.81
m21038_250909_022033/204342621/ccs	0.999995	53.0103	5933	99.83
m21038_250909_022033/6165022/ccs	0.998938	29.7388	6392	99.31
m21038_251008_082655/124849657/ccs	0.992557	21.2825	23672	99.88
m21038_250909_022033/195367532/ccs	0.999985	48.2391	3765	99.81
m21038_250909_022033/212473109/ccs	0.999299	31.5428	3286	99.37
m21038_251008_082655/81854641/ccs	0.999912	40.5552	7718	99.88
m21038_250909_022033/160762630/ccs	0.999976	46.1979	5160	99.46
m21038_250909_022033/19404376/ccs	0.999914	40.655	14805	99.95
m21038_251008_082655/265161942/ccs	0.998937	29.7347	31268	99.65
m21038_250909_022033/265358358/ccs	0.999897	39.8716	8709	99.97
m21038_250909_022033/229312244/ccs	0.999089	30.4048	26575	99.97
m21038_251008_082655/113448741/ccs	0.999044	30.1954	23880	99.95
m21038_250909_022033/52105129/ccs	0.999848	38.1816	10101	99.97
m21038_251008_082655/228985736/ccs	0.998666	28.7484	29744	99.88
m21038_250909_022033/261555331/ccs	0.999006	30.0261	8969	99.88
m21038_250909_022033/175965041/ccs	0.998998	29.9913	10248	99.93
m21038_251008_082655/208671574/ccs	0.998415	27.9997	11360	99.95
m21038_251008_082655/99945897/ccs	0.998877	29.4962	10247	99.96
m21038_250909_022033/119341258/ccs	0.999878	39.1364	7478	99.96
m21038_250909_022033/40897659/ccs	0.992557	21.2825	7067	99.76
m21038_251008_082655/193855578/ccs	0.999473	32.7819	17873	99.96
m21038_250909_022033/204475095/ccs	1	60	4448	99.93
m21038_250909_022033/198052486/ccs	0.999796	36.9037	20209	99.88
m21038_250909_022033/10752580/ccs	0.999848	38.1816	10742	99.96
m21038_251008_082655/91818227/ccs	0.999409	32.2841	6376	99.97
m21038_250909_022033/6949860/ccs	0.999702	35.2578	3567	99.97
m21038_250909_022033/154341252/ccs	0.999162	30.7676	6071	99.88
m21038_250909_022033/80219520/ccs	0.999665	34.7496	4781	99.96
m21038_251008_082655/209455582/ccs	1	60	4316	99.95
m21038_251008_082655/74253251/ccs	0.998061	27.1242	15340	99.84
m21038_250909_022033/48565261/ccs	0.999875	39.0309	10148	99.93
m21038_250909_022033/113248626/ccs	0.999854	38.3565	5399	99.91
m21038_251008_082655/253495825/ccs	0.997833	26.6414	22576	99.95
m21038_250909_022033/56758502/ccs	0.99992	40.9691	9702	99.95
m21038_250909_022033/247535097/ccs	0.999607	34.0561	7194	99.85
m21038_251008_082655/153422775/ccs	0.997268	25.6352	14460	99.52
m21038_251008_082655/77988760/ccs	0.999989	49.5861	5048	99.84
m21038_251008_082655/169871563/ccs	0.999976	46.1979	5644	99.82
m21038_250909_022033/157746379/ccs	1	60	3808	99.97
m21038_250909_022033/57541687/ccs	0.999707	35.3313	8479	99.81
m21038_251008_082655/156960925/ccs	0.99955	33.4679	11307	99.95
m21038_250909_022033/72090665/ccs	0.999988	49.2082	5694	99.98
m21038_251008_082655/70125755/ccs	0.999975	46.0206	4798	99.98
m21038_250909_022033/84874021/ccs	0.999908	40.3621	3751	99.97
m21038_250909_022033/251593673/ccs	0.999745	35.9346	16494	99.64
m21038_250909_022033/138547918/ccs	0.99729	25.6703	7243	99.94
m21038_251008_082655/114887180/ccs	0.99993	41.549	12934	99.95
m21038_251008_082655/219617148/ccs	0.999996	53.9794	9545	99.95
m21038_251008_082655/180490119/ccs	0.999999	60	4845	99.79
m21038_250909_022033/247137848/ccs	0.998608	28.5636	16712	99.66
m21038_250909_022033/66652112/ccs	0.999082	30.3716	22508	99.72
m21038_250909_022033/260904141/ccs	0.99997	45.2288	5173	99.94
m21038_250909_022033/142677082/ccs	0.994801	22.8408	13692	99.82
m21038_251008_082655/262474621/ccs	0.999397	32.1968	23623	99.94
m21038_250909_022033/125374093/ccs	1	60	4294	99.98
m21038_251008_082655/255788629/ccs	0.999758	36.1618	6840	99.93
m21038_250909_022033/28772854/ccs	1	60	4532	99.78
m21038_250909_022033/111416439/ccs	0.999759	36.1798	19538	99.67
m21038_251008_082655/128126453/ccs	0.999994	52.2185	7969	99.82
m21038_250909_022033/71240806/ccs	0.999058	30.2595	7903	99.82
m21038_250909_022033/138216646/ccs	1	60	5190	99.90
m21038_251008_082655/233768372/ccs	0.998989	29.9525	6784	99.93
m21038_250909_022033/245438291/ccs	0.999962	44.2022	4694	99.96
m21038_250909_022033/15075421/ccs	0.999939	42.1467	13454	99.66
m21038_251008_082655/55315879/ccs	0.999802	37.0333	4485	99.96
m21038_251008_082655/227412918/ccs	1	60	5098	99.78
m21038_251008_082655/41881131/ccs	0.999721	35.544	16961	99.96
m21038_251008_082655/79432233/ccs	0.99999	50	8147	99.86
m21038_250909_022033/51183793/ccs	0.999694	35.1428	9834	99.60
m21038_251008_082655/123407857/ccs	0.999968	44.9485	5755	99.81
m21038_250909_022033/118949468/ccs	0.999939	42.1467	14571	99.64
m21038_250909_022033/55119665/ccs	1	60	4810	99.92
m21038_251008_082655/254348891/ccs	0.999816	37.3518	17418	99.73
m21038_251008_082655/223151726/ccs	1	60	4450	99.80
m21038_250909_022033/49485138/ccs	0.999311	31.6178	13231	99.95
m21038_251008_082655/76681419/ccs	0.999921	41.0237	7983	99.89
m21038_250909_022033/228659397/ccs	0.995788	23.7551	5949	99.76
m21038_251008_082655/196349862/ccs	0.999331	31.7457	20290	99.76
m21038_250909_022033/187827402/ccs	0.99679	24.9349	9636	99.60
m21038_250909_022033/34344502/ccs	0.999957	43.6653	6889	99.93
m21038_250909_022033/261950248/ccs	0.992948	21.5169	4327	99.77
m21038_251008_082655/123737644/ccs	0.993451	21.8383	19675	99.71
m21038_250909_022033/134480103/ccs	0.999779	36.5561	20594	99.94
m21038_251008_082655/233637808/ccs	0.999991	50.4576	6955	99.94
m21038_250909_022033/225706974/ccs	0.999728	35.6543	11758	99.96
m21038_251008_082655/155653443/ccs	0.999705	35.3018	15552	99.96
m21038_251008_082655/210573095/ccs	0.999985	48.2391	9825	99.92
m21038_250909_022033/130810422/ccs	0.998672	28.768	26468	99.77
m21038_251008_082655/237571447/ccs	0.999998	56.9897	6284	99.90
m21038_251008_082655/103224569/ccs	0.999956	43.5655	13052	99.75
m21038_251008_082655/45881160/ccs	1	60	4189	99.88
m21038_250909_022033/234750066/ccs	0.999995	53.0103	7350	99.95
m21038_251008_082655/225116938/ccs	0.999991	50.4576	6899	99.64
m21038_251008_082655/80349749/ccs	0.998779	29.1328	7300	99.62
m21038_251008_082655/81137962/ccs	0.999997	55.2288	4800	99.52
m21038_251008_082655/218371389/ccs	0.998761	29.0693	4668	99.91
m21038_251008_082655/168167591/ccs	0.999581	33.7779	25523	99.94
m21038_251008_082655/262212225/ccs	0.999991	50.4576	9312	99.70
m21038_250909_022033/160502964/ccs	0.999931	41.6115	5509	99.93
m21038_250909_022033/130223697/ccs	0.999959	43.8722	9953	99.96
m21038_250909_022033/60558151/ccs	0.999969	45.0864	7003	99.94
m21038_250909_022033/118886053/ccs	1	60	4901	99.57
m21038_250909_022033/19203825/ccs	0.999963	44.318	5498	99.95
m21038_251008_082655/7868824/ccs	0.997592	26.1834	18358	99.94
m21038_251008_082655/217126465/ccs	1	60	3598	99.94
m21038_251008_082655/99157241/ccs	0.999999	60	7575	99.97
m21038_250909_022033/45483821/ccs	0.999985	48.2391	8487	99.72
m21038_251008_082655/2098979/ccs	0.999529	33.2698	5056	99.96
m21038_250909_022033/187827067/ccs	0.999999	60	4103	99.66
m21038_251008_082655/100141978/ccs	0.999976	46.1979	3540	100.00
m21038_250909_022033/219352807/ccs	0.999288	31.4752	4120	99.95
m21038_251008_082655/176032882/ccs	0.999557	33.536	5295	99.94
m21038_251008_082655/68488215/ccs	0.999995	53.0103	5481	99.98
m21038_251008_082655/192875870/ccs	0.99957	33.6653	9424	99.99
m21038_251008_082655/98240501/ccs	0.997956	26.8952	35619	99.59
m21038_251008_082655/26937792/ccs	0.999995	53.0103	5098	99.76
m21038_250909_022033/49678715/ccs	0.999913	40.6048	4455	99.73
m21038_250909_022033/169739864/ccs	1	60	3912	100.00
m21038_251008_082655/180750818/ccs	0.999846	38.1248	14206	99.82
m21038_250909_022033/33030887/ccs	0.999958	43.7675	5247	100.00
m21038_251008_082655/85397353/ccs	0.99868	28.7943	19447	99.95
m21038_250909_022033/77402758/ccs	0.999982	47.4473	5735	100.00
m21038_251008_082655/102108477/ccs	0.997801	26.5777	22084	99.58
m21038_251008_082655/157550839/ccs	0.999876	39.0658	7691	99.82
m21038_250909_022033/91886355/ccs	0.999991	50.4576	7464	99.91
m21038_250909_022033/242680192/ccs	0.999987	48.8606	9075	99.98
m21038_250909_022033/84935715/ccs	0.999984	47.9588	6931	99.90
m21038_251008_082655/208536453/ccs	0.999987	48.8606	3992	99.85
m21038_251008_082655/12456089/ccs	0.999815	37.3283	10060	99.84
m21038_251008_082655/56559157/ccs	0.999989	49.5861	3541	99.83
m21038_251008_082655/80482869/ccs	0.995689	23.6542	27073	99.76
m21038_250909_022033/98372409/ccs	0.999983	47.6955	9598	99.98
m21038_250909_022033/78714244/ccs	0.997854	26.6837	18559	99.60
m21038_251008_082655/78714791/ccs	0.999942	42.3657	14380	99.97
m21038_250909_022033/51318361/ccs	0.995825	23.7934	18874	99.56
m21038_250909_022033/65800532/ccs	0.999757	36.1439	10529	99.90
m21038_251008_082655/83364633/ccs	0.999413	32.3136	16436	99.85
m21038_251008_082655/100337765/ccs	0.999996	53.9794	9197	99.89
m21038_250909_022033/63179401/ccs	0.999637	34.4009	27883	99.82
m21038_250909_022033/31982989/ccs	0.999996	53.9794	3949	100.00
m21038_251008_082655/265685040/ccs	0.999775	36.4782	15969	99.89
m21038_251008_082655/164037965/ccs	0.998329	27.7702	5481	99.89
m21038_251008_082655/203297856/ccs	0.998305	27.7083	14735	99.88
m21038_251008_082655/206311148/ccs	1	60	3721	100.00
m21038_251008_082655/163518318/ccs	0.999871	38.8941	6096	99.89
m21038_250909_022033/7866026/ccs	1	60	6230	99.87
m21038_251008_082655/60687118/ccs	0.999672	34.8413	5964	99.85
m21038_250909_022033/261033575/ccs	0.999994	52.2185	5176	100.00
m21038_250909_022033/257693595/ccs	0.999981	47.2125	5004	99.90
m21038_250909_022033/196741446/ccs	1	60	7509	99.97
m21038_251008_082655/67113429/ccs	0.999783	36.6354	15090	99.65
m21038_250909_022033/206377298/ccs	0.99975	36.0206	6301	99.98
m21038_250909_022033/40763752/ccs	0.999851	38.2681	19205	99.94
m21038_250909_022033/267850339/ccs	0.999997	55.2288	5051	99.98
m21038_250909_022033/24907360/ccs	0.99696	25.1713	5649	99.95
m21038_251008_082655/207754100/ccs	0.999827	37.6195	9243	99.90
m21038_251008_082655/93787955/ccs	0.999942	42.3657	9698	99.98
m21038_250909_022033/31132290/ccs	0.999236	31.1691	22137	99.93
m21038_251008_082655/243336654/ccs	0.998969	29.8674	17719	99.94
m21038_250909_022033/203821846/ccs	0.999574	33.7059	16261	99.86
m21038_251008_082655/117771162/ccs	0.99994	42.2185	5297	99.87
m21038_251008_082655/111415977/ccs	0.999529	33.2698	5248	99.87
m21038_251008_082655/212732502/ccs	0.999955	43.4679	8180	99.98
m21038_250909_022033/44042345/ccs	0.991021	20.4677	3890	99.72
m21038_250909_022033/73206612/ccs	0.99638	24.4129	8080	99.80
m21038_251008_082655/152438897/ccs	0.999998	56.9897	10087	99.96
m21038_251008_082655/242553934/ccs	0.997436	25.9108	22659	99.91
m21038_250909_022033/96342436/ccs	0.998235	27.5326	18551	99.94
m21038_250909_022033/75235923/ccs	0.999984	47.9588	5239	99.98
m21038_251008_082655/256377984/ccs	0.999987	48.8606	10555	99.88
m21038_251008_082655/218109457/ccs	0.999815	37.3283	20439	99.83
m21038_250909_022033/213388769/ccs	0.999979	46.7778	4637	99.87
m21038_251008_082655/146867938/ccs	0.999995	53.0103	11063	99.95
m21038_251008_082655/92541823/ccs	0.999999	60	7853	99.89
m21038_251008_082655/148114002/ccs	0.999147	30.6905	16857	99.93
m21038_250909_022033/186515534/ccs	0.99985	38.2391	11484	99.85
m21038_251008_082655/153487429/ccs	0.999813	37.2816	17496	99.85
m21038_250909_022033/71437970/ccs	0.999133	30.6198	4016	99.88
m21038_251008_082655/194121177/ccs	0.995926	23.8998	7127	99.83
m21038_250909_022033/240587855/ccs	1	60	6932	99.97
m21038_251008_082655/225773313/ccs	0.999991	50.4576	5560	99.87
m21038_250909_022033/10227225/ccs	1	60	4535	99.98
m21038_251008_082655/88998019/ccs	0.999985	48.2391	5994	99.97
m21038_250909_022033/180815815/ccs	1	60	7280	99.88
m21038_251008_082655/236783720/ccs	0.995492	23.4602	14682	99.85
m21038_250909_022033/119214127/ccs	1	60	4769	99.85
m21038_251008_082655/132255240/ccs	0.999983	47.6955	12549	99.86
m21038_251008_082655/203494297/ccs	0.999927	41.3668	13313	99.92
m21038_250909_022033/178520569/ccs	1	60	6554	99.88
m21038_250909_022033/135530544/ccs	0.999981	47.2125	5516	99.96
m21038_250909_022033/232853601/ccs	0.999451	32.6043	4348	99.84
m21038_250909_022033/246942850/ccs	0.999443	32.5414	5246	99.89
m21038_251008_082655/104074716/ccs	0.999994	52.2185	7544	99.87
m21038_250909_022033/146608931/ccs	0.99998	46.9897	2868	99.83
m21038_251008_082655/181862535/ccs	0.999884	39.3554	17212	99.92
m21038_251008_082655/62262075/ccs	0.999927	41.3668	13213	99.80
m21038_251008_082655/176098031/ccs	0.99999	50	10335	99.86
m21038_250909_022033/139465453/ccs	0.999918	40.8619	5750	99.90
m21038_250909_022033/107941884/ccs	1	60	5895	99.90
m21038_251008_082655/81925551/ccs	1	60	5140	99.96
m21038_250909_022033/154403725/ccs	0.996537	24.6055	14658	99.75
m21038_250909_022033/91293851/ccs	0.999983	47.6955	6690	99.88
m21038_251008_082655/141759948/ccs	1	60	6267	99.86
m21038_251008_082655/145949852/ccs	0.999537	33.3442	8406	99.82
m21038_250909_022033/184486222/ccs	1	60	4474	99.98
m21038_250909_022033/39780758/ccs	0.999636	34.389	10870	99.92
m21038_250909_022033/26217459/ccs	0.999997	55.2288	4150	99.90
m21038_251008_082655/157680414/ccs	0.99998	46.9897	9455	99.88
m21038_250909_022033/170136789/ccs	1	60	3552	99.92
m21038_250909_022033/224068468/ccs	0.999999	60	5187	99.90
m21038_251008_082655/104469173/ccs	0.9989	29.5861	24492	99.91
m21038_251008_082655/212995371/ccs	0.999949	42.9243	6535	99.89
m21038_250909_022033/82707177/ccs	0.999644	34.4855	14640	99.92
m21038_250909_022033/256508805/ccs	0.999994	52.2185	6639	99.86
m21038_250909_022033/84149105/ccs	1	60	4111	99.88
m21038_251008_082655/202246698/ccs	0.994024	22.2359	9224	99.88
m21038_250909_022033/29819783/ccs	0.999146	30.6854	7580	99.91
m21038_251008_082655/149294677/ccs	0.998235	27.5326	21715	99.56
m21038_251008_082655/66590569/ccs	0.99985	38.2391	18733	99.92
m21038_250909_022033/241046685/ccs	0.99579	23.7572	9830	99.77
m21038_250909_022033/128975902/ccs	0.999988	49.2082	6778	99.88
m21038_251008_082655/131269664/ccs	0.999231	31.1407	5088	99.80
m21038_250909_022033/241243787/ccs	0.999992	50.9691	9470	99.92
m21038_250909_022033/30870301/ccs	0.999924	41.1919	15817	99.92
m21038_251008_082655/253826813/ccs	0.999963	44.318	10962	99.92
m21038_250909_022033/246027250/ccs	1	60	6419	99.86
m21038_251008_082655/232720435/ccs	0.997615	26.2251	9797	99.85
m21038_250909_022033/246419014/ccs	0.999336	31.7783	10660	99.79
m21038_251008_082655/249042713/ccs	0.992353	21.1651	12338	99.75
m21038_251008_082655/45617142/ccs	0.999992	50.9691	7753	99.81
m21038_250909_022033/121837475/ccs	0.999455	32.636	20735	99.91
m21038_250909_022033/222758571/ccs	1	60	4197	99.86
m21038_251008_082655/79892103/ccs	0.999951	43.098	3770	99.92
m21038_251008_082655/259326920/ccs	0.999875	39.0309	9189	99.85
m21038_251008_082655/54007151/ccs	0.997429	25.899	17527	99.91
m21038_250909_022033/46798039/ccs	1	60	3455	99.80
m21038_250909_022033/23268318/ccs	0.99989	39.5861	5468	99.84
m21038_251008_082655/245110685/ccs	0.9997	35.2288	13736	99.71
m21038_250909_022033/58726324/ccs	0.999969	45.0864	6285	99.90
m21038_251008_082655/188876818/ccs	0.999988	49.2082	4350	99.86
m21038_251008_082655/121771430/ccs	0.999998	56.9897	3634	99.92
m21038_251008_082655/138938651/ccs	0.999924	41.1919	10307	99.90
m21038_251008_082655/57214380/ccs	0.999848	38.1816	7808	99.82
m21038_250909_022033/201850931/ccs	0.999976	46.1979	6132	99.80
m21038_251008_082655/185012056/ccs	0.999983	47.6955	4844	99.88
m21038_251008_082655/25628452/ccs	0.998453	28.1051	27112	99.80
m21038_250909_022033/160367400/ccs	1	60	5181	99.88
m21038_251008_082655/108790609/ccs	0.995266	23.2477	18518	99.74
m21038_250909_022033/92607722/ccs	0.999929	41.4874	8394	99.85
m21038_250909_022033/51185153/ccs	0.997565	26.135	6012	99.80
m21038_250909_022033/88610038/ccs	0.999899	39.9568	4282	99.86
m21038_250909_022033/131208855/ccs	0.999997	55.2288	6703	99.79
m21038_250909_022033/100271641/ccs	0.998669	28.7582	7050	99.83
m21038_251008_082655/73336454/ccs	1	60	4475	99.80
m21038_250909_022033/18877098/ccs	0.997358	25.7807	4194	99.78
m21038_251008_082655/212075684/ccs	0.999978	46.5758	4388	99.86
m21038_251008_082655/98179007/ccs	0.998522	28.3033	16080	99.89
m21038_250909_022033/254739374/ccs	0.998537	28.3476	5137	99.88
m21038_250909_022033/260642007/ccs	0.999971	45.376	7144	99.76
m21038_251008_082655/160372676/ccs	0.999996	53.9794	7641	99.74
m21038_250909_022033/175575546/ccs	0.995518	23.4853	6546	99.71
m21038_250909_022033/251924870/ccs	0.996615	24.7044	6949	99.72
m21038_250909_022033/90900011/ccs	1	60	4973	99.82
m21038_250909_022033/51645821/ccs	1	60	2632	99.81
m21038_251008_082655/186324654/ccs	0.999959	43.8722	10617	99.79
m21038_250909_022033/131268948/ccs	0.999729	35.6703	3476	99.88
m21038_251008_082655/122686202/ccs	0.999968	44.9485	4953	99.78
m21038_251008_082655/101585488/ccs	0.999999	60	4843	99.83
m21038_250909_022033/265817607/ccs	0.999443	32.5414	10045	99.74
m21038_250909_022033/124523938/ccs	0.995429	23.3999	19117	99.85
m21038_251008_082655/109053726/ccs	0.999835	37.8252	5518	99.76
m21038_250909_022033/69208862/ccs	0.999987	48.8606	3099	99.81
m21038_251008_082655/125372127/ccs	0.999886	39.431	11561	99.91
m21038_251008_082655/36245198/ccs	0.997299	25.6848	6507	99.89
m21038_251008_082655/173807319/ccs	0.993347	21.7698	8428	99.50
m21038_251008_082655/40965156/ccs	0.99987	38.8606	12640	99.75
m21038_250909_022033/73272705/ccs	0.999962	44.2022	4774	99.77
m21038_251008_082655/167381519/ccs	0.996617	24.707	5992	99.72
m21038_251008_082655/229245652/ccs	0.999174	30.8302	17556	99.77
m21038_250909_022033/101712504/ccs	0.999999	60	3882	99.77
m21038_250909_022033/115739443/ccs	1	60	4420	99.80
m21038_250909_022033/164954241/ccs	0.999975	46.0206	4593	99.80
m21038_251008_082655/14418523/ccs	0.999442	32.5337	16789	99.76
m21038_250909_022033/26809114/ccs	0.999252	31.261	4195	99.76
m21038_250909_022033/213909974/ccs	0.99994	42.2185	5069	99.90
m21038_251008_082655/9634257/ccs	0.992913	21.4954	6233	99.58
m21038_250909_022033/58068635/ccs	1	60	4726	99.79
m21038_251008_082655/217710953/ccs	0.999329	31.7328	10235	99.77
m21038_250909_022033/44176271/ccs	0.999933	41.7393	10299	99.93
m21038_250909_022033/105843565/ccs	0.999987	48.8606	4491	99.93
m21038_251008_082655/28575524/ccs	0.999995	53.0103	5120	99.92
m21038_250909_022033/57415114/ccs	0.999125	30.5799	16569	99.72
m21038_251008_082655/143065900/ccs	0.999492	32.9414	4376	99.91
m21038_251008_082655/110564592/ccs	0.999977	46.3827	11323	99.73
m21038_251008_082655/13961616/ccs	0.999781	36.5956	4442	99.68
m21038_251008_082655/183043000/ccs	0.999827	37.6195	10486	99.75
m21038_250909_022033/63050903/ccs	0.999903	40.1323	4787	99.67
m21038_250909_022033/168035762/ccs	0.999928	41.4267	8943	99.72
m21038_250909_022033/253559062/ccs	0.999997	55.2288	5188	99.90
m21038_251008_082655/166003742/ccs	0.999937	42.0066	3480	99.91
m21038_250909_022033/140906153/ccs	0.999981	47.2125	4029	99.90
m21038_251008_082655/129500439/ccs	0.999716	35.4668	5637	99.89
m21038_250909_022033/176950339/ccs	0.999997	55.2288	6518	99.92
m21038_250909_022033/112596099/ccs	0.999998	56.9897	4919	99.70
m21038_250909_022033/74515185/ccs	0.999958	43.7675	5594	99.71
m21038_250909_022033/8978513/ccs	0.998235	27.5326	13479	99.89
m21038_251008_082655/129109680/ccs	0.997662	26.3116	14384	99.60
m21038_250909_022033/216140579/ccs	0.999821	37.4715	4877	99.67
m21038_250909_022033/18023279/ccs	0.999889	39.5468	3981	99.70
m21038_251008_082655/196544726/ccs	0.999934	41.8046	6847	99.71
m21038_251008_082655/101387785/ccs	0.999152	30.716	3771	99.68
m21038_250909_022033/111936645/ccs	0.999672	34.8413	11995	99.72
m21038_251008_082655/19990570/ccs	0.999965	44.5593	4610	99.91
m21038_250909_022033/211944325/ccs	0.997135	25.4288	5798	99.65
m21038_251008_082655/148506922/ccs	0.998887	29.535	10026	99.90
m21038_250909_022033/102892325/ccs	0.999783	36.6354	14770	99.85
m21038_250909_022033/146803018/ccs	0.999956	43.5655	4682	99.91
m21038_250909_022033/257101201/ccs	0.999591	33.8828	21197	99.70
m21038_250909_022033/133499042/ccs	0.999957	43.6653	5687	99.75
m21038_250909_022033/266666337/ccs	0.999956	43.5655	6795	99.76
m21038_251008_082655/96407349/ccs	0.999971	45.376	4902	99.90
m21038_250909_022033/49418518/ccs	0.999999	60	5575	99.89
m21038_251008_082655/11997105/ccs	0.99732	25.7187	8383	99.90
m21038_250909_022033/176229386/ccs	0.999475	32.7984	8838	99.41
m21038_250909_022033/150869537/ccs	1	60	5252	99.92
m21038_250909_022033/71833170/ccs	0.999534	33.3161	9097	99.77
m21038_250909_022033/150016795/ccs	0.996438	24.4831	11554	99.73
m21038_250909_022033/34933820/ccs	0.999997	55.2288	4756	99.73
m21038_250909_022033/25493881/ccs	0.999983	47.6955	10216	99.75
m21038_250909_022033/117183003/ccs	0.999841	37.986	4449	99.73
m21038_250909_022033/14815784/ccs	0.999916	40.7572	10404	99.90
m21038_251008_082655/167316184/ccs	0.999909	40.4096	10828	99.87
m21038_251008_082655/17828811/ccs	0.999503	33.0364	6796	99.79
m21038_250909_022033/38080517/ccs	0.999839	37.9317	7207	99.90
m21038_251008_082655/91100532/ccs	0.999992	50.9691	6173	99.92
m21038_251008_082655/19336381/ccs	0.999783	36.6354	21755	99.59
m21038_250909_022033/112788221/ccs	0.999978	46.5758	6065	98.86
m21038_251008_082655/88606348/ccs	0.999902	40.0877	6196	99.83
m21038_250909_022033/139661166/ccs	0.999973	45.6864	6750	99.92
m21038_250909_022033/156566833/ccs	0.999948	42.84	6325	99.72
m21038_250909_022033/247468555/ccs	0.999997	55.2288	6441	99.74
m21038_250909_022033/237240653/ccs	0.999986	48.5387	8578	99.78
m21038_250909_022033/223348437/ccs	0.999822	37.4958	13292	99.70
m21038_251008_082655/82513283/ccs	0.99945	32.5964	13429	99.67
m21038_251008_082655/222236033/ccs	0.999999	60	5847	99.91
m21038_251008_082655/265426589/ccs	0.998184	27.4088	17932	99.59
m21038_250909_022033/189208456/ccs	0.999998	56.9897	7462	99.22
m21038_250909_022033/180948688/ccs	0.999946	42.6761	7476	99.79
m21038_250909_022033/103418884/ccs	0.999002	30.0087	8509	99.70
m21038_250909_022033/48497162/ccs	0.999917	40.8092	6978	99.82
m21038_250909_022033/139002642/ccs	0.999938	42.0761	5994	99.91
m21038_251008_082655/180228095/ccs	0.999594	33.9147	9396	99.70
m21038_251008_082655/206113180/ccs	1	60	4359	99.88
m21038_251008_082655/37030082/ccs	0.999924	41.1919	6189	99.75
m21038_250909_022033/200344019/ccs	0.998896	29.5703	4725	99.89
m21038_250909_022033/253886669/ccs	0.999543	33.4008	6570	99.76
m21038_250909_022033/92607371/ccs	1	60	5675	99.68
m21038_250909_022033/6556145/ccs	0.999252	31.261	10089	99.61
m21038_250909_022033/15207391/ccs	0.99937	32.0066	7842	99.74
m21038_250909_022033/104466891/ccs	0.999997	55.2288	4949	98.77
m21038_250909_022033/247993675/ccs	0.999377	32.0551	8938	99.65
m21038_250909_022033/3932373/ccs	0.999999	60	6930	99.76
m21038_250909_022033/30868382/ccs	1	60	5012	99.77
m21038_250909_022033/193727947/ccs	0.999963	44.318	4539	98.57
m21038_250909_022033/262801017/ccs	0.999636	34.389	4120	99.10
m21038_250909_022033/196347818/ccs	0.999932	41.6749	4604	98.72
m21038_251008_082655/112394713/ccs	0.999997	55.2288	4995	99.74
m21038_251008_082655/214171878/ccs	0.999412	32.3062	19255	99.36
m21038_250909_022033/44504259/ccs	0.99997	45.2288	8038	99.35
m21038_250909_022033/244193163/ccs	1	60	4018	99.73
m21038_251008_082655/106761705/ccs	0.999242	31.2033	11890	99.28
m21038_250909_022033/259265699/ccs	0.999653	34.5967	8054	99.53
m21038_250909_022033/59114553/ccs	0.999963	44.318	11528	99.57
m21038_250909_022033/36115696/ccs	0.999991	50.4576	8112	99.65
m21038_250909_022033/153748007/ccs	1	60	4814	100.00
m21038_250909_022033/159450210/ccs	0.999996	53.9794	5685	100.00
m21038_251008_082655/37486757/ccs	0.999782	36.6154	12632	99.73
m21038_250909_022033/194450300/ccs	0.999998	56.9897	3655	99.92
m21038_250909_022033/20911351/ccs	0.99999	50	6690	99.91
m21038_250909_022033/171771685/ccs	0.997641	26.2727	20941	99.88
m21038_250909_022033/14878026/ccs	1	60	3057	99.77
m21038_250909_022033/122622951/ccs	1	60	2934	99.93
m21038_251008_082655/103683356/ccs	0.99039	20.1728	14021	99.80
m21038_251008_082655/184028917/ccs	0.999727	35.6384	13205	99.88
m21038_250909_022033/177996551/ccs	0.999255	31.2784	5525	99.75
m21038_251008_082655/222692292/ccs	0.999826	37.5945	14541	99.92
m21038_250909_022033/79828318/ccs	0.999994	52.2185	4390	99.82
m21038_251008_082655/135073821/ccs	0.999986	48.5387	5733	99.79
m21038_250909_022033/15143326/ccs	1	60	3117	99.94
m21038_250909_022033/72816377/ccs	0.999798	36.9465	19275	99.42
m21038_250909_022033/211486478/ccs	0.998654	28.7095	24956	99.42
m21038_251008_082655/240910963/ccs	0.999975	46.0206	8442	99.92
m21038_250909_022033/3539445/ccs	0.999991	50.4576	5673	99.95
m21038_251008_082655/79107512/ccs	0.999482	32.8567	13916	99.93
m21038_251008_082655/205066209/ccs	1	60	3786	99.95
m21038_250909_022033/16192086/ccs	0.999983	47.6955	5531	99.91
m21038_250909_022033/28576531/ccs	0.993946	22.1796	10987	99.72
m21038_251008_082655/44827281/ccs	0.999991	50.4576	8433	99.92
m21038_251008_082655/234029355/ccs	0.99968	34.9485	6361	99.91
m21038_251008_082655/62457277/ccs	1	60	5344	99.89
m21038_250909_022033/173802111/ccs	0.999858	38.4771	4841	99.90
m21038_251008_082655/198512633/ccs	0.999213	31.0403	7031	99.91
m21038_251008_082655/17044351/ccs	0.994537	22.6257	14794	99.36
m21038_250909_022033/188421709/ccs	0.999844	38.0688	6344	99.91
m21038_251008_082655/140118035/ccs	0.999966	44.6852	4944	99.82
m21038_251008_082655/57021375/ccs	0.99998	46.9897	5216	99.81
m21038_251008_082655/64032577/ccs	0.999993	51.549	3973	99.92
m21038_250909_022033/59249330/ccs	0.999988	49.2082	4234	99.83
m21038_250909_022033/149359305/ccs	0.998561	28.4194	13709	99.35
m21038_251008_082655/164960095/ccs	0.999959	43.8722	7669	99.95
m21038_251008_082655/135333188/ccs	0.999945	42.5964	6298	99.81
m21038_251008_082655/19731694/ccs	0.99996	43.9794	13922	99.23
m21038_250909_022033/119735902/ccs	0.999939	42.1467	11619	99.22
m21038_250909_022033/152242882/ccs	0.999961	44.0894	4904	99.82
m21038_250909_022033/164434340/ccs	0.99995	43.0103	4879	99.80
m21038_250909_022033/187697239/ccs	0.999491	32.9328	5953	99.83
m21038_251008_082655/158535134/ccs	0.999978	46.5758	3549	99.83
m21038_250909_022033/112923329/ccs	1	60	3677	99.95
m21038_250909_022033/61016072/ccs	0.999258	31.296	10500	99.23
m21038_250909_022033/233838424/ccs	0.999994	52.2185	7991	99.46
m21038_250909_022033/260704705/ccs	0.999985	48.2391	6295	99.42
m21038_250909_022033/65671318/ccs	0.998429	28.0382	7832	98.92
m21038_250909_022033/80875060/ccs	0.99885	29.393	7080	99.81
m21038_250909_022033/20580091/ccs	0.995753	23.7192	8290	99.84
m21038_251008_082655/97981929/ccs	0.999963	44.318	4457	99.72
m21038_251008_082655/205526226/ccs	0.994498	22.5948	35319	99.96
m21038_250909_022033/138217707/ccs	0.999128	30.5948	12292	99.43
m21038_251008_082655/106760507/ccs	0.999938	42.0761	6734	98.90
m21038_250909_022033/41028788/ccs	0.999917	40.8092	11201	98.87
m21038_250909_022033/107483159/ccs	0.999908	40.3621	6372	98.91
m21038_251008_082655/194315084/ccs	0.999978	46.5758	10859	98.87
m21038_251008_082655/149886665/ccs	0.999715	35.4516	9378	99.66
m21038_250909_022033/32442357/ccs	0.999877	39.1009	6610	97.48
m21038_250909_022033/220857126/ccs	0.990064	20.0279	28693	98.45
m21038_251008_082655/148178175/ccs	0.999829	37.67	11439	99.45
m21038_250909_022033/155782957/ccs	0.999996	53.9794	6471	97.61
m21038_251008_082655/57284330/ccs	0.999979	46.7778	6525	97.63
m21038_251008_082655/204996855/ccs	0.997584	26.169	19594	98.19
m21038_251008_082655/222300864/ccs	0.999957	43.6653	6968	97.67
m21038_250909_022033/99485784/ccs	0.999916	40.7572	13220	99.98
m21038_250909_022033/101782748/ccs	0.993869	22.1247	3630	99.72
m21038_250909_022033/42339061/ccs	0.999998	56.9897	4790	99.69
m21038_251008_082655/45813589/ccs	0.999756	36.1261	7717	99.69
m21038_250909_022033/84741170/ccs	0.999996	53.9794	4065	99.21
m21038_250909_022033/85002407/ccs	1	60	5324	99.62
m21038_250909_022033/14222877/ccs	0.998111	27.2377	15520	99.99
m21038_251008_082655/253628931/ccs	0.999731	35.7025	15516	99.99
m21038_250909_022033/220858604/ccs	0.999863	38.6328	4476	99.62
m21038_251008_082655/25233444/ccs	0.999991	50.4576	6513	99.98
m21038_250909_022033/122032301/ccs	0.999178	30.8513	26502	98.57
m21038_250909_022033/264640153/ccs	0.999991	50.4576	5394	99.67
m21038_251008_082655/262015201/ccs	0.999289	31.4813	13830	99.98
m21038_251008_082655/111350643/ccs	0.999908	40.3621	14010	98.87
m21038_251008_082655/17241925/ccs	0.997243	25.5956	7156	99.58
m21038_250909_022033/198967903/ccs	0.999911	40.5061	12491	98.73
m21038_250909_022033/161879788/ccs	0.999491	32.9328	8698	99.00
m21038_250909_022033/113248100/ccs	0.999713	35.4212	7873	99.07
m21038_250909_022033/118294973/ccs	0.99998	46.9897	8574	99.08
m21038_251008_082655/130680099/ccs	0.999613	34.1229	13384	98.61
m21038_250909_022033/262932852/ccs	1	60	6710	99.03
m21038_251008_082655/240059376/ccs	1	60	6179	98.52
m21038_251008_082655/15074349/ccs	0.999698	35.1999	7108	98.50
m21038_250909_022033/110433597/ccs	0.998753	29.0413	7072	99.04
m21038_251008_082655/138743414/ccs	0.996417	24.4575	9840	98.83
m21038_251008_082655/160831149/ccs	0.998818	29.2738	12508	99.98
m21038_250909_022033/95814254/ccs	0.998445	28.0827	19715	98.90
m21038_250909_022033/261685927/ccs	0.999999	60	5789	99.22
m21038_250909_022033/167188429/ccs	0.999706	35.3165	5574	99.98
m21038_250909_022033/176621495/ccs	0.999182	30.8725	14880	99.99
m21038_250909_022033/88936194/ccs	0.999981	47.2125	5907	99.98
m21038_251008_082655/39256828/ccs	0.999777	36.517	14773	98.59
m21038_250909_022033/58004425/ccs	0.999986	48.5387	7965	98.82
m21038_250909_022033/206438722/ccs	0.996276	24.2899	6422	99.11
m21038_250909_022033/234881329/ccs	0.999756	36.1261	13671	99.99
m21038_251008_082655/144837413/ccs	1	60	3456	99.22
m21038_250909_022033/105252308/ccs	0.999458	32.66	4383	99.45
m21038_251008_082655/186060694/ccs	0.999982	47.4473	10481	98.46
m21038_251008_082655/99290666/ccs	0.996658	24.7599	6561	98.90
m21038_251008_082655/196412858/ccs	0.994714	22.7687	10111	99.93
m21038_250909_022033/4981954/ccs	0.999803	37.0553	12008	98.48
m21038_250909_022033/44500207/ccs	0.999995	53.0103	7433	98.53
m21038_250909_022033/28053356/ccs	0.999904	40.1773	4485	98.84
m21038_251008_082655/216405516/ccs	1	60	4441	98.83
m21038_250909_022033/228459429/ccs	0.999985	48.2391	6672	98.39
m21038_250909_022033/100273262/ccs	0.999993	51.549	7414	99.99
m21038_251008_082655/250219379/ccs	0.999862	38.6012	18479	98.37
m21038_250909_022033/161682973/ccs	0.999988	49.2082	4269	99.98
m21038_250909_022033/196807455/ccs	1	60	3603	99.97
m21038_251008_082655/63312573/ccs	0.999964	44.437	7218	98.24
m21038_250909_022033/178196772/ccs	0.997101	25.3775	4229	98.32
m21038_250909_022033/196414203/ccs	0.999998	56.9897	7678	98.67
m21038_251008_082655/37096745/ccs	0.999969	45.0864	7578	99.99
m21038_251008_082655/18614942/ccs	0.999167	30.7935	7959	98.61
m21038_250909_022033/71176319/ccs	0.999913	40.6048	6438	99.92
m21038_250909_022033/205849047/ccs	0.999999	60	7753	98.05
m21038_251008_082655/257299743/ccs	0.999998	56.9897	7312	99.99
m21038_250909_022033/34603882/ccs	0.999972	45.5284	6231	99.90
m21038_251008_082655/181930435/ccs	0.999071	30.3198	6007	99.98
m21038_250909_022033/97454871/ccs	0.999169	30.804	4683	99.98
m21038_251008_082655/15602660/ccs	0.99996	43.9794	6817	99.91
m21038_251008_082655/195694992/ccs	0.999993	51.549	6461	100.00
m21038_250909_022033/35723098/ccs	0.999976	46.1979	4130	99.93
m21038_251008_082655/221187340/ccs	0.999992	50.9691	5475	99.91
m21038_251008_082655/242420468/ccs	0.999873	38.962	9597	98.31
m21038_250909_022033/39783839/ccs	1	60	3285	100.00
m21038_250909_022033/229903920/ccs	1	60	3602	98.05
m21038_250909_022033/142999674/ccs	0.999955	43.4679	7443	100.00
m21038_250909_022033/180948892/ccs	0.999999	60	6641	99.92
m21038_250909_022033/255264104/ccs	0.999997	55.2288	6681	98.47
m21038_250909_022033/45025678/ccs	0.999706	35.3165	6221	100.00
m21038_250909_022033/80152827/ccs	0.999977	46.3827	5711	97.98
m21038_251008_082655/254347339/ccs	0.999971	45.376	4799	98.41
m21038_250909_022033/158731936/ccs	0.999994	52.2185	9198	98.37
m21038_250909_022033/128977552/ccs	0.999998	56.9897	6416	98.16
m21038_250909_022033/135860031/ccs	0.999958	43.7675	11409	98.39
m21038_251008_082655/198444702/ccs	0.999837	37.8781	3972	100.00
m21038_251008_082655/264765872/ccs	0.999902	40.0877	6948	100.00
m21038_251008_082655/210311049/ccs	0.999944	42.5181	4912	99.92
m21038_251008_082655/105841667/ccs	1	60	4705	98.55
m21038_250909_022033/137498501/ccs	1	60	4557	99.91
m21038_251008_082655/103809678/ccs	0.999999	60	6005	98.21
m21038_251008_082655/164958148/ccs	0.999999	60	6503	100.00
m21038_250909_022033/112264513/ccs	1	60	6121	98.26
m21038_251008_082655/202640682/ccs	0.999961	44.0894	12997	98.30
m21038_250909_022033/150998497/ccs	0.999912	40.5552	4887	98.30
m21038_251008_082655/64031505/ccs	0.999937	42.0066	6910	98.19
m21038_251008_082655/205260053/ccs	0.99993	41.549	11981	98.18
m21038_251008_082655/239995689/ccs	0.999676	34.8945	6913	98.31
m21038_251008_082655/148050396/ccs	1	60	7453	98.28
m21038_250909_022033/226826018/ccs	0.999935	41.8709	11456	99.97
m21038_250909_022033/150148053/ccs	0.999997	55.2288	6085	99.87
m21038_251008_082655/252122397/ccs	0.996267	24.2794	9644	99.63
m21038_251008_082655/105646698/ccs	0.999851	38.2681	10396	99.96
m21038_251008_082655/170918860/ccs	0.999671	34.828	13874	99.96
m21038_250909_022033/248581778/ccs	0.999893	39.7062	13898	99.52
m21038_250909_022033/142153675/ccs	0.999999	60	9419	99.39
m21038_250909_022033/218895210/ccs	0.99996	43.9794	8962	99.64
m21038_250909_022033/197920603/ccs	0.999494	32.9585	30699	99.98
m21038_250909_022033/54853998/ccs	0.999768	36.3451	20244	99.55
m21038_250909_022033/115212566/ccs	0.999815	37.3283	19108	99.98
m21038_250909_022033/202770833/ccs	0.999998	56.9897	7763	99.77
m21038_250909_022033/84347282/ccs	1	60	6667	99.95
m21038_251008_082655/135988798/ccs	0.999996	53.9794	7494	99.95
m21038_251008_082655/217387898/ccs	0.999762	36.2342	16316	99.54
m21038_250909_022033/152769573/ccs	0.999996	53.9794	7010	99.44
m21038_251008_082655/19925260/ccs	0.994331	22.4649	9929	99.52
m21038_251008_082655/157815065/ccs	0.999921	41.0237	8259	99.53
m21038_250909_022033/17895202/ccs	0.999987	48.8606	7652	99.96
m21038_250909_022033/249825628/ccs	0.999436	32.4872	7748	99.55
m21038_250909_022033/34148492/ccs	0.995377	23.3508	18449	99.59
m21038_251008_082655/190320633/ccs	1	60	4872	99.94
m21038_251008_082655/209917431/ccs	0.996301	24.3192	5401	99.44
m21038_251008_082655/129502019/ccs	0.999934	41.8046	11339	99.97
m21038_250909_022033/55579115/ccs	0.998962	29.838	3648	99.84
m21038_251008_082655/222433610/ccs	0.99999	50	5526	99.58
m21038_250909_022033/174787098/ccs	0.999995	53.0103	6442	99.95
m21038_250909_022033/28316089/ccs	0.999989	49.5861	5754	99.55
m21038_250909_022033/242878618/ccs	0.999159	30.752	6531	99.23
m21038_251008_082655/186843755/ccs	0.999971	45.376	11311	99.68
m21038_250909_022033/201394097/ccs	0.999941	42.2915	4735	99.87
m21038_251008_082655/198248361/ccs	1	60	5512	99.26
m21038_250909_022033/62986040/ccs	1	60	4225	99.34
m21038_250909_022033/2559548/ccs	0.999944	42.5181	9647	99.70
m21038_250909_022033/187697516/ccs	1	60	3317	99.82
m21038_251008_082655/167182858/ccs	0.999889	39.5468	15768	99.64
m21038_250909_022033/52955622/ccs	1	60	4468	99.55
m21038_250909_022033/81068089/ccs	1	60	5546	99.68
m21038_251008_082655/188154390/ccs	0.993003	21.5509	3799	99.10
m21038_251008_082655/136712821/ccs	0.999505	33.0539	5858	99.69
m21038_250909_022033/49679636/ccs	0.999985	48.2391	5265	99.96
m21038_251008_082655/243734246/ccs	0.999989	49.5861	7424	99.76
m21038_251008_082655/91360137/ccs	0.999995	53.0103	8435	99.75
m21038_251008_082655/200282846/ccs	0.999996	53.9794	7353	99.97
m21038_250909_022033/199099750/ccs	0.999902	40.0877	9260	99.98
m21038_250909_022033/225514572/ccs	1	60	4577	99.63
m21038_250909_022033/70324943/ccs	0.99991	40.4576	7029	99.97
m21038_250909_022033/247270526/ccs	0.999921	41.0237	16962	99.71
m21038_251008_082655/256574406/ccs	0.999458	32.66	19993	99.98
m21038_251008_082655/192352400/ccs	0.999995	53.0103	4981	99.76
m21038_250909_022033/189464640/ccs	0.999973	45.6864	4064	99.78
m21038_251008_082655/21367236/ccs	0.998663	28.7387	7719	100.00
m21038_251008_082655/257101691/ccs	0.998971	29.8758	8900	99.98
m21038_250909_022033/251269044/ccs	0.998461	28.1276	8737	99.76
m21038_250909_022033/239928990/ccs	1	60	4298	99.79
m21038_251008_082655/266604279/ccs	0.999819	37.4232	8970	99.77
m21038_251008_082655/92804949/ccs	1	60	6034	99.82
m21038_250909_022033/109710215/ccs	0.999989	49.5861	9822	99.76
m21038_250909_022033/64946913/ccs	0.999988	49.2082	7294	99.82
m21038_251008_082655/56562004/ccs	0.997609	26.2142	13535	99.99
m21038_250909_022033/217254893/ccs	1	60	3614	99.78
