read_id	rq	qv	read_length	iden
m21038_250902_073843/124783007/ccs	0.993727	22.0252	25329	99.50
m21038_250902_073843/248579149/ccs	0.991448	20.6793	22161	99.54
m21038_250902_073843/28510811/ccs	0.999985	48.2391	8826	99.58
m21038_251023_070926/204276587/ccs	0.995402	23.3743	19015	99.49
m21038_250902_073843/83821297/ccs	0.999894	39.7469	9896	99.59
m21038_251023_070926/231474216/ccs	0.998972	29.8801	25435	99.66
m21038_250902_073843/34668763/ccs	0.999921	41.0237	12271	99.78
m21038_250902_073843/112853419/ccs	0.999973	45.6864	7941	99.95
m21038_251023_070926/115868102/ccs	0.999999	60	6743	98.98
m21038_250902_073843/13305891/ccs	0.999949	42.9243	9730	99.83
m21038_251023_070926/173738444/ccs	0.99997	45.2288	9001	99.92
m21038_250902_073843/110430898/ccs	0.999881	39.2445	8172	99.94
m21038_251023_070926/259326988/ccs	0.998586	28.4955	32742	99.83
m21038_250902_073843/142279928/ccs	0.996875	25.0515	18308	99.61
m21038_250902_073843/34144828/ccs	0.99983	37.6955	9469	99.94
m21038_251023_070926/216531769/ccs	0.998135	27.2932	16683	99.69
m21038_251023_070926/49351944/ccs	0.999802	37.0333	12666	99.19
m21038_251023_070926/123472684/ccs	0.999962	44.2022	5335	99.92
m21038_251023_070926/32312584/ccs	0.999987	48.8606	10249	99.55
m21038_250902_073843/46535272/ccs	0.999276	31.4026	18783	99.78
m21038_251023_070926/176161330/ccs	0.999778	36.5365	18307	99.49
m21038_251023_070926/235408037/ccs	0.999961	44.0894	7080	99.93
m21038_250902_073843/14683560/ccs	1	60	4447	99.03
m21038_251023_070926/70322762/ccs	0.998794	29.1865	5831	99.91
m21038_251023_070926/229901965/ccs	0.999525	33.2331	18020	99.78
m21038_250902_073843/115212989/ccs	0.999306	31.5864	6752	99.79
m21038_251023_070926/170853333/ccs	0.999954	43.3724	8299	98.70
m21038_251023_070926/64619085/ccs	0.998734	28.9757	7316	99.86
m21038_251023_070926/217450185/ccs	0.998811	29.2482	10928	99.71
m21038_251023_070926/30933156/ccs	0.999791	36.7985	23199	99.81
m21038_250902_073843/119277784/ccs	0.999984	47.9588	9073	99.87
m21038_251023_070926/35982634/ccs	0.997229	25.5736	4119	99.46
m21038_250902_073843/30938424/ccs	1	60	4122	99.44
m21038_250902_073843/29955702/ccs	0.999998	56.9897	6298	99.54
m21038_250902_073843/245761318/ccs	0.999418	32.3508	13151	99.80
m21038_250902_073843/153552768/ccs	0.999301	31.5552	6177	99.92
m21038_250902_073843/253952912/ccs	0.999787	36.7162	8204	98.86
m21038_251023_070926/134480503/ccs	1	60	2839	99.47
m21038_250902_073843/132778830/ccs	0.999863	38.6328	3786	98.99
m21038_250902_073843/114100587/ccs	0.999929	41.4874	5827	99.90
m21038_250902_073843/153356527/ccs	1	60	6751	98.83
m21038_250902_073843/136382133/ccs	0.999963	44.318	10753	99.67
m21038_250902_073843/46993654/ccs	1	60	3024	99.77
m21038_250902_073843/122618627/ccs	0.999987	48.8606	7487	99.85
m21038_250902_073843/11407482/ccs	0.999915	40.7058	6486	99.83
m21038_251023_070926/16254871/ccs	0.995866	23.8363	14232	99.24
m21038_250902_073843/49612537/ccs	0.999999	60	5036	99.38
m21038_251023_070926/162792091/ccs	0.999984	47.9588	6037	98.89
m21038_250902_073843/169020243/ccs	0.999998	56.9897	6036	98.89
m21038_250902_073843/2625583/ccs	0.999974	45.8503	6510	98.89
m21038_251023_070926/89983505/ccs	0.999804	37.0774	15559	99.23
m21038_250902_073843/183960719/ccs	1	60	3112	99.87
m21038_250902_073843/60953340/ccs	0.99698	25.1999	11269	98.70
m21038_250902_073843/179374812/ccs	1	60	3924	98.44
m21038_251023_070926/26677565/ccs	0.999888	39.5078	5252	99.07
m21038_250902_073843/229507975/ccs	0.999188	30.9044	24771	99.92
m21038_251023_070926/65733562/ccs	0.998778	29.1293	30510	99.74
m21038_250902_073843/191759536/ccs	0.999206	31.0018	24871	99.92
m21038_250902_073843/124977580/ccs	0.99957	33.6653	27792	99.92
m21038_250902_073843/79760329/ccs	0.996237	24.2447	20718	99.73
m21038_250902_073843/31523283/ccs	0.999719	35.5129	20698	99.92
m21038_251023_070926/126749386/ccs	0.998427	28.0327	18021	99.91
m21038_251023_070926/48171309/ccs	0.998423	28.0217	24154	99.80
m21038_251023_070926/145884333/ccs	0.99916	30.7572	25167	99.79
m21038_250902_073843/62918997/ccs	0.999968	44.9485	4296	99.56
m21038_250902_073843/66260421/ccs	0.999855	38.3863	17541	99.92
m21038_250902_073843/57870644/ccs	0.994285	22.4298	26136	99.81
m21038_251023_070926/45614265/ccs	0.999475	32.7984	23020	99.83
m21038_251023_070926/133760073/ccs	0.999829	37.67	19260	99.83
m21038_251023_070926/198640505/ccs	0.999556	33.5262	26212	99.83
m21038_251023_070926/7800788/ccs	0.999591	33.8828	19806	99.92
m21038_251023_070926/114953131/ccs	0.999079	30.3574	20279	99.92
m21038_250902_073843/75433222/ccs	0.999678	34.9214	20112	99.86
m21038_251023_070926/109119204/ccs	0.999042	30.1863	25643	99.95
m21038_251023_070926/18354035/ccs	0.995684	23.6492	20672	99.87
m21038_251023_070926/99878078/ccs	0.999922	41.0791	13037	99.95
m21038_251023_070926/162202232/ccs	0.99999	50	9845	99.96
m21038_250902_073843/127469157/ccs	0.999982	47.4473	6437	99.97
m21038_250902_073843/96273360/ccs	0.99914	30.655	32289	99.88
m21038_250902_073843/140642535/ccs	0.9953	23.279	25829	99.44
m21038_250902_073843/61673310/ccs	0.99721	25.544	5787	99.88
m21038_251023_070926/148111476/ccs	0.999241	31.1976	27167	99.48
m21038_250902_073843/64885416/ccs	0.999949	42.9243	6127	99.97
m21038_250902_073843/54072366/ccs	0.999974	45.8503	4120	99.98
m21038_251023_070926/59184748/ccs	0.99991	40.4576	17847	99.95
m21038_251023_070926/229903146/ccs	0.999875	39.0309	11361	99.96
m21038_250902_073843/267716064/ccs	0.996617	24.707	30057	99.87
m21038_250902_073843/6751723/ccs	0.999985	48.2391	4436	100.00
m21038_250902_073843/63832264/ccs	0.997429	25.899	13207	99.89
m21038_251023_070926/20976590/ccs	0.999949	42.9243	4058	100.00
m21038_250902_073843/11930188/ccs	0.999938	42.0761	7211	99.97
m21038_251023_070926/5112666/ccs	0.997059	25.315	14130	99.91
m21038_250902_073843/163776561/ccs	0.999118	30.5453	7033	99.97
m21038_250902_073843/13896558/ccs	0.999939	42.1467	11817	99.92
m21038_250902_073843/30741334/ccs	0.998331	27.7754	9847	99.95
m21038_251023_070926/19989351/ccs	0.995556	23.5223	25744	99.82
m21038_250902_073843/39717853/ccs	0.999978	46.5758	9130	99.96
m21038_251023_070926/220989394/ccs	0.996005	23.9848	34294	99.94
m21038_250902_073843/105843298/ccs	0.999947	42.7572	6391	99.97
m21038_250902_073843/42734329/ccs	0.999969	45.0864	6820	99.96
m21038_250902_073843/53805634/ccs	0.99999	50	5964	99.97
m21038_250902_073843/13962245/ccs	0.999841	37.986	10013	99.90
m21038_250902_073843/151585073/ccs	0.998715	28.911	31300	99.94
m21038_251023_070926/4653440/ccs	0.999965	44.5593	8735	99.57
m21038_250902_073843/197460833/ccs	0.999912	40.5552	18400	99.86
m21038_250902_073843/73732303/ccs	0.999733	35.7349	11918	99.90
m21038_250902_073843/196542853/ccs	1	60	6595	99.65
m21038_250902_073843/28510824/ccs	0.999664	34.7366	17939	99.95
m21038_250902_073843/79104087/ccs	0.992001	20.9696	3658	99.64
m21038_250902_073843/212667053/ccs	0.997203	25.5331	19481	99.93
m21038_250902_073843/4526946/ccs	0.99987	38.8606	16041	99.94
m21038_250902_073843/152699933/ccs	0.999998	56.9897	3256	99.97
m21038_250902_073843/55575279/ccs	0.99996	43.9794	3332	99.97
m21038_250902_073843/164956417/ccs	0.999643	34.4733	20251	99.46
m21038_251023_070926/193726379/ccs	0.99999	50	7890	99.89
m21038_250902_073843/104466434/ccs	0.999999	60	4230	99.93
m21038_251023_070926/90571262/ccs	0.999985	48.2391	10963	99.93
m21038_251023_070926/37359471/ccs	0.999983	47.6955	6671	99.94
m21038_250902_073843/163580502/ccs	0.999998	56.9897	3763	99.95
m21038_250902_073843/61737744/ccs	0.999993	51.549	2263	100.00
m21038_250902_073843/230425641/ccs	0.999593	33.9041	15314	99.84
m21038_250902_073843/14550765/ccs	0.999672	34.8413	18589	99.44
m21038_250902_073843/102236201/ccs	0.999452	32.6122	13785	99.82
m21038_251023_070926/84544490/ccs	0.999747	35.9688	15080	99.84
m21038_250902_073843/61607669/ccs	0.999951	43.098	4175	99.95
m21038_251023_070926/166200990/ccs	0.999256	31.2843	30241	99.82
m21038_251023_070926/47649297/ccs	0.999753	36.073	12052	99.85
m21038_250902_073843/39522591/ccs	0.999977	46.3827	3843	99.87
m21038_251023_070926/17700617/ccs	0.999633	34.3533	20159	99.38
m21038_250902_073843/264963766/ccs	0.999991	50.4576	7066	99.84
m21038_250902_073843/11273862/ccs	0.998737	28.986	19025	99.82
m21038_251023_070926/54857047/ccs	0.995323	23.3003	26643	99.79
m21038_251023_070926/228327541/ccs	0.999793	36.8403	14113	99.82
m21038_250902_073843/14618941/ccs	0.999978	46.5758	13390	99.95
m21038_250902_073843/253627032/ccs	0.999952	43.1876	9266	99.94
m21038_251023_070926/13636232/ccs	0.998921	29.6698	22525	99.93
m21038_251023_070926/50922189/ccs	0.99771	26.4016	25977	99.93
m21038_250902_073843/126681319/ccs	0.999996	53.9794	11152	99.95
m21038_251023_070926/220203016/ccs	1	60	5142	99.86
m21038_250902_073843/71238333/ccs	0.999853	38.3268	16526	99.94
m21038_250902_073843/188286605/ccs	1	60	4120	99.88
m21038_251023_070926/253889314/ccs	0.999765	36.2893	16029	99.82
m21038_250902_073843/179570712/ccs	0.997521	26.0572	10259	99.93
m21038_250902_073843/112264971/ccs	0.999725	35.6067	13568	99.81
m21038_250902_073843/3805754/ccs	0.999916	40.7572	7929	99.56
m21038_251023_070926/10881389/ccs	0.999999	60	6412	99.94
m21038_250902_073843/80416547/ccs	1	60	4320	99.91
m21038_251023_070926/101385779/ccs	0.995637	23.6021	3711	99.51
m21038_250902_073843/148833552/ccs	1	60	3401	99.91
m21038_251023_070926/247203232/ccs	0.999991	50.4576	10134	99.82
m21038_250902_073843/46208332/ccs	0.999522	33.2057	17035	99.84
m21038_250902_073843/62393495/ccs	0.999942	42.3657	8439	99.51
m21038_250902_073843/209650878/ccs	0.999888	39.5078	17228	99.82
m21038_251023_070926/223871404/ccs	0.99999	50	4760	99.92
m21038_250902_073843/186384812/ccs	0.999582	33.7882	28649	99.94
m21038_250902_073843/20384443/ccs	0.999991	50.4576	6488	99.55
m21038_251023_070926/104071666/ccs	0.999863	38.6328	13462	99.96
m21038_250902_073843/82051719/ccs	1	60	4179	99.98
m21038_251023_070926/165676461/ccs	0.999944	42.5181	17592	99.95
m21038_250902_073843/256968040/ccs	0.99915	30.7058	22581	99.95
m21038_250902_073843/149293421/ccs	1	60	6404	99.78
m21038_251023_070926/97323391/ccs	0.999962	44.2022	9661	99.82
m21038_251023_070926/116392231/ccs	0.994092	22.2856	11736	99.36
m21038_250902_073843/219283864/ccs	1	60	3743	99.97
m21038_250902_073843/237111783/ccs	0.999986	48.5387	12353	99.95
m21038_251023_070926/68225843/ccs	0.999134	30.6248	5980	99.78
m21038_250902_073843/228786223/ccs	0.998119	27.2561	21285	99.94
m21038_251023_070926/251069730/ccs	0.999916	40.7572	11667	99.37
m21038_250902_073843/155911691/ccs	0.999906	40.2687	13175	99.94
m21038_251023_070926/199361532/ccs	0.999088	30.4001	10281	99.81
m21038_250902_073843/71893894/ccs	0.998505	28.2536	10990	99.83
m21038_250902_073843/258606874/ccs	0.999905	40.2228	5601	99.80
m21038_251023_070926/64880900/ccs	0.999545	33.4199	7965	99.82
m21038_250902_073843/32049999/ccs	1	60	6925	99.84
m21038_250902_073843/79959859/ccs	1	60	3473	99.51
m21038_251023_070926/236061275/ccs	0.998819	29.2775	31836	99.94
m21038_250902_073843/109578952/ccs	1	60	5638	99.98
m21038_250902_073843/132647752/ccs	0.997635	26.2617	23166	99.81
m21038_251023_070926/35391209/ccs	0.99989	39.5861	4130	99.98
m21038_250902_073843/24186575/ccs	0.999845	38.0967	10631	99.83
m21038_251023_070926/242879119/ccs	1	60	5272	99.98
m21038_250902_073843/17437968/ccs	0.999045	30.2	4646	99.85
m21038_250902_073843/170591668/ccs	0.99894	29.7469	15762	99.82
m21038_250902_073843/94833060/ccs	0.999989	49.5861	11062	99.93
m21038_251023_070926/188416300/ccs	0.99943	32.4413	11866	99.92
m21038_250902_073843/34932860/ccs	0.998901	29.59	31520	99.93
m21038_251023_070926/73597895/ccs	0.999546	33.4294	21613	99.94
m21038_250902_073843/240191966/ccs	0.999665	34.7496	14621	99.92
m21038_250902_073843/74388814/ccs	0.999832	37.7469	11136	99.92
m21038_251023_070926/259000802/ccs	0.99997	45.2288	7538	99.85
m21038_250902_073843/200672495/ccs	0.999794	36.8613	13160	99.79
m21038_251023_070926/219482603/ccs	0.999883	39.3181	10013	99.83
m21038_251023_070926/119474287/ccs	0.999581	33.7779	26239	99.85
m21038_250902_073843/87820472/ccs	0.999845	38.0967	10862	99.93
m21038_250902_073843/243073584/ccs	0.999996	53.9794	7749	99.83
m21038_251023_070926/95094695/ccs	0.999951	43.098	15569	99.81
m21038_250902_073843/147982501/ccs	0.999967	44.8149	3733	99.79
m21038_250902_073843/116458215/ccs	0.999932	41.6749	10135	99.92
m21038_251023_070926/262342762/ccs	0.999521	33.1966	19163	99.83
m21038_251023_070926/173542309/ccs	0.999984	47.9588	7557	99.91
m21038_251023_070926/109316495/ccs	0.999949	42.9243	11041	99.77
m21038_251023_070926/118164100/ccs	0.999031	30.1368	6232	99.89
m21038_251023_070926/193726302/ccs	0.998946	29.7716	30483	99.87
m21038_251023_070926/140118108/ccs	0.99993	41.549	7156	99.94
m21038_251023_070926/105710120/ccs	0.997504	26.0276	23382	99.86
m21038_250902_073843/41026240/ccs	0.99996	43.9794	4472	99.89
m21038_250902_073843/143984329/ccs	0.994947	22.9645	20306	99.90
m21038_250902_073843/189991921/ccs	0.999929	41.4874	11524	99.83
m21038_250902_073843/132383483/ccs	0.999407	32.2695	4926	99.92
m21038_251023_070926/215221866/ccs	0.999786	36.6959	10951	99.95
m21038_250902_073843/174852135/ccs	0.999938	42.0761	5876	99.95
m21038_250902_073843/70784970/ccs	0.999935	41.8709	8858	99.94
m21038_250902_073843/184812889/ccs	0.999928	41.4267	9130	99.78
m21038_251023_070926/208275808/ccs	0.999843	38.041	13062	99.95
m21038_251023_070926/18350755/ccs	0.992975	21.5335	21438	99.87
m21038_250902_073843/47388467/ccs	0.999521	33.1966	24212	99.87
m21038_250902_073843/140182828/ccs	0.999809	37.1897	9038	99.77
m21038_250902_073843/190974006/ccs	0.999602	34.0012	10863	99.80
m21038_250902_073843/81527378/ccs	0.999945	42.5964	5651	99.93
m21038_251023_070926/49414936/ccs	0.999798	36.9465	12629	99.84
m21038_250902_073843/12388346/ccs	0.998489	28.2074	5443	99.94
m21038_251023_070926/43256389/ccs	0.996562	24.6369	21373	99.92
m21038_250902_073843/80218698/ccs	0.995452	23.4218	5121	99.96
m21038_250902_073843/35065823/ccs	0.999426	32.4109	10779	99.96
m21038_250902_073843/199558764/ccs	0.99998	46.9897	7047	99.94
m21038_251023_070926/221250295/ccs	0.998763	29.0763	19835	99.93
m21038_251023_070926/7802780/ccs	0.994928	22.9482	17545	99.83
m21038_250902_073843/122291997/ccs	0.993366	21.7822	27889	99.82
m21038_250902_073843/78447060/ccs	0.999938	42.0761	16788	99.89
m21038_250902_073843/131793527/ccs	0.99998	46.9897	8002	99.87
m21038_250902_073843/14811377/ccs	0.998847	29.3817	23234	99.87
m21038_250902_073843/77007078/ccs	0.999137	30.6399	3699	99.95
m21038_250902_073843/128188897/ccs	0.992982	21.5379	24164	99.83
m21038_251023_070926/250350047/ccs	0.999981	47.2125	9438	99.98
m21038_251023_070926/207160469/ccs	0.999802	37.0333	21381	99.93
m21038_251023_070926/256312459/ccs	0.999984	47.9588	8716	99.98
m21038_250902_073843/147783749/ccs	0.999738	35.817	19689	99.92
m21038_251023_070926/16518656/ccs	0.999964	44.437	4309	99.95
m21038_251023_070926/9505263/ccs	0.99057	20.2549	14613	99.88
m21038_250902_073843/59312544/ccs	0.999693	35.1286	13575	99.91
m21038_251023_070926/235735689/ccs	0.999316	31.6494	11410	99.92
m21038_250902_073843/73075227/ccs	0.999106	30.4866	17964	99.87
m21038_251023_070926/251855340/ccs	0.999918	40.8619	8895	99.92
m21038_251023_070926/107610825/ccs	0.998285	27.6574	31765	99.94
m21038_251023_070926/13963056/ccs	0.999568	33.6452	17303	99.94
m21038_250902_073843/169804802/ccs	0.999514	33.1336	4726	99.92
m21038_250902_073843/267256592/ccs	0.999848	38.1816	9323	99.91
m21038_250902_073843/54201694/ccs	0.99999	50	5021	100.00
m21038_250902_073843/39782728/ccs	0.999388	32.1325	15488	99.92
m21038_250902_073843/76025179/ccs	0.999999	60	4280	99.93
m21038_251023_070926/260048344/ccs	0.999996	53.9794	5049	99.98
m21038_250902_073843/153028007/ccs	0.995545	23.5115	10028	99.86
m21038_250902_073843/259918846/ccs	0.999628	34.2946	7513	99.91
m21038_250902_073843/266013688/ccs	0.999923	41.1351	15872	99.91
m21038_250902_073843/42600907/ccs	0.999324	31.7005	18561	99.93
m21038_251023_070926/148570780/ccs	0.999431	32.4489	15904	99.94
m21038_250902_073843/196871724/ccs	0.999952	43.1876	4944	99.90
m21038_251023_070926/84674784/ccs	0.99859	28.5078	21935	99.18
m21038_250902_073843/31460636/ccs	0.999338	31.7914	22389	99.89
m21038_251023_070926/42338905/ccs	0.996009	23.9892	25318	99.21
m21038_250902_073843/9047855/ccs	0.999961	44.0894	4581	99.89
m21038_251023_070926/68354782/ccs	0.997161	25.4683	27882	99.87
m21038_250902_073843/237831967/ccs	0.996387	24.4213	12220	99.80
m21038_251023_070926/227542234/ccs	0.99873	28.962	31070	99.65
m21038_250902_073843/97518405/ccs	0.999972	45.5284	9479	99.92
m21038_250902_073843/103089724/ccs	0.999392	32.161	27007	99.63
m21038_250902_073843/136842100/ccs	1	60	6177	99.94
m21038_250902_073843/220726941/ccs	0.999708	35.3462	8332	99.45
m21038_251023_070926/180028213/ccs	0.999683	34.9894	25251	99.62
m21038_250902_073843/102040373/ccs	0.998714	28.9076	21607	99.56
m21038_251023_070926/10749033/ccs	0.999495	32.9671	27427	99.64
m21038_250902_073843/65405415/ccs	0.999432	32.4565	21480	99.88
m21038_251023_070926/145427047/ccs	0.997346	25.761	20199	99.56
m21038_250902_073843/70522436/ccs	0.999826	37.5945	22689	99.96
m21038_251023_070926/194184755/ccs	0.999877	39.1009	6806	99.42
m21038_250902_073843/123340748/ccs	1	60	3769	99.92
m21038_250902_073843/185928015/ccs	0.99877	29.1009	33439	99.69
m21038_251023_070926/170527493/ccs	0.99981	37.2125	7309	99.96
m21038_251023_070926/205260892/ccs	0.999855	38.3863	3750	99.92
m21038_250902_073843/146539249/ccs	0.999974	45.8503	5759	98.60
m21038_251023_070926/108136116/ccs	0.999947	42.7572	7727	99.96
m21038_250902_073843/184485592/ccs	0.999883	39.3181	17190	99.88
m21038_251023_070926/205850225/ccs	0.997107	25.3865	13810	99.91
m21038_251023_070926/97714859/ccs	0.999836	37.8516	15692	99.89
m21038_250902_073843/64752322/ccs	0.999949	42.9243	12347	99.94
m21038_250902_073843/220923256/ccs	0.999892	39.6658	5979	98.55
m21038_250902_073843/146014290/ccs	1	60	2510	99.25
m21038_251023_070926/216664740/ccs	0.999281	31.4327	27917	99.94
m21038_251023_070926/204408442/ccs	0.999885	39.393	11322	99.87
m21038_250902_073843/161416710/ccs	0.999271	31.3727	19263	99.96
m21038_250902_073843/76415839/ccs	0.996428	24.4709	6778	99.88
m21038_251023_070926/96863523/ccs	0.999457	32.652	29402	99.67
m21038_250902_073843/241238919/ccs	0.996761	24.8959	13996	99.86
m21038_251023_070926/215091334/ccs	0.999852	38.2974	15948	99.54
m21038_250902_073843/62719989/ccs	0.999613	34.1229	10140	99.96
m21038_250902_073843/236191990/ccs	0.999661	34.698	21878	99.95
m21038_250902_073843/121964537/ccs	0.999976	46.1979	7079	99.97
m21038_251023_070926/209849282/ccs	0.999334	31.7653	21210	99.60
m21038_250902_073843/247729111/ccs	0.999753	36.073	22621	99.89
m21038_251023_070926/63506469/ccs	0.992413	21.1993	22569	99.55
m21038_250902_073843/116589886/ccs	0.999964	44.437	8930	99.85
m21038_251023_070926/84477605/ccs	0.998898	29.5782	31017	99.85
m21038_250902_073843/16520755/ccs	0.999908	40.3621	4537	99.98
m21038_250902_073843/179177508/ccs	0.999888	39.5078	11673	99.96
m21038_250902_073843/16518101/ccs	0.999636	34.389	22881	99.96
m21038_251023_070926/8917168/ccs	0.9983	27.6955	12811	99.86
m21038_250902_073843/28970787/ccs	0.994905	22.9286	8716	99.93
m21038_251023_070926/11863049/ccs	0.999747	35.9688	18901	99.61
m21038_250902_073843/189335198/ccs	0.999337	31.7849	17319	99.97
m21038_251023_070926/44566379/ccs	0.999907	40.3152	9961	99.85
m21038_251023_070926/112723658/ccs	0.999838	37.9048	17732	99.88
m21038_251023_070926/267454995/ccs	0.99763	26.2525	25319	99.66
m21038_251023_070926/45352428/ccs	0.99812	27.2584	22789	99.87
m21038_250902_073843/3802620/ccs	0.999991	50.4576	5083	99.80
m21038_250902_073843/73598565/ccs	0.999917	40.8092	14773	99.97
m21038_251023_070926/73859960/ccs	0.994291	22.4344	25529	99.62
m21038_250902_073843/122553461/ccs	0.99985	38.2391	9197	99.95
m21038_251023_070926/118358404/ccs	0.999668	34.7886	23808	99.87
m21038_251023_070926/226558000/ccs	0.997988	26.9637	19354	99.66
m21038_251023_070926/200737822/ccs	0.994851	22.8828	22944	99.84
m21038_251023_070926/20580743/ccs	0.999858	38.4771	3469	99.97
m21038_251023_070926/227804319/ccs	0.999984	47.9588	9383	99.85
m21038_250902_073843/230753025/ccs	0.999759	36.1798	17787	99.88
m21038_250902_073843/197200460/ccs	0.999522	33.2057	24688	99.69
m21038_251023_070926/48956588/ccs	0.999125	30.5799	25228	99.69
m21038_251023_070926/171182011/ccs	0.999995	53.0103	4619	99.96
m21038_251023_070926/9177363/ccs	0.999779	36.5561	15185	99.69
m21038_251023_070926/102238161/ccs	0.998329	27.7702	17493	99.67
m21038_251023_070926/30283120/ccs	0.999652	34.5842	18588	99.68
m21038_250902_073843/87360468/ccs	0.999362	31.9518	13766	99.62
m21038_250902_073843/226297791/ccs	0.996557	24.6306	5371	99.76
m21038_251023_070926/115146982/ccs	0.99966	34.6852	17030	99.90
m21038_250902_073843/260113179/ccs	0.996283	24.2981	24598	99.88
m21038_250902_073843/40174750/ccs	0.999901	40.0436	14828	99.95
m21038_251023_070926/4983412/ccs	0.999191	30.9205	21403	99.57
m21038_251023_070926/217383617/ccs	0.999884	39.3554	17686	99.95
m21038_250902_073843/55577672/ccs	0.999948	42.84	9142	99.92
m21038_251023_070926/153421565/ccs	0.999602	34.0012	10347	99.63
m21038_250902_073843/33883677/ccs	0.999227	31.1182	6106	99.90
m21038_250902_073843/248384414/ccs	0.999922	41.0791	5977	99.92
m21038_251023_070926/146866954/ccs	0.999815	37.3283	21914	99.73
m21038_251023_070926/127730816/ccs	0.999276	31.4026	25503	99.44
m21038_250902_073843/231738202/ccs	0.999846	38.1248	10210	99.96
m21038_250902_073843/126617908/ccs	0.999976	46.1979	8338	99.60
m21038_250902_073843/49153331/ccs	0.999211	31.0292	22162	99.93
m21038_250902_073843/238879884/ccs	0.999986	48.5387	12485	99.94
m21038_251023_070926/51971687/ccs	0.999475	32.7984	21313	99.78
m21038_250902_073843/165678057/ccs	0.99994	42.2185	14734	99.71
m21038_250902_073843/23859185/ccs	0.99961	34.0894	15292	99.77
m21038_250902_073843/82118537/ccs	0.998815	29.2628	8375	99.61
m21038_251023_070926/83430370/ccs	0.999985	48.2391	7556	99.19
m21038_250902_073843/67436681/ccs	0.99998	46.9897	12347	99.91
m21038_251023_070926/206702418/ccs	0.999897	39.8716	18095	99.95
m21038_251023_070926/246811031/ccs	0.999822	37.4958	20928	99.88
m21038_251023_070926/55184226/ccs	0.998495	28.2246	17524	99.75
m21038_250902_073843/159910620/ccs	0.99956	33.5655	15405	99.90
m21038_250902_073843/138807163/ccs	0.999951	43.098	8012	99.81
m21038_250902_073843/9634578/ccs	0.999949	42.9243	8236	99.91
m21038_250902_073843/96996291/ccs	0.999842	38.0134	10818	99.82
m21038_250902_073843/194250699/ccs	0.996032	24.0143	12257	99.93
m21038_251023_070926/100534688/ccs	0.996095	24.0838	8248	99.73
m21038_250902_073843/175377178/ccs	0.99998	46.9897	6874	99.84
m21038_250902_073843/158925160/ccs	0.999987	48.8606	11785	99.86
m21038_251023_070926/33559423/ccs	0.999964	44.437	5756	99.86
m21038_250902_073843/245892654/ccs	0.999983	47.6955	8547	99.78
m21038_250902_073843/149291985/ccs	0.999994	52.2185	6021	99.98
m21038_250902_073843/19666216/ccs	0.998567	28.4375	9651	99.97
m21038_250902_073843/230883735/ccs	0.999999	60	3405	100.00
m21038_250902_073843/137103309/ccs	0.999978	46.5758	5650	99.29
m21038_250902_073843/243663331/ccs	0.999998	56.9897	6241	99.60
m21038_251023_070926/201984933/ccs	0.999975	46.0206	10818	99.81
m21038_250902_073843/244648278/ccs	0.999855	38.3863	5236	99.87
m21038_250902_073843/207029431/ccs	0.99993	41.549	11107	99.87
m21038_250902_073843/10162591/ccs	0.999932	41.6749	12276	99.81
m21038_250902_073843/192612384/ccs	0.999307	31.5927	4737	99.64
m21038_250902_073843/26546611/ccs	0.999939	42.1467	16173	99.81
m21038_250902_073843/206504972/ccs	0.999994	52.2185	9390	99.85
m21038_251023_070926/194055098/ccs	0.999958	43.7675	12290	99.93
m21038_250902_073843/212795683/ccs	0.997572	26.1475	12416	99.53
m21038_250902_073843/96862274/ccs	0.999873	38.962	11364	99.52
m21038_250902_073843/73862217/ccs	0.999112	30.5159	21778	99.94
m21038_251023_070926/15931210/ccs	0.999749	36.0033	18857	99.60
m21038_250902_073843/13045941/ccs	0.997264	25.6288	30193	99.80
m21038_250902_073843/90374712/ccs	0.999929	41.4874	4788	99.62
m21038_250902_073843/65012014/ccs	0.999975	46.0206	6462	99.53
m21038_250902_073843/13439847/ccs	0.999883	39.3181	17135	99.89
m21038_250902_073843/196348261/ccs	0.999988	49.2082	6582	99.92
m21038_251023_070926/182191289/ccs	1	60	5102	99.90
m21038_250902_073843/51384437/ccs	0.99994	42.2185	4818	99.88
m21038_251023_070926/47842596/ccs	0.999265	31.3371	19028	99.61
m21038_250902_073843/37617998/ccs	0.998748	29.024	11584	99.62
m21038_250902_073843/23009112/ccs	0.999666	34.7625	19232	99.86
m21038_250902_073843/229968519/ccs	1	60	5181	99.90
m21038_250902_073843/96796881/ccs	0.999951	43.098	15736	99.87
m21038_251023_070926/32049730/ccs	0.999729	35.6703	20067	99.85
m21038_251023_070926/137626857/ccs	0.999739	35.8336	17831	99.82
m21038_251023_070926/247465806/ccs	0.999316	31.6494	28222	99.61
m21038_250902_073843/155913061/ccs	0.99986	38.5387	9262	99.88
m21038_251023_070926/111019214/ccs	0.999992	50.9691	9429	99.87
m21038_250902_073843/110824313/ccs	0.999904	40.1773	8886	99.59
m21038_251023_070926/119277354/ccs	0.998466	28.1417	20630	99.92
m21038_250902_073843/252773557/ccs	0.999921	41.0237	9916	99.61
m21038_251023_070926/98567246/ccs	0.999369	31.9997	14179	99.62
m21038_250902_073843/211092062/ccs	0.999964	44.437	9851	99.60
m21038_250902_073843/54661434/ccs	0.999924	41.1919	8048	99.86
m21038_250902_073843/14161414/ccs	0.997411	25.8687	20681	99.76
m21038_250902_073843/60165706/ccs	0.999751	36.038	10181	99.87
m21038_250902_073843/233243603/ccs	0.999981	47.2125	8896	99.89
m21038_250902_073843/9437512/ccs	0.999999	60	6459	99.88
m21038_251023_070926/43188738/ccs	0.999976	46.1979	12806	99.95
m21038_250902_073843/238158591/ccs	1	60	6598	99.88
m21038_250902_073843/41092058/ccs	0.999999	60	6893	99.85
m21038_250902_073843/259984038/ccs	0.999936	41.9382	9787	99.87
m21038_250902_073843/6162951/ccs	0.999898	39.914	10944	99.87
m21038_250902_073843/256051171/ccs	0.999964	44.437	8466	99.88
m21038_250902_073843/163121623/ccs	0.999993	51.549	6823	99.85
m21038_251023_070926/126814373/ccs	0.999884	39.3554	10652	99.85
m21038_250902_073843/110167809/ccs	0.999972	45.5284	3701	100.00
m21038_250902_073843/31982385/ccs	0.999341	31.8111	13873	99.89
m21038_250902_073843/235734012/ccs	0.999912	40.5552	6031	99.85
m21038_251023_070926/205589335/ccs	0.999389	32.1396	6187	99.89
m21038_250902_073843/160696328/ccs	0.999957	43.6653	10648	99.89
m21038_250902_073843/132646806/ccs	0.999991	50.4576	3461	99.94
m21038_250902_073843/21107204/ccs	0.996269	24.2817	7660	99.91
m21038_250902_073843/68488502/ccs	0.999982	47.4473	5094	99.98
m21038_251023_070926/135595470/ccs	0.999892	39.6658	19397	99.79
m21038_250902_073843/216466461/ccs	1	60	3053	99.70
m21038_250902_073843/5313772/ccs	0.999992	50.9691	4066	99.90
m21038_251023_070926/148832284/ccs	0.99998	46.9897	11856	99.95
m21038_251023_070926/5505358/ccs	0.999912	40.5552	11851	99.61
m21038_250902_073843/72286874/ccs	0.999957	43.6653	12998	99.93
m21038_250902_073843/161743585/ccs	0.999958	43.7675	13489	99.84
m21038_251023_070926/83493387/ccs	0.999963	44.318	7065	99.87
m21038_250902_073843/30933745/ccs	0.999908	40.3621	11910	99.87
m21038_250902_073843/205324676/ccs	1	60	6051	99.85
m21038_250902_073843/146408429/ccs	0.999967	44.8149	8764	99.84
m21038_250902_073843/163185254/ccs	0.999991	50.4576	11978	99.92
m21038_250902_073843/143328255/ccs	0.999814	37.3049	3324	99.79
m21038_250902_073843/75175266/ccs	1	60	4163	99.86
m21038_250902_073843/210373052/ccs	0.994419	22.5329	18541	99.80
m21038_250902_073843/20645144/ccs	0.997693	26.3695	6001	99.88
m21038_250902_073843/80220764/ccs	0.999988	49.2082	8579	99.86
m21038_250902_073843/24445847/ccs	0.999999	60	4774	99.85
m21038_250902_073843/76875589/ccs	0.999992	50.9691	5060	99.86
m21038_250902_073843/42275054/ccs	0.998934	29.7224	14665	99.90
m21038_251023_070926/225576606/ccs	0.998646	28.6838	11462	99.90
m21038_250902_073843/156436032/ccs	0.99986	38.5387	12864	99.91
m21038_251023_070926/106824560/ccs	0.999394	32.1753	5623	99.89
m21038_251023_070926/166397626/ccs	0.99798	26.9465	15123	99.75
m21038_250902_073843/48371300/ccs	0.998896	29.5703	20888	99.77
m21038_251023_070926/67700600/ccs	1	60	3220	99.88
m21038_251023_070926/239730937/ccs	0.999398	32.204	18573	99.82
m21038_250902_073843/213191524/ccs	0.999386	32.1183	25195	99.77
m21038_250902_073843/187564138/ccs	0.99954	33.3724	14264	99.84
m21038_251023_070926/237699875/ccs	0.998659	28.7257	32825	99.79
m21038_250902_073843/13109829/ccs	0.999654	34.6092	26578	99.77
m21038_251023_070926/28116178/ccs	0.999966	44.6852	12462	99.78
m21038_251023_070926/202966369/ccs	0.999993	51.549	7791	99.91
m21038_250902_073843/55575106/ccs	0.999994	52.2185	6720	99.93
m21038_251023_070926/132516548/ccs	1	60	4113	99.95
m21038_251023_070926/24056404/ccs	0.999998	56.9897	4699	99.81
m21038_251023_070926/83821453/ccs	0.999939	42.1467	13402	99.77
m21038_250902_073843/40961850/ccs	0.999999	60	4945	99.84
m21038_250902_073843/158271468/ccs	0.999859	38.5078	6244	99.82
m21038_251023_070926/108397017/ccs	0.99994	42.2185	9864	99.87
m21038_250902_073843/39715919/ccs	0.999901	40.0436	14001	99.76
m21038_250902_073843/67702576/ccs	0.999994	52.2185	7303	99.63
m21038_251023_070926/137431596/ccs	0.999978	46.5758	9256	99.79
m21038_250902_073843/6751358/ccs	0.999291	31.4935	23396	99.75
m21038_251023_070926/235929995/ccs	0.999988	49.2082	8261	99.92
m21038_250902_073843/108200959/ccs	0.998929	29.7021	22200	99.76
m21038_250902_073843/127730891/ccs	0.999621	34.2136	9729	99.79
m21038_251023_070926/139331986/ccs	0.999373	32.0273	4708	99.87
m21038_250902_073843/234685941/ccs	0.999975	46.0206	5796	99.90
m21038_251023_070926/92276142/ccs	0.99731	25.7025	27282	99.80
m21038_250902_073843/220793781/ccs	1	60	5313	99.89
m21038_250902_073843/189990265/ccs	0.992654	21.3395	12447	99.84
m21038_250902_073843/189336116/ccs	0.999994	52.2185	6030	99.78
m21038_250902_073843/179570753/ccs	0.999561	33.5754	6519	99.83
m21038_250902_073843/50399168/ccs	1	60	3649	99.86
m21038_250902_073843/114688565/ccs	0.99744	25.9176	20201	99.73
m21038_250902_073843/243403453/ccs	0.99899	29.9568	14686	99.66
m21038_251023_070926/52104940/ccs	0.999996	53.9794	6750	99.76
m21038_251023_070926/40568934/ccs	0.999991	50.4576	5963	99.78
m21038_250902_073843/155977571/ccs	0.993939	22.1746	2272	99.69
m21038_251023_070926/63242929/ccs	0.999971	45.376	7353	99.88
m21038_250902_073843/37226256/ccs	0.999952	43.1876	13148	99.90
m21038_251023_070926/194249777/ccs	0.999991	50.4576	5380	99.80
m21038_250902_073843/3609168/ccs	0.995847	23.8164	21389	99.72
m21038_250902_073843/70257990/ccs	0.999062	30.278	22609	99.74
m21038_251023_070926/13108076/ccs	0.999576	33.7263	9588	99.70
m21038_250902_073843/184811822/ccs	0.999978	46.5758	4096	99.74
m21038_250902_073843/117244480/ccs	0.999938	42.0761	3855	99.90
m21038_251023_070926/39258913/ccs	0.99877	29.1009	16224	99.64
m21038_250902_073843/71369419/ccs	1	60	4497	99.89
m21038_250902_073843/253036535/ccs	0.999845	38.0967	18938	99.75
m21038_251023_070926/244385795/ccs	0.999625	34.2597	19840	99.75
m21038_250902_073843/239601580/ccs	0.996615	24.7044	10533	99.68
m21038_251023_070926/64948739/ccs	0.999636	34.389	9602	99.91
m21038_250902_073843/194773718/ccs	0.999359	31.9314	11574	99.72
m21038_251023_070926/17371057/ccs	0.996249	24.2585	25623	99.75
m21038_251023_070926/78252231/ccs	0.996544	24.6143	27769	99.69
m21038_250902_073843/60364070/ccs	0.99961	34.0894	15630	99.90
m21038_251023_070926/56951498/ccs	0.999868	38.7943	11913	99.92
m21038_251023_070926/220202760/ccs	0.999693	35.1286	17563	99.77
m21038_251023_070926/68749596/ccs	0.999998	56.9897	5450	99.71
m21038_250902_073843/203752887/ccs	0.999965	44.5593	4944	99.88
m21038_250902_073843/30214555/ccs	0.999994	52.2185	4979	99.78
m21038_251023_070926/238683160/ccs	0.999379	32.0691	11876	99.72
m21038_250902_073843/146081823/ccs	0.999991	50.4576	3603	99.78
m21038_250902_073843/253691867/ccs	0.998912	29.6337	20055	99.73
m21038_251023_070926/254346232/ccs	0.999975	46.0206	10777	99.73
m21038_250902_073843/86115203/ccs	0.999987	48.8606	3978	99.85
m21038_250902_073843/66456734/ccs	0.999795	36.8825	11666	99.73
m21038_250902_073843/53155451/ccs	0.996199	24.201	16088	99.70
m21038_250902_073843/123275400/ccs	0.99995	43.0103	10395	99.74
m21038_250902_073843/36964865/ccs	0.999953	43.279	5232	99.64
m21038_250902_073843/134480960/ccs	0.99922	31.0791	5347	99.93
m21038_250902_073843/226099488/ccs	0.999991	50.4576	6107	99.71
m21038_250902_073843/106824731/ccs	1	60	4156	99.69
m21038_250902_073843/175704452/ccs	0.999562	33.5853	9952	99.75
m21038_250902_073843/134547115/ccs	0.999996	53.9794	4602	99.67
m21038_250902_073843/29431467/ccs	0.999655	34.6218	15439	99.73
m21038_251023_070926/46530891/ccs	0.999937	42.0066	15148	99.72
m21038_251023_070926/242680586/ccs	0.999827	37.6195	11781	99.74
m21038_250902_073843/55185585/ccs	0.997334	25.7414	6817	99.65
m21038_250902_073843/208537295/ccs	0.999959	43.8722	7208	99.72
m21038_250902_073843/17044187/ccs	0.999851	38.2681	6573	99.71
m21038_251023_070926/107284448/ccs	0.999483	32.8651	10114	99.75
m21038_250902_073843/237897936/ccs	0.998692	28.8339	17246	99.80
m21038_250902_073843/195494445/ccs	0.999989	49.5861	8073	99.73
m21038_250902_073843/111871936/ccs	0.999972	45.5284	4932	99.68
m21038_251023_070926/47450640/ccs	0.999997	55.2288	6890	99.71
m21038_251023_070926/160892916/ccs	0.992117	21.0331	12314	99.92
m21038_251023_070926/21366455/ccs	0.999875	39.0309	18524	99.74
m21038_251023_070926/162071564/ccs	0.999915	40.7058	6963	99.94
m21038_250902_073843/68027212/ccs	0.998633	28.6423	11557	99.91
m21038_250902_073843/169083936/ccs	0.998595	28.5232	5636	99.95
m21038_250902_073843/96799629/ccs	0.999962	44.2022	3631	99.64
m21038_250902_073843/129960943/ccs	0.99999	50	7567	99.78
m21038_250902_073843/12586344/ccs	1	60	4843	99.75
m21038_250902_073843/261557085/ccs	0.99992	40.9691	11415	99.75
m21038_250902_073843/34996639/ccs	0.996662	24.7651	5724	99.70
m21038_251023_070926/21236689/ccs	0.99971	35.376	5141	99.94
m21038_251023_070926/9571522/ccs	0.999931	41.6115	9513	99.91
m21038_251023_070926/48563036/ccs	0.999976	46.1979	7138	99.72
m21038_251023_070926/113511242/ccs	0.997039	25.2856	9105	99.38
m21038_251023_070926/255787731/ccs	0.999949	42.9243	10294	99.91
m21038_250902_073843/45416943/ccs	0.99876	29.0658	8095	99.91
m21038_250902_073843/95684169/ccs	0.99903	30.1323	8468	99.91
m21038_251023_070926/32506752/ccs	0.999694	35.1428	24056	99.58
m21038_251023_070926/95487870/ccs	0.99989	39.5861	15571	99.66
m21038_251023_070926/35526428/ccs	0.999949	42.9243	9882	99.84
m21038_251023_070926/14943210/ccs	0.999226	31.1126	10602	99.79
m21038_250902_073843/183568399/ccs	0.999564	33.6051	8556	99.84
m21038_251023_070926/82313384/ccs	0.99947	32.7572	6748	99.75
m21038_250902_073843/206897417/ccs	0.999987	48.8606	7506	99.76
m21038_250902_073843/49747063/ccs	0.999682	34.9757	12898	99.60
m21038_250902_073843/73468571/ccs	1	60	5143	99.84
m21038_250902_073843/129565905/ccs	1	60	6468	99.71
m21038_250902_073843/178128589/ccs	0.994111	22.2996	5143	99.69
m21038_251023_070926/70781265/ccs	1	60	4639	99.67
m21038_250902_073843/32705841/ccs	0.999985	48.2391	5065	99.72
m21038_250902_073843/59773037/ccs	0.993706	22.0107	8312	99.59
m21038_250902_073843/134154047/ccs	0.999964	44.437	1719	100.00
m21038_251023_070926/13764753/ccs	0.999982	47.4473	8139	99.91
m21038_250902_073843/192480810/ccs	0.999032	30.1412	9586	99.93
m21038_250902_073843/59184280/ccs	0.999929	41.4874	10398	99.92
m21038_251023_070926/49482017/ccs	0.999177	30.846	4878	99.84
m21038_251023_070926/150799773/ccs	0.998213	27.4788	16911	99.80
m21038_250902_073843/73733272/ccs	0.99998	46.9897	5360	99.53
m21038_250902_073843/242878274/ccs	0.999972	45.5284	11929	99.79
m21038_251023_070926/23663807/ccs	0.998799	29.2046	20228	99.36
m21038_251023_070926/132384622/ccs	0.999713	35.4212	10876	99.22
m21038_251023_070926/167838494/ccs	0.999968	44.9485	11295	99.17
m21038_250902_073843/96864633/ccs	0.990241	20.1059	17365	99.05
m21038_250902_073843/165479601/ccs	0.999652	34.5842	20534	97.90
m21038_250902_073843/175573228/ccs	0.99996	43.9794	7643	99.56
m21038_250902_073843/148309795/ccs	0.999755	36.1083	16369	98.03
m21038_250902_073843/112853405/ccs	0.999986	48.5387	6570	96.97
m21038_251023_070926/148244946/ccs	0.998316	27.7366	18731	97.99
m21038_250902_073843/217516326/ccs	0.999956	43.5655	13001	99.05
m21038_250902_073843/114295738/ccs	0.999853	38.3268	9132	99.18
m21038_251023_070926/204734868/ccs	0.998734	28.9757	19374	98.22
m21038_250902_073843/82576147/ccs	0.999985	48.2391	5763	97.35
m21038_251023_070926/75303560/ccs	0.999756	36.1261	19970	98.21
m21038_251023_070926/43516696/ccs	0.994344	22.4749	15580	98.12
m21038_251023_070926/127403851/ccs	0.99997	45.2288	5945	99.23
m21038_250902_073843/200149293/ccs	0.999992	50.9691	9364	99.52
m21038_251023_070926/50138721/ccs	0.998546	28.3744	8251	99.10
m21038_250902_073843/213976691/ccs	0.999907	40.3152	9039	99.10
m21038_250902_073843/59836540/ccs	0.999174	30.8302	7963	98.51
m21038_251023_070926/230229727/ccs	0.999976	46.1979	8316	99.16
m21038_250902_073843/137692474/ccs	0.999336	31.7783	5429	98.57
m21038_250902_073843/90113430/ccs	0.99967	34.8149	11037	98.77
m21038_251023_070926/263325708/ccs	0.999914	40.655	8241	98.98
m21038_251023_070926/177996738/ccs	0.999994	52.2185	5746	99.06
m21038_251023_070926/139527163/ccs	0.99985	38.2391	3996	98.79
m21038_251023_070926/166529498/ccs	0.999824	37.5449	21662	98.52
m21038_251023_070926/30409581/ccs	0.999932	41.6749	16065	98.90
m21038_250902_073843/144378632/ccs	0.999737	35.8004	8766	98.90
m21038_250902_073843/22745211/ccs	0.999698	35.1999	4736	99.38
m21038_251023_070926/9769208/ccs	0.992352	21.1645	15948	98.91
m21038_251023_070926/121504550/ccs	0.992694	21.3632	14290	98.79
m21038_250902_073843/42472200/ccs	0.999986	48.5387	5349	98.95
m21038_250902_073843/198510208/ccs	0.999986	48.5387	9208	98.50
m21038_250902_073843/138807149/ccs	0.999935	41.8709	12114	98.88
m21038_250902_073843/37885797/ccs	0.999555	33.5164	15750	98.42
m21038_251023_070926/114558080/ccs	0.991892	20.9109	3342	98.92
m21038_251023_070926/156893908/ccs	0.999956	43.5655	9177	98.28
m21038_250902_073843/132907972/ccs	0.999982	47.4473	7933	98.78
m21038_251023_070926/194970652/ccs	0.999321	31.6813	8898	98.21
m21038_250902_073843/238356151/ccs	0.993103	21.6134	5412	98.43
m21038_251023_070926/58068808/ccs	0.999896	39.8297	8556	98.77
m21038_250902_073843/109185762/ccs	0.999985	48.2391	9316	98.75
m21038_250902_073843/118292648/ccs	0.996268	24.2806	7196	98.01
m21038_251023_070926/173410084/ccs	1	60	5104	98.10
m21038_250902_073843/39654803/ccs	1	60	4079	98.01
m21038_250902_073843/232327434/ccs	0.999948	42.84	11672	98.27
m21038_250902_073843/251529678/ccs	0.999532	33.2975	8955	98.16
m21038_250902_073843/158533446/ccs	0.999995	53.0103	3614	99.22
m21038_250902_073843/45878458/ccs	0.999932	41.6749	8472	98.21
m21038_251023_070926/50205933/ccs	0.994616	22.6889	5115	98.41
m21038_250902_073843/40703646/ccs	0.99998	46.9897	12070	98.41
m21038_251023_070926/90833739/ccs	0.993364	21.7809	6709	98.38
m21038_250902_073843/82512459/ccs	0.999997	55.2288	4211	98.29
m21038_250902_073843/258148729/ccs	0.998216	27.4861	18905	99.52
m21038_250902_073843/201459892/ccs	0.999812	37.2584	13876	99.53
m21038_250902_073843/132515334/ccs	0.999927	41.3668	16549	99.53
m21038_250902_073843/45547916/ccs	0.996295	24.3121	10806	99.85
m21038_250902_073843/110430255/ccs	0.999519	33.1785	12167	99.94
m21038_251023_070926/18093410/ccs	0.999129	30.5998	23770	99.60
m21038_251023_070926/46862621/ccs	0.999814	37.3049	18690	99.95
m21038_251023_070926/57610142/ccs	0.999857	38.4466	17924	99.94
m21038_251023_070926/182257972/ccs	0.999731	35.7025	15991	99.55
m21038_251023_070926/48431484/ccs	0.995995	23.974	22671	99.53
m21038_251023_070926/109248678/ccs	0.999769	36.3639	22474	99.59
m21038_251023_070926/168756328/ccs	0.999942	42.3657	17001	99.94
m21038_251023_070926/144769883/ccs	0.999914	40.655	16252	99.52
m21038_250902_073843/213518780/ccs	0.999729	35.6703	16850	99.54
m21038_250902_073843/40375017/ccs	0.999811	37.2354	13706	99.52
m21038_250902_073843/63309190/ccs	0.999672	34.8413	23426	99.48
m21038_250902_073843/42928652/ccs	0.99926	31.3077	18580	99.94
m21038_251023_070926/217385473/ccs	0.99962	34.2022	18064	99.95
m21038_251023_070926/244451933/ccs	0.999753	36.073	17334	99.58
m21038_251023_070926/251070492/ccs	0.999613	34.1229	16478	99.95
m21038_251023_070926/44106635/ccs	0.999921	41.0237	10364	99.47
m21038_251023_070926/17697253/ccs	0.999888	39.5078	20513	99.57
m21038_251023_070926/2622014/ccs	0.999788	36.7366	17862	99.95
m21038_251023_070926/141887668/ccs	0.999733	35.7349	15463	99.94
m21038_251023_070926/109578947/ccs	0.999933	41.7393	10720	99.47
m21038_251023_070926/118751900/ccs	0.998238	27.5399	13003	99.93
m21038_251023_070926/166528335/ccs	0.999955	43.4679	7584	99.47
m21038_250902_073843/41226456/ccs	0.999897	39.8716	12051	99.94
m21038_250902_073843/29496211/ccs	0.99438	22.5026	9904	99.61
m21038_250902_073843/177603084/ccs	0.999995	53.0103	9106	99.57
m21038_251023_070926/104073721/ccs	0.999983	47.6955	8979	99.64
m21038_250902_073843/211813419/ccs	0.99999	50	10540	99.67
m21038_251023_070926/149291206/ccs	0.999881	39.2445	15884	99.67
m21038_250902_073843/35259904/ccs	0.995373	23.347	4735	99.47
m21038_250902_073843/231669949/ccs	0.999927	41.3668	4647	99.57
m21038_250902_073843/193791600/ccs	1	60	6781	99.57
m21038_251023_070926/250217821/ccs	0.996122	24.1139	8172	99.93
m21038_251023_070926/36966447/ccs	0.990836	20.3791	23735	99.34
m21038_251023_070926/99746512/ccs	0.999342	31.8177	19890	99.68
m21038_251023_070926/187433482/ccs	0.999987	48.8606	13376	99.72
m21038_250902_073843/180092990/ccs	0.9999	40	16967	99.96
m21038_251023_070926/83363824/ccs	0.999999	60	3350	99.73
m21038_251023_070926/66322914/ccs	0.999555	33.5164	12900	99.73
m21038_251023_070926/163579579/ccs	0.997556	26.119	14816	99.67
m21038_251023_070926/255132983/ccs	0.999682	34.9757	18246	99.74
m21038_250902_073843/68949810/ccs	1	60	4656	99.72
m21038_251023_070926/203490822/ccs	0.997238	25.5878	9164	99.76
m21038_250902_073843/132383940/ccs	0.999913	40.6048	5954	99.76
m21038_251023_070926/59837983/ccs	0.999615	34.1454	4673	99.79
m21038_250902_073843/64553445/ccs	0.999282	31.4388	20020	99.98
m21038_251023_070926/261097513/ccs	0.999938	42.0761	14804	99.97
m21038_250902_073843/43322204/ccs	0.99992	40.9691	9989	99.78
m21038_251023_070926/58131142/ccs	0.999967	44.8149	9987	99.78
m21038_251023_070926/150013712/ccs	0.999993	51.549	7061	99.83
m21038_250902_073843/45291427/ccs	0.998794	29.1865	22634	99.56
m21038_250902_073843/17564014/ccs	0.998618	28.5949	7575	99.79
m21038_250902_073843/237700350/ccs	0.999583	33.7986	18928	99.70
m21038_251023_070926/37291560/ccs	1	60	4929	99.78
m21038_250902_073843/25169535/ccs	0.999987	48.8606	5699	99.95
m21038_251023_070926/157027184/ccs	0.99694	25.1428	3753	99.73
m21038_250902_073843/26349574/ccs	0.999982	47.4473	7604	99.79
m21038_250902_073843/16517192/ccs	0.996712	24.8307	3501	99.83
m21038_251023_070926/25363736/ccs	0.999149	30.7007	28952	99.61
m21038_251023_070926/147587446/ccs	0.996223	24.2285	22045	99.65
m21038_250902_073843/63640748/ccs	0.998341	27.8015	8117	99.96
m21038_250902_073843/146997289/ccs	0.999981	47.2125	6489	99.97
m21038_250902_073843/10620281/ccs	1	60	4363	99.95
m21038_251023_070926/60556242/ccs	0.999989	49.5861	6733	99.82
m21038_250902_073843/253036698/ccs	0.999984	47.9588	8144	99.73
m21038_251023_070926/66651014/ccs	0.999941	42.2915	6555	99.77
m21038_250902_073843/142149544/ccs	0.999754	36.0906	6272	99.78
m21038_251023_070926/164234814/ccs	0.99997	45.2288	9288	99.72
m21038_251023_070926/229968503/ccs	0.999981	47.2125	7169	99.97
m21038_250902_073843/100533523/ccs	0.990189	20.0829	27606	99.82
m21038_250902_073843/108726617/ccs	0.99967	34.8149	5563	99.80
m21038_251023_070926/228393822/ccs	0.995256	23.2386	14257	99.56
m21038_250902_073843/22679045/ccs	0.996025	24.0066	20353	99.59
m21038_251023_070926/42668317/ccs	0.999408	32.2768	16447	99.72
m21038_251023_070926/22353671/ccs	0.999217	31.0624	6230	99.84
m21038_251023_070926/141558522/ccs	0.999867	38.7615	15671	99.97
m21038_251023_070926/112920273/ccs	0.99986	38.5387	14972	99.69
m21038_250902_073843/66392980/ccs	0.999976	46.1979	5768	99.83
m21038_250902_073843/75043909/ccs	0.99996	43.9794	11943	99.97
m21038_250902_073843/187171534/ccs	1	60	4890	99.96
m21038_250902_073843/95289486/ccs	0.999365	31.9723	7176	99.75
m21038_251023_070926/45354168/ccs	0.999812	37.2584	5520	99.82
m21038_250902_073843/44236956/ccs	0.999845	38.0967	19901	99.62
m21038_251023_070926/177671054/ccs	0.99928	31.4267	28826	99.61
m21038_250902_073843/45024515/ccs	0.999988	49.2082	4639	99.98
m21038_250902_073843/62395489/ccs	1	60	3088	99.97
m21038_251023_070926/122290988/ccs	1	60	4661	99.85
m21038_250902_073843/23926352/ccs	0.999472	32.7737	28374	99.99
m21038_250902_073843/30082676/ccs	0.999885	39.393	4067	100.00
m21038_250902_073843/254347344/ccs	0.999861	38.5699	15960	99.59
m21038_251023_070926/95749409/ccs	0.998628	28.6265	19835	99.62
m21038_251023_070926/41487827/ccs	0.999743	35.9007	16142	99.61
m21038_251023_070926/201590295/ccs	0.998367	27.8701	20657	99.49
m21038_251023_070926/96340952/ccs	0.998658	28.7225	24881	99.98
m21038_250902_073843/264702218/ccs	0.999965	44.5593	7916	99.97
m21038_251023_070926/69927017/ccs	0.999858	38.4771	20712	99.59
m21038_251023_070926/74188305/ccs	0.998519	28.2944	6770	99.76
m21038_250902_073843/58920658/ccs	0.999943	42.4413	5055	99.74
m21038_250902_073843/230361435/ccs	0.999646	34.51	13141	99.66
m21038_250902_073843/12779816/ccs	0.999968	44.9485	4048	99.98
m21038_251023_070926/175901541/ccs	0.999796	36.9037	16391	99.65
m21038_250902_073843/33228535/ccs	0.997299	25.6848	6890	99.68
m21038_250902_073843/106825246/ccs	0.997898	26.7737	3544	99.63
m21038_250902_073843/31785878/ccs	0.999706	35.3165	13777	99.53
m21038_250902_073843/89850389/ccs	0.999916	40.7572	14502	99.62
m21038_250902_073843/91163574/ccs	0.999952	43.1876	7825	99.72
m21038_250902_073843/141364200/ccs	0.99989	39.5861	15135	99.17
m21038_250902_073843/70915900/ccs	0.999978	46.5758	8797	99.98
m21038_250902_073843/13371256/ccs	0.999152	30.716	20387	99.20
m21038_251023_070926/248119662/ccs	0.998298	27.6904	22293	99.27
m21038_251023_070926/101581448/ccs	0.999678	34.9214	17017	99.25
m21038_250902_073843/23008115/ccs	0.996833	24.9935	24398	99.93
m21038_250902_073843/18153890/ccs	0.995199	23.1867	4383	99.47
m21038_250902_073843/59642174/ccs	0.99981	37.2125	6405	99.52
m21038_250902_073843/53155081/ccs	0.999988	49.2082	3103	99.61
m21038_251023_070926/257950275/ccs	0.999977	46.3827	10434	99.98
m21038_251023_070926/171969018/ccs	0.999901	40.0436	6135	99.71
m21038_250902_073843/201329524/ccs	0.999892	39.6658	6559	99.72
m21038_251023_070926/36112278/ccs	0.9997	35.2288	16731	99.24
m21038_250902_073843/91488570/ccs	0.999946	42.6761	8186	99.48
m21038_250902_073843/128517461/ccs	0.999815	37.3283	17914	99.56
m21038_250902_073843/3281388/ccs	0.999937	42.0066	13647	99.98
m21038_251023_070926/68031669/ccs	0.999895	39.7881	7802	99.68
m21038_251023_070926/85133564/ccs	0.999986	48.5387	6630	99.67
m21038_250902_073843/97912316/ccs	0.99993	41.549	8488	99.65
m21038_250902_073843/34800892/ccs	0.999917	40.8092	15213	99.54
m21038_251023_070926/123210686/ccs	0.999821	37.4715	11542	99.48
m21038_251023_070926/200541793/ccs	0.999858	38.4771	11951	99.60
m21038_251023_070926/226952643/ccs	0.999805	37.0997	6324	99.71
m21038_250902_073843/256641908/ccs	0.999995	53.0103	4233	99.95
m21038_250902_073843/10948491/ccs	0.999716	35.4668	16682	99.98
m21038_250902_073843/132317794/ccs	0.999928	41.4267	7775	99.70
m21038_251023_070926/52366256/ccs	0.999875	39.0309	17762	99.27
m21038_251023_070926/13242727/ccs	0.997097	25.3715	23637	99.35
m21038_251023_070926/49480919/ccs	0.999984	47.9588	6736	99.70
m21038_250902_073843/10360169/ccs	0.994279	22.4253	13596	99.14
m21038_250902_073843/254149656/ccs	0.999963	44.318	5528	99.69
m21038_250902_073843/70648018/ccs	0.999845	38.0967	10239	99.98
m21038_250902_073843/20648314/ccs	1	60	6120	99.69
m21038_250902_073843/45354263/ccs	0.999644	34.4855	13990	99.56
m21038_250902_073843/162400311/ccs	1	60	4820	99.65
m21038_250902_073843/133761076/ccs	0.999812	37.2584	5657	99.68
m21038_250902_073843/261489847/ccs	0.999944	42.5181	6699	99.64
m21038_251023_070926/48827869/ccs	0.999779	36.5561	5989	99.61
m21038_251023_070926/40960487/ccs	0.999937	42.0066	7275	99.64
m21038_250902_073843/45553158/ccs	0.999458	32.66	10342	99.56
m21038_250902_073843/198967967/ccs	0.999996	53.9794	8612	99.52
m21038_250902_073843/223480427/ccs	0.99922	31.0791	24945	99.99
m21038_250902_073843/168822990/ccs	0.999803	37.0553	10488	99.54
m21038_250902_073843/59640336/ccs	0.999934	41.8046	5592	100.00
m21038_250902_073843/180552323/ccs	0.999862	38.6012	19469	99.33
m21038_250902_073843/194053799/ccs	0.999882	39.2812	4269	99.58
m21038_251023_070926/259326258/ccs	0.999999	60	3437	99.65
m21038_251023_070926/13502003/ccs	0.998568	28.4406	18001	99.29
m21038_251023_070926/69929106/ccs	0.999315	31.6431	5479	100.00
m21038_250902_073843/228985198/ccs	0.999919	40.9151	5316	99.41
m21038_250902_073843/25691845/ccs	0.999975	46.0206	4642	99.54
m21038_250902_073843/161743520/ccs	0.999819	37.4232	5155	100.00
m21038_251023_070926/8850838/ccs	0.996457	24.5063	7678	99.50
m21038_250902_073843/76352588/ccs	0.999884	39.3554	5107	99.62
m21038_250902_073843/229377389/ccs	0.999921	41.0237	9964	99.32
m21038_250902_073843/64819075/ccs	0.999901	40.0436	5180	99.65
m21038_250902_073843/58396280/ccs	0.99998	46.9897	7133	99.14
m21038_250902_073843/189335881/ccs	0.99949	32.9243	5860	99.61
m21038_250902_073843/163905893/ccs	0.999948	42.84	8806	99.19
m21038_251023_070926/59900390/ccs	0.99937	32.0066	16108	99.33
m21038_251023_070926/73927410/ccs	0.999541	33.3819	5721	99.49
m21038_251023_070926/80085085/ccs	0.999897	39.8716	9826	99.99
m21038_250902_073843/73138743/ccs	0.999974	45.8503	14176	99.27
m21038_251023_070926/234226723/ccs	0.997548	26.1048	17270	99.27
m21038_250902_073843/241437345/ccs	1	60	3825	99.61
m21038_251023_070926/43779507/ccs	0.999866	38.729	18761	99.98
m21038_250902_073843/207227192/ccs	0.999949	42.9243	7533	99.08
m21038_250902_073843/263258875/ccs	0.999883	39.3181	12700	99.25
m21038_250902_073843/12583511/ccs	0.99798	26.9465	4973	99.01
m21038_250902_073843/182255965/ccs	0.996207	24.2102	5384	99.96
m21038_250902_073843/86901028/ccs	1	60	4622	99.41
m21038_250902_073843/193463464/ccs	0.999599	33.9686	7927	99.12
m21038_251023_070926/200868629/ccs	0.998306	27.7109	13006	99.24
m21038_251023_070926/73400718/ccs	0.994957	22.9731	6702	98.94
m21038_251023_070926/161023869/ccs	0.99999	50	5384	98.98
m21038_250902_073843/30084451/ccs	0.999727	35.6384	13489	99.36
m21038_250902_073843/47449173/ccs	0.998823	29.2922	12555	99.35
m21038_250902_073843/49812847/ccs	0.999995	53.0103	3398	99.03
m21038_251023_070926/71500629/ccs	0.999982	47.4473	8150	99.29
m21038_250902_073843/39261802/ccs	0.999995	53.0103	3995	99.15
m21038_251023_070926/57477771/ccs	0.999943	42.4413	4399	99.25
m21038_251023_070926/180618839/ccs	0.998362	27.8569	4961	99.98
m21038_250902_073843/80808292/ccs	0.999874	38.9963	11581	99.98
m21038_251023_070926/12190176/ccs	0.9999	40	4561	99.98
m21038_250902_073843/99222959/ccs	0.999951	43.098	11228	99.98
m21038_251023_070926/21628121/ccs	0.999983	47.6955	10984	99.98
m21038_251023_070926/150406374/ccs	0.999985	48.2391	5949	99.98
m21038_250902_073843/118556151/ccs	0.995886	23.8574	9520	99.50
m21038_251023_070926/96338958/ccs	0.99999	50	4009	99.98
m21038_250902_073843/188024548/ccs	0.999969	45.0864	10421	99.61
m21038_251023_070926/181077880/ccs	0.999998	56.9897	6980	99.58
m21038_250902_073843/14746264/ccs	0.999992	50.9691	6834	99.97
m21038_251023_070926/230491238/ccs	0.994394	22.5135	4411	99.89
m21038_250902_073843/198968546/ccs	0.999932	41.6749	3241	99.97
m21038_250902_073843/33560146/ccs	0.999932	41.6749	3333	100.00
m21038_250902_073843/157616703/ccs	0.998428	28.0355	19556	99.99
m21038_250902_073843/233441850/ccs	1	60	4546	100.00
m21038_250902_073843/40701006/ccs	0.999919	40.9151	8011	98.73
m21038_250902_073843/8850765/ccs	0.999998	56.9897	5089	98.27
m21038_250902_073843/106366264/ccs	0.999956	43.5655	7403	98.70
m21038_251023_070926/232720924/ccs	0.998496	28.2275	12939	98.86
m21038_250902_073843/9244026/ccs	0.999996	53.9794	4369	98.31
m21038_250902_073843/31591450/ccs	0.999008	30.0349	5630	98.13
m21038_250902_073843/105710234/ccs	0.990313	20.1381	18649	98.82
m21038_250902_073843/145883179/ccs	0.999868	38.7943	8096	98.75
m21038_251023_070926/54072205/ccs	0.999907	40.3152	6411	98.69
m21038_251023_070926/218497442/ccs	0.999943	42.4413	9404	99.23
m21038_251023_070926/241763148/ccs	0.999935	41.8709	6287	99.97
m21038_250902_073843/25102628/ccs	0.99994	42.2185	9571	99.39
m21038_250902_073843/7209719/ccs	1	60	3377	99.97
m21038_251023_070926/21762609/ccs	0.999679	34.9349	6302	99.92
m21038_251023_070926/87688820/ccs	0.99997	45.2288	7008	99.33
m21038_251023_070926/28381007/ccs	1	60	6508	99.32
m21038_250902_073843/8785894/ccs	0.999971	45.376	3449	100.00
m21038_251023_070926/228721706/ccs	0.999995	53.0103	5531	98.97
m21038_251023_070926/27987636/ccs	0.999032	30.1412	14239	98.80
m21038_250902_073843/75695535/ccs	0.999958	43.7675	9878	98.76
m21038_250902_073843/91948877/ccs	0.999989	49.5861	5195	99.24
m21038_250902_073843/38606396/ccs	0.999701	35.2433	5459	99.79
m21038_250902_073843/5836380/ccs	0.999733	35.7349	8345	99.95
m21038_250902_073843/246155419/ccs	0.999584	33.8091	13705	99.46
m21038_251023_070926/37618313/ccs	0.999306	31.5864	17215	98.81
m21038_251023_070926/134611478/ccs	1	60	5629	99.95
m21038_250902_073843/179177189/ccs	0.998946	29.7716	19918	99.51
m21038_250902_073843/75894889/ccs	0.999995	53.0103	5519	99.98
m21038_250902_073843/180947255/ccs	0.999996	53.9794	7548	99.96
m21038_250902_073843/14029181/ccs	0.999698	35.1999	10497	99.51
m21038_251023_070926/95683796/ccs	0.999678	34.9214	14423	100.00
m21038_251023_070926/43586558/ccs	0.992792	21.4219	3523	100.00
m21038_250902_073843/196019070/ccs	0.999179	30.8566	4091	98.32
m21038_250902_073843/21564221/ccs	0.999645	34.4977	24013	100.00
m21038_251023_070926/153684885/ccs	0.999908	40.3621	11083	99.98
m21038_250902_073843/125504475/ccs	0.997997	26.9832	23437	99.51
m21038_251023_070926/16256722/ccs	0.999554	33.5067	25678	98.81
m21038_250902_073843/223741795/ccs	0.999866	38.729	8024	99.98
m21038_250902_073843/165610421/ccs	0.997158	25.4638	8410	99.95
m21038_250902_073843/160893433/ccs	0.99721	25.544	4216	99.74
m21038_250902_073843/79565788/ccs	0.998523	28.3062	13059	99.98
m21038_251023_070926/159121893/ccs	0.997358	25.7807	15728	99.99
m21038_250902_073843/212338643/ccs	0.999999	60	5785	99.40
m21038_251023_070926/27072421/ccs	0.998261	27.597	20287	99.98
m21038_250902_073843/261358253/ccs	0.997786	26.5482	29580	98.72
m21038_251023_070926/239733406/ccs	0.999767	36.3264	19819	99.99
m21038_250902_073843/212795569/ccs	0.999974	45.8503	6771	99.99
m21038_251023_070926/36176160/ccs	0.999058	30.2595	9293	100.00
m21038_250902_073843/224723625/ccs	0.999741	35.867	8593	99.99
m21038_250902_073843/140052826/ccs	1	60	3630	100.00
m21038_250902_073843/98175166/ccs	0.999975	46.0206	8502	99.99
m21038_250902_073843/39388211/ccs	0.999704	35.2871	4462	100.00
m21038_250902_073843/33161560/ccs	0.999998	56.9897	5265	99.63
m21038_250902_073843/235405455/ccs	0.994793	22.8341	7296	99.97
m21038_250902_073843/71242693/ccs	0.997776	26.5287	6543	99.97
m21038_251023_070926/85001144/ccs	0.996874	25.0501	34961	99.97
m21038_251023_070926/115017918/ccs	0.999035	30.1547	25761	99.80
m21038_251023_070926/131992267/ccs	0.999999	60	7064	99.99
m21038_251023_070926/45551767/ccs	0.99983	37.6955	6055	100.00
m21038_251023_070926/21431942/ccs	0.99459	22.668	3830	100.00
m21038_250902_073843/72880086/ccs	0.999951	43.098	7520	100.00
m21038_250902_073843/155912132/ccs	0.999875	39.0309	13249	100.00
m21038_251023_070926/90966484/ccs	0.995942	23.9169	23453	99.78
m21038_251023_070926/25499424/ccs	0.999997	55.2288	5210	99.71
m21038_251023_070926/171902606/ccs	0.999729	35.6703	9922	100.00
m21038_250902_073843/24121468/ccs	0.995129	23.1238	28672	99.66
m21038_251023_070926/210241741/ccs	0.99964	34.437	19358	99.64
m21038_250902_073843/101714227/ccs	1	60	4353	100.00
m21038_250902_073843/18547116/ccs	0.999979	46.7778	4075	100.00
m21038_250902_073843/20973908/ccs	0.996943	25.147	30459	99.80
m21038_250902_073843/153094956/ccs	1	60	3182	100.00
m21038_250902_073843/74253630/ccs	0.999988	49.2082	8968	99.62
m21038_251023_070926/184355764/ccs	0.999999	60	4380	100.00
m21038_250902_073843/34078885/ccs	0.999118	30.5453	12051	99.99
m21038_250902_073843/229509238/ccs	0.999915	40.7058	8379	100.00
m21038_250902_073843/106562574/ccs	0.999992	50.9691	8451	100.00
m21038_250902_073843/225642169/ccs	1	60	5109	100.00
m21038_250902_073843/3015386/ccs	0.999988	49.2082	8391	100.00
m21038_251023_070926/62196428/ccs	0.997567	26.1386	8898	100.00
m21038_250902_073843/47841790/ccs	0.999949	42.9243	9420	100.00
m21038_250902_073843/27854380/ccs	1	60	4950	100.00
m21038_251023_070926/160893323/ccs	0.9956	23.5655	27468	99.44
m21038_250902_073843/183502810/ccs	0.999854	38.3565	9629	100.00
m21038_250902_073843/35325716/ccs	0.999823	37.5203	17810	99.83
m21038_251023_070926/41484830/ccs	0.997017	25.2535	36802	99.76
m21038_250902_073843/55119238/ccs	0.99989	39.5861	5641	100.00
m21038_250902_073843/13374209/ccs	0.999998	56.9897	5582	100.00
m21038_250902_073843/30409902/ccs	0.991445	20.6778	6914	99.87
m21038_250902_073843/21891515/ccs	0.999994	52.2185	6868	100.00
m21038_251023_070926/211288737/ccs	0.999999	60	7598	99.80
m21038_250902_073843/204344211/ccs	0.999999	60	6651	99.77
m21038_250902_073843/264571044/ccs	0.999473	32.7819	11721	99.54
m21038_250902_073843/210765409/ccs	0.996997	25.2244	15503	99.81
m21038_250902_073843/236783804/ccs	0.999838	37.9048	12343	99.55
m21038_250902_073843/187499399/ccs	0.999997	55.2288	6374	100.00
m21038_251023_070926/109512519/ccs	0.999811	37.2354	16711	99.83
m21038_250902_073843/10554757/ccs	0.998558	28.4103	32196	99.80
m21038_250902_073843/199295005/ccs	1	60	6665	100.00
m21038_250902_073843/227609430/ccs	0.999687	35.0446	13439	99.80
m21038_250902_073843/76088775/ccs	0.999573	33.6957	18537	99.82
m21038_251023_070926/53414540/ccs	0.995821	23.7893	19130	99.94
m21038_250902_073843/15468641/ccs	0.999048	30.2136	20191	99.98
m21038_250902_073843/16451607/ccs	0.999956	43.5655	7149	99.87
m21038_251023_070926/141361224/ccs	0.999998	56.9897	7576	99.99
m21038_251023_070926/98107573/ccs	0.999765	36.2893	23594	99.81
m21038_251023_070926/98240754/ccs	0.999736	35.784	7165	99.61
m21038_250902_073843/190579028/ccs	0.999931	41.6115	18159	99.71
m21038_251023_070926/141099219/ccs	0.999333	31.7587	28351	99.99
m21038_251023_070926/50922164/ccs	0.999977	46.3827	8573	99.87
m21038_251023_070926/46991616/ccs	0.999105	30.4818	9161	99.99
m21038_250902_073843/57806215/ccs	0.998245	27.5572	6725	99.76
m21038_251023_070926/251856251/ccs	0.996459	24.5087	33156	99.97
m21038_250902_073843/52432339/ccs	0.999928	41.4267	7632	99.87
m21038_250902_073843/218433307/ccs	0.998042	27.0819	23617	99.98
m21038_250902_073843/55576677/ccs	0.999485	32.8819	6490	99.85
m21038_250902_073843/40310600/ccs	0.999963	44.318	8583	99.86
m21038_251023_070926/27721936/ccs	0.993589	21.9307	26573	99.37
m21038_251023_070926/252052052/ccs	0.999194	30.9366	27878	99.99
m21038_250902_073843/75369815/ccs	0.999955	43.4679	5249	99.83
m21038_251023_070926/245760911/ccs	0.998509	28.2652	26462	99.75
m21038_250902_073843/40179513/ccs	0.999686	35.0307	19256	99.97
m21038_250902_073843/123078633/ccs	0.99982	37.4473	13395	98.51
m21038_250902_073843/117835681/ccs	0.999867	38.7615	16274	99.99
m21038_250902_073843/159909160/ccs	0.999629	34.3063	21366	99.99
m21038_250902_073843/245957463/ccs	0.999607	34.0561	16646	99.98
m21038_250902_073843/121833131/ccs	0.999885	39.393	13993	99.99
m21038_250902_073843/251463850/ccs	0.997778	26.5326	27224	99.75
m21038_250902_073843/6555076/ccs	0.996271	24.2841	22865	99.69
m21038_250902_073843/212993407/ccs	0.999997	55.2288	5922	99.98
m21038_250902_073843/238945860/ccs	0.999249	31.2436	11338	99.99
m21038_250902_073843/266535852/ccs	0.99968	34.9485	20483	99.76
m21038_251023_070926/119276255/ccs	0.99724	25.5909	30113	99.94
m21038_251023_070926/248119872/ccs	0.999788	36.7366	20416	99.76
m21038_251023_070926/31396257/ccs	0.999861	38.5699	17644	99.99
m21038_250902_073843/172163347/ccs	0.999502	33.0277	26819	99.50
m21038_251023_070926/40506563/ccs	0.994253	22.4056	10762	99.90
m21038_251023_070926/70386737/ccs	0.992704	21.3692	16291	99.88
m21038_251023_070926/26479529/ccs	0.996742	24.8705	25612	99.96
m21038_250902_073843/127533410/ccs	0.995714	23.6795	8327	99.95
m21038_251023_070926/112723508/ccs	0.994998	23.0086	24782	99.63
m21038_250902_073843/32443896/ccs	0.999995	53.0103	2835	100.00
m21038_251023_070926/120851052/ccs	1	60	2923	99.76
m21038_250902_073843/69271987/ccs	0.999481	32.8483	27764	99.79
m21038_250902_073843/138872148/ccs	0.999868	38.7943	13713	99.96
m21038_250902_073843/226036694/ccs	0.999999	60	6423	99.17
m21038_250902_073843/79037620/ccs	0.997353	25.7725	28460	99.87
m21038_251023_070926/70976449/ccs	0.999629	34.3063	26130	99.74
m21038_250902_073843/72225022/ccs	0.996157	24.1533	5255	99.98
m21038_251023_070926/123732853/ccs	0.99998	46.9897	5242	99.12
m21038_250902_073843/94964322/ccs	1	60	5240	99.75
m21038_251023_070926/245631185/ccs	0.999797	36.925	17772	99.99
m21038_251023_070926/51251068/ccs	0.998576	28.4649	22615	99.92
m21038_250902_073843/131400207/ccs	0.999999	60	3549	100.00
m21038_251023_070926/34477851/ccs	0.999974	45.8503	6073	100.00
m21038_250902_073843/119997985/ccs	0.999712	35.4061	5382	100.00
m21038_251023_070926/214632971/ccs	0.999928	41.4267	8210	99.99
m21038_251023_070926/122096101/ccs	0.994461	22.5657	17661	99.92
m21038_250902_073843/73141893/ccs	0.996897	25.0822	13684	99.88
m21038_251023_070926/221645037/ccs	0.999603	34.0121	5758	100.00
m21038_251023_070926/43912508/ccs	0.997993	26.9745	7133	100.00
m21038_251023_070926/183176147/ccs	0.995314	23.292	16772	99.96
m21038_251023_070926/136644873/ccs	0.999971	45.376	6138	100.00
m21038_251023_070926/6883020/ccs	0.999803	37.0553	20460	99.56
m21038_251023_070926/260114881/ccs	0.999614	34.1341	24533	99.76
m21038_250902_073843/32576335/ccs	0.999396	32.1896	21604	99.59
m21038_250902_073843/249168627/ccs	0.999678	34.9214	17151	99.53
