read_id	rq	qv	read_length	iden
m21038_250828_053717/175048040/ccs	0.994595	22.672	17264	98.26
m21038_250925_073544/78058136/ccs	0.996365	24.395	31668	99.58
m21038_250925_073544/225837494/ccs	0.995706	23.6714	10920	99.82
m21038_250925_073544/100862518/ccs	0.999977	46.3827	8875	99.93
m21038_250925_073544/43455405/ccs	0.999986	48.5387	9067	99.93
m21038_250828_053717/209453180/ccs	0.99943	32.4413	18003	99.07
m21038_250925_073544/198250066/ccs	0.999973	45.6864	11680	98.91
m21038_250925_073544/2951648/ccs	0.997352	25.7708	21288	99.10
m21038_250828_053717/83892103/ccs	0.999712	35.4061	23062	99.14
m21038_250925_073544/77337582/ccs	0.999981	47.2125	8538	99.93
m21038_250828_053717/161158405/ccs	0.999972	45.5284	4681	99.94
m21038_250925_073544/54201435/ccs	0.999976	46.1979	5313	99.94
m21038_250925_073544/267323288/ccs	0.999991	50.4576	11629	99.89
m21038_250925_073544/109186709/ccs	0.999723	35.5752	9398	99.93
m21038_250925_073544/10879462/ccs	0.999918	40.8619	16015	99.73
m21038_250925_073544/134088772/ccs	0.999982	47.4473	9252	99.90
m21038_250925_073544/66587303/ccs	0.999912	40.5552	6284	99.90
m21038_250925_073544/231277224/ccs	0.99777	26.517	42798	99.85
m21038_250925_073544/148505295/ccs	0.997756	26.4898	10083	99.84
m21038_250925_073544/69405093/ccs	0.999132	30.6148	16475	99.74
m21038_250828_053717/241960432/ccs	0.999868	38.7943	9228	99.88
m21038_250828_053717/100469609/ccs	1	60	7259	99.59
m21038_250828_053717/71369381/ccs	0.999953	43.279	5077	99.92
m21038_250828_053717/117181586/ccs	0.999972	45.5284	6099	99.93
m21038_250828_053717/141689569/ccs	0.999983	47.6955	8579	98.90
m21038_250925_073544/201263736/ccs	0.998441	28.0715	16659	99.75
m21038_250828_053717/72548730/ccs	0.999936	41.9382	5564	99.91
m21038_250828_053717/148703134/ccs	0.997133	25.4257	13528	99.76
m21038_250828_053717/42275458/ccs	1	60	5371	99.24
m21038_250925_073544/96274193/ccs	1	60	4566	99.56
m21038_250828_053717/66260874/ccs	0.999307	31.5927	3771	99.65
m21038_250828_053717/151259500/ccs	0.999975	46.0206	10707	99.83
m21038_250828_053717/105450266/ccs	0.999974	45.8503	9226	99.54
m21038_250828_053717/161485978/ccs	0.99971	35.376	9177	98.85
m21038_250828_053717/101323967/ccs	0.998915	29.6457	5015	99.10
m21038_250925_073544/201720384/ccs	0.998813	29.2555	4136	99.88
m21038_250828_053717/86251140/ccs	0.999981	47.2125	5012	98.82
m21038_250925_073544/169218648/ccs	0.99996	43.9794	6880	99.77
m21038_250925_073544/95684292/ccs	0.999956	43.5655	8749	98.84
m21038_250925_073544/66062811/ccs	0.99951	33.098	21977	99.79
m21038_250925_073544/106630514/ccs	0.999999	60	4266	99.91
m21038_250828_053717/220595409/ccs	0.99962	34.2022	3362	99.91
m21038_250925_073544/108856854/ccs	0.994448	22.5555	27420	99.38
m21038_250828_053717/164824201/ccs	0.999789	36.7572	5479	98.90
m21038_250828_053717/46011272/ccs	0.999908	40.3621	12506	99.48
m21038_250925_073544/151979874/ccs	0.998651	28.6999	28634	99.83
m21038_250925_073544/168759631/ccs	0.999352	31.8842	5148	98.93
m21038_250925_073544/255788306/ccs	0.999971	45.376	4614	98.98
m21038_250828_053717/133237744/ccs	0.999992	50.9691	4843	98.97
m21038_250828_053717/83887877/ccs	0.999483	32.8651	4051	98.99
m21038_250828_053717/172493277/ccs	0.99741	25.867	10436	99.37
m21038_250925_073544/160960284/ccs	0.999212	31.0347	13024	99.71
m21038_250828_053717/249758598/ccs	0.996918	25.1117	4459	99.33
m21038_250828_053717/102171078/ccs	0.999061	30.2733	14064	98.84
m21038_250828_053717/51708294/ccs	0.999917	40.8092	6430	98.65
m21038_250925_073544/214371250/ccs	0.999035	30.1547	7146	99.43
m21038_250828_053717/159389191/ccs	1	60	3465	98.61
m21038_250925_073544/76613189/ccs	0.999992	50.9691	5511	99.22
m21038_250828_053717/189991770/ccs	0.999416	32.3359	23805	99.91
m21038_250828_053717/49548037/ccs	0.997647	26.2838	25391	99.69
m21038_250828_053717/244974847/ccs	0.998432	28.0465	24603	99.92
m21038_250925_073544/149817535/ccs	0.999698	35.1999	20023	99.91
m21038_250828_053717/186452190/ccs	0.997651	26.2912	29588	99.74
m21038_250828_053717/68029892/ccs	0.999434	32.4718	22699	99.75
m21038_250828_053717/261687965/ccs	0.996059	24.0439	17573	99.66
m21038_250828_053717/52171996/ccs	0.997624	26.2415	27109	99.90
m21038_250925_073544/4391188/ccs	0.999756	36.1261	24889	99.92
m21038_250828_053717/161811300/ccs	0.997827	26.6294	34848	99.92
m21038_250828_053717/89522530/ccs	0.996646	24.7444	26800	99.76
m21038_250925_073544/194709065/ccs	0.999802	37.0333	21801	99.93
m21038_250925_073544/241633464/ccs	0.998907	29.6138	31364	99.79
m21038_250828_053717/187106584/ccs	0.998969	29.8674	24633	99.91
m21038_250925_073544/161353486/ccs	0.999759	36.1798	22878	99.81
m21038_250828_053717/107351475/ccs	0.996456	24.5051	22161	99.91
m21038_250925_073544/154404358/ccs	0.998716	28.9143	16341	99.90
m21038_250925_073544/219745184/ccs	0.997966	26.9165	22022	99.81
m21038_250828_053717/35653864/ccs	0.99837	27.8781	27590	99.91
m21038_250925_073544/211093685/ccs	0.999699	35.2143	19296	99.91
m21038_250828_053717/96081564/ccs	0.999594	33.9147	10010	99.90
m21038_250828_053717/94700953/ccs	0.999478	32.8233	17682	99.92
m21038_250925_073544/42469717/ccs	0.999986	48.5387	8562	99.94
m21038_250828_053717/9376699/ccs	0.999984	47.9588	9886	99.95
m21038_250925_073544/15931154/ccs	0.999668	34.7886	17411	99.92
m21038_250828_053717/242746501/ccs	0.999019	30.0833	7661	99.96
m21038_250828_053717/128126382/ccs	0.999969	45.0864	8949	99.94
m21038_250828_053717/87823991/ccs	0.999401	32.2257	17711	99.90
m21038_250828_053717/75303187/ccs	0.999966	44.6852	7696	99.96
m21038_250828_053717/255132095/ccs	0.99814	27.3049	24588	99.86
m21038_250925_073544/115151580/ccs	0.999538	33.3536	19157	99.90
m21038_250828_053717/10161301/ccs	0.999934	41.8046	6412	99.98
m21038_250925_073544/145889049/ccs	0.999926	41.3077	9144	99.96
m21038_250925_073544/127600048/ccs	0.999277	31.4086	23003	99.88
m21038_250925_073544/173670842/ccs	0.999996	53.9794	3630	100.00
m21038_250925_073544/92538394/ccs	0.999926	41.3077	11611	99.93
m21038_250925_073544/63309509/ccs	0.999424	32.3958	14799	99.93
m21038_250828_053717/56755133/ccs	0.997477	25.9808	13167	99.89
m21038_250828_053717/117445785/ccs	0.999133	30.6198	22816	99.47
m21038_250925_073544/138941596/ccs	0.999106	30.4866	12967	99.92
m21038_250925_073544/194777815/ccs	0.999494	32.9585	5005	99.94
m21038_250828_053717/16716785/ccs	0.994912	22.9345	23761	99.45
m21038_250828_053717/62327470/ccs	0.999969	45.0864	6478	99.97
m21038_250925_073544/37486810/ccs	0.999898	39.914	18576	99.94
m21038_250828_053717/34018263/ccs	0.999298	31.5366	6997	99.94
m21038_250828_053717/141430522/ccs	0.999196	30.9474	7016	99.91
m21038_250828_053717/143134993/ccs	0.999557	33.536	21849	99.94
m21038_250925_073544/48695322/ccs	0.999807	37.1444	23511	99.47
m21038_250828_053717/74649002/ccs	0.999882	39.2812	17468	99.94
m21038_250828_053717/135269377/ccs	0.999332	31.7522	23892	99.84
m21038_250828_053717/112397814/ccs	0.999832	37.7469	7264	99.94
m21038_250828_053717/213320789/ccs	0.9998	36.9897	20678	99.49
m21038_250828_053717/106761691/ccs	0.999719	35.5129	7765	99.92
m21038_250925_073544/89591263/ccs	0.999882	39.2812	3801	99.97
m21038_250925_073544/43259335/ccs	0.999993	51.549	11872	99.87
m21038_250925_073544/112792326/ccs	1	60	4783	99.94
m21038_250925_073544/77857113/ccs	0.99826	27.5945	18976	99.83
m21038_250925_073544/92867368/ccs	0.999219	31.0735	7136	99.94
m21038_250828_053717/152768137/ccs	0.99935	31.8709	12718	99.93
m21038_250828_053717/71240893/ccs	0.999716	35.4668	8573	99.89
m21038_250925_073544/86969314/ccs	0.999591	33.8828	16853	99.95
m21038_250828_053717/138154739/ccs	0.999993	51.549	4090	99.93
m21038_250925_073544/219088139/ccs	0.999956	43.5655	17570	99.84
m21038_250925_073544/79693147/ccs	0.999929	41.4874	9827	99.88
m21038_250925_073544/42865188/ccs	0.999869	38.8273	16076	99.95
m21038_250925_073544/242682517/ccs	0.999757	36.1439	19816	99.84
m21038_250925_073544/112660105/ccs	0.99945	32.5964	19347	99.84
m21038_250828_053717/42274764/ccs	0.99928	31.4267	16216	99.84
m21038_250925_073544/68816326/ccs	0.998811	29.2482	21687	99.93
m21038_250925_073544/206504084/ccs	1	60	6083	99.93
m21038_250828_053717/126358382/ccs	0.999895	39.7881	18129	99.94
m21038_250828_053717/252445351/ccs	0.999742	35.8838	16170	99.83
m21038_250925_073544/64226273/ccs	0.998964	29.8464	15988	99.93
m21038_250828_053717/95164244/ccs	0.999807	37.1444	13850	99.94
m21038_250925_073544/149424911/ccs	0.996837	24.999	19704	99.90
m21038_250828_053717/232719940/ccs	0.999957	43.6653	4597	99.91
m21038_250828_053717/266535728/ccs	0.999999	60	5975	99.87
m21038_250925_073544/136056609/ccs	0.999712	35.4061	15057	99.95
m21038_250828_053717/45678808/ccs	0.999431	32.4489	8595	99.83
m21038_250828_053717/229116483/ccs	1	60	6596	99.83
m21038_250925_073544/47121981/ccs	0.999879	39.1721	18945	99.81
m21038_250828_053717/170132368/ccs	0.999976	46.1979	5251	99.96
m21038_250925_073544/163385394/ccs	0.999985	48.2391	13552	99.96
m21038_250828_053717/22746433/ccs	0.999982	47.4473	8896	99.94
m21038_250925_073544/202509035/ccs	0.996444	24.4904	22061	99.40
m21038_250925_073544/17896435/ccs	0.999696	35.1713	19028	99.82
m21038_250828_053717/175704317/ccs	0.999968	44.9485	6987	99.81
m21038_250925_073544/196415714/ccs	0.999992	50.9691	8782	99.93
m21038_250925_073544/120067705/ccs	0.997781	26.5384	10036	99.94
m21038_250925_073544/51057934/ccs	0.999936	41.9382	18702	99.94
m21038_250925_073544/188876005/ccs	1	60	3554	99.89
m21038_250828_053717/244713804/ccs	0.991775	20.8486	10084	99.89
m21038_250925_073544/90574067/ccs	0.993376	21.7888	11465	99.69
m21038_250828_053717/103088772/ccs	0.999817	37.3755	10414	99.94
m21038_250828_053717/75697276/ccs	0.999245	31.2205	13204	99.95
m21038_250925_073544/128587170/ccs	0.99929	31.4874	8549	99.94
m21038_250828_053717/119542886/ccs	0.999983	47.6955	9652	99.95
m21038_250828_053717/114431402/ccs	0.99194	20.9366	11419	99.71
m21038_250828_053717/49744926/ccs	0.999897	39.8716	4783	99.81
m21038_250828_053717/253692132/ccs	0.998622	28.6075	27808	99.34
m21038_250828_053717/224789859/ccs	1	60	3178	99.91
m21038_250925_073544/45223434/ccs	0.999612	34.1117	4475	99.84
m21038_250828_053717/210175924/ccs	1	60	5860	99.83
m21038_250925_073544/111415135/ccs	0.996294	24.3109	4376	99.89
m21038_250828_053717/37164600/ccs	0.999985	48.2391	10894	99.95
m21038_250828_053717/165483943/ccs	1	60	2694	99.70
m21038_250828_053717/28578886/ccs	0.998887	29.535	31793	99.95
m21038_250925_073544/96868066/ccs	0.999002	30.0087	15335	99.46
m21038_250828_053717/180027819/ccs	0.99999	50	6688	99.96
m21038_250828_053717/7604800/ccs	0.999495	32.9671	10355	99.52
m21038_250925_073544/20120593/ccs	0.99978	36.5758	13931	99.47
m21038_250828_053717/140907513/ccs	0.999947	42.7572	9891	99.82
m21038_250925_073544/41161608/ccs	0.999649	34.5469	17793	99.95
m21038_250925_073544/22877868/ccs	0.999971	45.376	5435	99.98
m21038_250925_073544/201854580/ccs	0.999935	41.8709	17146	99.37
m21038_250828_053717/45881090/ccs	1	60	5460	99.54
m21038_250925_073544/230165129/ccs	0.999269	31.3608	9409	99.81
m21038_250925_073544/187174185/ccs	0.998899	29.5821	9215	99.47
m21038_250925_073544/113251753/ccs	0.999944	42.5181	15368	99.82
m21038_250828_053717/210241804/ccs	0.99996	43.9794	10927	99.42
m21038_250925_073544/58855391/ccs	0.999992	50.9691	3426	99.97
m21038_250925_073544/119801455/ccs	0.999924	41.1919	8639	99.98
m21038_250925_073544/118751413/ccs	0.997237	25.5862	5387	99.96
m21038_250925_073544/170856185/ccs	0.999302	31.5614	24014	99.28
m21038_250828_053717/52297804/ccs	0.999976	46.1979	6480	99.97
m21038_250925_073544/232130401/ccs	0.999798	36.9465	16833	99.82
m21038_250925_073544/93524362/ccs	0.999933	41.7393	11690	99.84
m21038_250828_053717/140771580/ccs	0.999185	30.8884	6127	99.82
m21038_250828_053717/110106358/ccs	0.999997	55.2288	2681	99.40
m21038_250828_053717/62589275/ccs	0.999987	48.8606	7887	99.84
m21038_250828_053717/221119446/ccs	0.999438	32.5026	3924	99.46
m21038_250925_073544/151718976/ccs	0.999999	60	4597	99.98
m21038_250828_053717/54530514/ccs	0.999954	43.3724	5847	99.98
m21038_250828_053717/16319570/ccs	0.999403	32.2403	11857	99.84
m21038_250828_053717/175639528/ccs	0.999752	36.0555	15779	99.27
m21038_250828_053717/146936878/ccs	0.999955	43.4679	6370	99.84
m21038_250925_073544/109314617/ccs	0.999292	31.4997	21216	99.27
m21038_250828_053717/135596309/ccs	0.999954	43.3724	5213	99.34
m21038_250925_073544/118358715/ccs	0.99905	30.2228	26302	99.95
m21038_250925_073544/214304063/ccs	1	60	5497	99.37
m21038_250828_053717/247597742/ccs	0.99989	39.5861	6218	99.37
m21038_250828_053717/30147690/ccs	0.999997	55.2288	5108	99.98
m21038_250925_073544/36570528/ccs	0.99858	28.4771	6405	99.78
m21038_250828_053717/221708362/ccs	0.999256	31.2843	23424	99.82
m21038_250925_073544/14877109/ccs	0.997548	26.1048	9221	99.33
m21038_250828_053717/244648173/ccs	0.999504	33.0452	19826	99.26
m21038_250925_073544/20056813/ccs	0.999503	33.0364	14982	99.20
m21038_250828_053717/8392383/ccs	0.995776	23.7428	9920	99.35
m21038_250925_073544/30410186/ccs	0.999959	43.8722	4898	99.96
m21038_250828_053717/228787963/ccs	0.994008	22.2243	9277	99.86
m21038_250925_073544/182848506/ccs	0.999758	36.1618	17324	99.94
m21038_250828_053717/19727046/ccs	0.997076	25.3402	21347	99.91
m21038_250828_053717/168496648/ccs	0.9996	33.9794	22168	99.95
m21038_250925_073544/191825991/ccs	0.99975	36.0206	17256	99.83
m21038_250925_073544/50861693/ccs	0.997402	25.8536	34621	99.90
m21038_250828_053717/120914706/ccs	0.999824	37.5449	17014	99.82
m21038_250925_073544/162268379/ccs	0.999999	60	6279	99.84
m21038_250828_053717/74122034/ccs	0.994136	22.3181	5869	99.90
m21038_250828_053717/90379499/ccs	0.999451	32.6043	8138	99.91
m21038_250828_053717/218695216/ccs	0.999774	36.4589	8784	99.92
m21038_250828_053717/249169415/ccs	0.999969	45.0864	8995	99.92
m21038_250925_073544/246613691/ccs	0.999945	42.5964	15133	99.81
m21038_250925_073544/101585038/ccs	0.997601	26.1997	21420	99.83
m21038_250925_073544/20124128/ccs	0.999983	47.6955	10276	99.93
m21038_250925_073544/84349648/ccs	0.99975	36.0206	19261	99.83
m21038_250925_073544/16058468/ccs	0.999698	35.1999	7138	99.82
m21038_250925_073544/128322269/ccs	0.999305	31.5802	8154	99.25
m21038_250828_053717/259785075/ccs	0.992872	21.4703	17612	99.16
m21038_250828_053717/161682832/ccs	0.999972	45.5284	5966	99.87
m21038_250828_053717/235930590/ccs	0.998268	27.6145	9783	99.94
m21038_250925_073544/73663828/ccs	0.996745	24.8745	26581	99.80
m21038_250828_053717/105977110/ccs	0.998216	27.4861	17678	99.94
m21038_250925_073544/33821464/ccs	0.999981	47.2125	9092	99.78
m21038_250925_073544/131924885/ccs	0.999992	50.9691	6211	99.89
m21038_250828_053717/43783456/ccs	0.999979	46.7778	3306	99.91
m21038_250828_053717/76875840/ccs	1	60	4630	99.96
m21038_250828_053717/2561554/ccs	0.999988	49.2082	4970	99.88
m21038_250828_053717/29950908/ccs	0.999785	36.6756	14913	99.21
m21038_250925_073544/105513040/ccs	0.996068	24.0539	29863	99.91
m21038_250828_053717/198378506/ccs	0.999964	44.437	2503	99.96
m21038_250828_053717/51052919/ccs	0.999994	52.2185	4685	99.79
m21038_250828_053717/75371915/ccs	0.99996	43.9794	5741	99.76
m21038_250925_073544/30343791/ccs	0.998526	28.315	6144	99.77
m21038_250828_053717/101647178/ccs	0.999988	49.2082	6042	99.77
m21038_250828_053717/135857151/ccs	0.999657	34.6471	9554	99.80
m21038_250828_053717/104533029/ccs	0.999999	60	5190	99.98
m21038_250828_053717/235407088/ccs	0.999286	31.463	12366	99.81
m21038_250925_073544/43584200/ccs	0.999393	32.1681	21141	99.85
m21038_250925_073544/98046746/ccs	0.998936	29.7306	26934	99.94
m21038_250925_073544/18550575/ccs	0.999365	31.9723	24284	99.93
m21038_250828_053717/118689805/ccs	0.999953	43.279	9299	99.95
m21038_250925_073544/3281973/ccs	0.999502	33.0277	14048	99.96
m21038_250828_053717/150933209/ccs	0.999988	49.2082	4262	100.00
m21038_250925_073544/180620032/ccs	1	60	4005	99.70
m21038_250925_073544/197399457/ccs	0.997978	26.9422	12487	99.15
m21038_250828_053717/10291576/ccs	0.997784	26.5443	25060	99.92
m21038_250828_053717/71897716/ccs	0.999761	36.216	5087	99.74
m21038_250828_053717/260309236/ccs	0.997433	25.9057	27058	99.85
m21038_250828_053717/28249609/ccs	0.999742	35.8838	8982	99.96
m21038_250828_053717/256640168/ccs	0.999403	32.2403	19089	99.93
m21038_250828_053717/71762937/ccs	0.998509	28.2652	4277	99.95
m21038_250828_053717/65734914/ccs	0.999956	43.5655	13051	99.96
m21038_250828_053717/218497620/ccs	0.999936	41.9382	2938	99.73
m21038_250828_053717/247531486/ccs	1	60	2702	99.93
m21038_250925_073544/129766320/ccs	0.999404	32.2475	4812	99.94
m21038_250828_053717/233833462/ccs	0.999984	47.9588	6941	99.33
m21038_250828_053717/212074797/ccs	0.999906	40.2687	11850	99.87
m21038_250925_073544/241371102/ccs	0.99503	23.0364	16686	99.83
m21038_250925_073544/174984099/ccs	0.999862	38.6012	6706	99.87
m21038_250925_073544/118493914/ccs	0.999107	30.4915	3535	99.94
m21038_250925_073544/87491005/ccs	0.994227	22.386	22145	99.90
m21038_250828_053717/198247255/ccs	0.999949	42.9243	4833	99.83
m21038_250828_053717/51254202/ccs	0.999987	48.8606	9109	99.46
m21038_250925_073544/246940738/ccs	0.999726	35.6225	8156	99.46
m21038_250828_053717/145953473/ccs	0.992556	21.2819	4891	99.90
m21038_250828_053717/163319316/ccs	0.999021	30.0922	4338	99.86
m21038_250925_073544/123537732/ccs	0.999827	37.6195	16001	99.92
m21038_250828_053717/143852011/ccs	0.999994	52.2185	5533	99.96
m21038_250828_053717/88151057/ccs	0.999707	35.3313	21712	99.89
m21038_250828_053717/138610827/ccs	0.999802	37.0333	8229	99.95
m21038_250828_053717/41222365/ccs	0.99996	43.9794	9195	99.92
m21038_250925_073544/53674841/ccs	0.993685	21.9963	17321	99.79
m21038_250925_073544/148898710/ccs	0.9999	40	21471	99.93
m21038_250828_053717/20385500/ccs	0.999998	56.9897	3738	99.42
m21038_250925_073544/88411356/ccs	0.999502	33.0277	7146	99.93
m21038_250828_053717/46858418/ccs	0.999992	50.9691	3122	99.90
m21038_250925_073544/183046887/ccs	0.999088	30.4001	4460	99.98
m21038_250828_053717/255066344/ccs	0.999883	39.3181	5238	100.00
m21038_250925_073544/94900370/ccs	0.999597	33.9469	13693	99.92
m21038_250925_073544/226494736/ccs	0.999997	55.2288	4930	99.98
m21038_250925_073544/223937367/ccs	0.999976	46.1979	8198	99.90
m21038_250828_053717/52105191/ccs	0.999982	47.4473	9812	99.91
m21038_250828_053717/134677355/ccs	0.999969	45.0864	7136	99.89
m21038_250925_073544/55052915/ccs	0.999828	37.6447	17606	99.91
m21038_250828_053717/183239130/ccs	0.999904	40.1773	7825	99.91
m21038_250828_053717/165090192/ccs	0.999985	48.2391	4841	99.94
m21038_250828_053717/82248972/ccs	0.999849	38.2102	6188	99.93
m21038_250828_053717/90051878/ccs	0.997607	26.2106	14501	99.92
m21038_250925_073544/59969769/ccs	0.999483	32.8651	23033	99.88
m21038_250925_073544/233899984/ccs	0.999993	51.549	11445	99.90
m21038_250828_053717/223937312/ccs	1	60	7329	99.92
m21038_250925_073544/41685677/ccs	0.99998	46.9897	4720	99.96
m21038_250828_053717/214499694/ccs	0.999913	40.6048	4607	99.91
m21038_250925_073544/143854276/ccs	0.999635	34.3771	7150	99.87
m21038_250925_073544/187171373/ccs	0.996455	24.5038	24812	99.89
m21038_250828_053717/130879685/ccs	0.999704	35.2871	5949	99.85
m21038_250925_073544/78645105/ccs	0.999926	41.3077	7075	99.87
m21038_250925_073544/227870610/ccs	0.999947	42.7572	6215	99.85
m21038_250828_053717/192154506/ccs	0.999653	34.5967	8138	99.88
m21038_250925_073544/143136359/ccs	0.999593	33.9041	18323	99.87
m21038_250925_073544/88408273/ccs	0.999808	37.167	20839	99.92
m21038_250828_053717/140710880/ccs	0.999985	48.2391	3131	99.74
m21038_250828_053717/60360000/ccs	0.999222	31.0902	5469	99.45
m21038_250828_053717/4658623/ccs	0.999345	31.8376	7217	99.93
m21038_250828_053717/128586301/ccs	1	60	4613	99.93
m21038_250828_053717/193661792/ccs	0.995355	23.3301	13257	99.82
m21038_250828_053717/227279576/ccs	0.999176	30.8407	22283	99.62
m21038_250925_073544/155386754/ccs	0.999906	40.2687	15462	99.87
m21038_250925_073544/104797921/ccs	0.999995	53.0103	3931	99.95
m21038_250828_053717/96864957/ccs	0.999643	34.4733	6866	99.96
m21038_250925_073544/189861596/ccs	0.999869	38.8273	10320	99.96
m21038_250828_053717/85006189/ccs	0.999574	33.7059	23535	99.68
m21038_250925_073544/87495628/ccs	0.99989	39.5861	5965	99.92
m21038_250925_073544/112528406/ccs	0.995289	23.2689	28167	99.86
m21038_250925_073544/149029693/ccs	0.999144	30.6753	34604	99.71
m21038_250828_053717/231342172/ccs	0.999361	31.945	30200	99.87
m21038_250925_073544/204276913/ccs	0.997393	25.8386	24369	99.62
m21038_250925_073544/142414280/ccs	0.99765	26.2893	24487	99.63
m21038_250828_053717/93523372/ccs	0.999674	34.8678	3149	99.97
m21038_250828_053717/75369543/ccs	0.999862	38.6012	15007	99.87
m21038_250828_053717/66454828/ccs	0.999455	32.636	23354	99.96
m21038_250925_073544/92014558/ccs	0.998505	28.2536	35490	99.82
m21038_250828_053717/157947369/ccs	0.999964	44.437	7616	99.97
m21038_250828_053717/52298277/ccs	0.999543	33.4008	17249	99.95
m21038_250925_073544/108593732/ccs	0.999853	38.3268	12087	99.86
m21038_250925_073544/181998744/ccs	0.998029	27.0531	19392	99.95
m21038_250828_053717/123012734/ccs	0.999897	39.8716	15276	99.96
m21038_250828_053717/93983581/ccs	0.999967	44.8149	6022	99.97
m21038_250925_073544/31850640/ccs	0.993417	21.8158	17275	99.92
m21038_250925_073544/174462131/ccs	0.999912	40.5552	12909	99.86
m21038_250828_053717/130354619/ccs	0.999927	41.3668	6916	99.94
m21038_250828_053717/69145710/ccs	0.997494	26.0102	30324	99.66
m21038_250925_073544/12780765/ccs	0.999431	32.4489	20285	99.96
m21038_250828_053717/54400859/ccs	0.999993	51.549	10454	99.87
m21038_250925_073544/94770254/ccs	0.999988	49.2082	11412	99.87
m21038_250925_073544/124192108/ccs	0.999505	33.0539	25007	99.69
m21038_250828_053717/240255736/ccs	0.999808	37.167	9169	99.52
m21038_250828_053717/57415020/ccs	0.999718	35.4975	22877	99.94
m21038_250925_073544/243861434/ccs	0.99996	43.9794	9448	99.85
m21038_250925_073544/98111603/ccs	0.999463	32.7003	27339	99.56
m21038_250828_053717/263652471/ccs	0.999903	40.1323	7955	99.86
m21038_250828_053717/210960898/ccs	0.999986	48.5387	9420	99.94
m21038_250828_053717/16516232/ccs	0.997102	25.379	25200	99.55
m21038_250828_053717/265749863/ccs	0.99998	46.9897	12649	99.88
m21038_250925_073544/158732547/ccs	0.999725	35.6067	9642	99.96
m21038_250925_073544/175571573/ccs	0.998528	28.3209	23811	99.76
m21038_250828_053717/25886970/ccs	1	60	3181	99.94
m21038_250828_053717/158143753/ccs	0.999368	31.9928	17693	99.71
m21038_250925_073544/213714218/ccs	0.999997	55.2288	6908	99.03
m21038_250925_073544/172622710/ccs	0.999723	35.5752	18712	99.95
m21038_250828_053717/233638720/ccs	0.999096	30.4383	14812	99.70
m21038_250828_053717/28967076/ccs	0.999987	48.8606	6848	99.94
m21038_250828_053717/218237439/ccs	1	60	3350	99.82
m21038_250828_053717/144576468/ccs	0.99865	28.6967	17785	99.76
m21038_250828_053717/73600941/ccs	0.99997	45.2288	6359	99.94
m21038_250828_053717/56691036/ccs	0.999987	48.8606	4807	99.02
m21038_250925_073544/101782493/ccs	0.999849	38.2102	20141	99.61
m21038_250828_053717/84218162/ccs	0.997494	26.0102	29167	99.74
m21038_250925_073544/157091517/ccs	1	60	4438	99.89
m21038_250828_053717/2558437/ccs	0.999984	47.9588	5240	99.56
m21038_250828_053717/161682375/ccs	0.99939	32.1467	27380	99.59
m21038_250925_073544/85263073/ccs	0.999981	47.2125	6240	99.52
m21038_250925_073544/240585625/ccs	0.990111	20.0485	14596	99.86
m21038_250828_053717/81596731/ccs	0.999931	41.6115	12013	99.68
m21038_250828_053717/258280140/ccs	0.994191	22.359	20172	99.90
m21038_250925_073544/196347576/ccs	1	60	5763	99.48
m21038_250828_053717/33425993/ccs	1	60	3363	99.85
m21038_250828_053717/105059300/ccs	0.999333	31.7587	27025	99.59
m21038_250925_073544/138480167/ccs	0.999775	36.4782	6380	99.92
m21038_250925_073544/89589334/ccs	0.999306	31.5864	24187	99.60
m21038_250925_073544/30742199/ccs	0.999992	50.9691	5788	99.93
m21038_250925_073544/62591772/ccs	0.99999	50	4864	99.90
m21038_250828_053717/67704497/ccs	0.999989	49.5861	11014	99.95
m21038_250925_073544/103416820/ccs	0.999989	49.5861	11743	99.68
m21038_250828_053717/134875610/ccs	0.999381	32.0831	8794	99.70
m21038_250828_053717/236192793/ccs	0.999084	30.381	25871	99.57
m21038_250925_073544/150275953/ccs	0.999986	48.5387	10766	99.90
m21038_250828_053717/74780181/ccs	0.999172	30.8197	17890	99.73
m21038_250828_053717/123208928/ccs	0.997816	26.6075	22802	99.83
m21038_250828_053717/160825850/ccs	1	60	4213	99.95
m21038_250925_073544/215876426/ccs	0.999853	38.3268	11684	99.73
m21038_250828_053717/91097793/ccs	0.997909	26.7965	23004	99.75
m21038_250925_073544/34410973/ccs	0.999837	37.8781	14974	99.81
m21038_250828_053717/45679723/ccs	0.999982	47.4473	9679	99.90
m21038_250925_073544/61606549/ccs	0.999482	32.8567	11780	99.92
m21038_250828_053717/28639945/ccs	0.999888	39.5078	4133	99.93
m21038_250828_053717/54594280/ccs	0.999998	56.9897	3276	99.76
m21038_250828_053717/192218836/ccs	0.999974	45.8503	4191	99.93
m21038_250925_073544/60820044/ccs	0.99978	36.5758	22864	99.58
m21038_250828_053717/164763455/ccs	0.999941	42.2915	7070	99.76
m21038_250828_053717/94175568/ccs	0.998508	28.2623	21244	99.58
m21038_250828_053717/75432017/ccs	0.999643	34.4733	19166	99.60
m21038_250925_073544/37685792/ccs	0.99922	31.0791	27797	99.60
m21038_250925_073544/174786895/ccs	0.999994	52.2185	8997	99.87
m21038_250828_053717/29036124/ccs	0.999644	34.4855	16945	99.91
m21038_250828_053717/6031739/ccs	0.999992	50.9691	7000	99.80
m21038_250828_053717/10881782/ccs	0.99998	46.9897	7828	99.99
m21038_250828_053717/93067143/ccs	0.999961	44.0894	4575	99.85
m21038_250925_073544/116134687/ccs	0.99928	31.4267	29465	99.78
m21038_250828_053717/63179280/ccs	0.999875	39.0309	8642	99.99
m21038_250828_053717/74320430/ccs	0.999991	50.4576	7471	99.81
m21038_250828_053717/76678056/ccs	0.992643	21.333	19381	99.81
m21038_250828_053717/132776822/ccs	0.999883	39.3181	19252	99.58
m21038_250828_053717/168496693/ccs	0.999875	39.0309	7626	99.86
m21038_250828_053717/51582625/ccs	0.999981	47.2125	4429	99.95
m21038_250828_053717/27919642/ccs	0.999727	35.6384	16083	99.60
m21038_250925_073544/41094790/ccs	0.996332	24.3557	10651	99.91
m21038_250828_053717/114821018/ccs	0.999974	45.8503	7314	99.99
m21038_250828_053717/17957627/ccs	0.999986	48.5387	5926	100.00
m21038_250828_053717/138610645/ccs	0.997338	25.7479	26218	99.59
m21038_250828_053717/233310855/ccs	0.999246	31.2263	3820	99.95
m21038_250925_073544/18944430/ccs	0.999676	34.8945	19225	99.61
m21038_250828_053717/219023918/ccs	0.999412	32.3062	23618	99.81
m21038_250828_053717/125633376/ccs	0.999023	30.1011	20066	99.58
m21038_250925_073544/108331065/ccs	0.999962	44.2022	8347	99.98
m21038_250828_053717/150341735/ccs	0.999999	60	7965	99.87
m21038_250925_073544/191955351/ccs	0.99995	43.0103	16848	99.87
m21038_250828_053717/106696643/ccs	0.999921	41.0237	14983	99.89
m21038_250925_073544/62068411/ccs	1	60	5076	99.88
m21038_250828_053717/154667458/ccs	0.998739	28.9928	10631	99.97
m21038_250828_053717/129439422/ccs	0.997736	26.4512	15859	99.63
m21038_250828_053717/198444622/ccs	0.999987	48.8606	8859	99.98
m21038_250925_073544/73405417/ccs	0.999872	38.9279	12009	99.85
m21038_250925_073544/118626161/ccs	0.999171	30.8145	18890	99.81
m21038_250828_053717/54398196/ccs	0.999998	56.9897	6735	99.87
m21038_250828_053717/70063034/ccs	0.999964	44.437	6817	99.90
m21038_250925_073544/207881300/ccs	0.999622	34.2251	12988	99.90
m21038_250925_073544/215812092/ccs	0.99585	23.8195	28313	99.63
m21038_250828_053717/85460349/ccs	0.999988	49.2082	4230	99.88
m21038_250828_053717/139133893/ccs	0.997962	26.908	23665	99.82
m21038_250828_053717/258804562/ccs	0.999783	36.6354	11545	99.85
m21038_250925_073544/138546627/ccs	1	60	6520	99.97
m21038_250925_073544/28641341/ccs	0.996573	24.6509	27592	99.91
m21038_250828_053717/47451525/ccs	1	60	3464	99.97
m21038_250828_053717/50662024/ccs	0.999795	36.8825	13827	99.87
m21038_250925_073544/83892023/ccs	0.999973	45.6864	8820	99.97
m21038_250828_053717/236585964/ccs	0.999999	60	5557	99.86
m21038_250828_053717/222823752/ccs	0.999966	44.6852	4061	99.90
m21038_250828_053717/83235408/ccs	0.99999	50	7014	99.91
m21038_250925_073544/2949936/ccs	0.999508	33.0803	22268	99.73
m21038_250925_073544/44762671/ccs	0.999995	53.0103	5056	99.88
m21038_250828_053717/194644009/ccs	1	60	2199	99.82
m21038_250828_053717/20318115/ccs	0.999978	46.5758	6556	99.89
m21038_250925_073544/12850871/ccs	0.998529	28.3239	29136	99.75
m21038_250925_073544/70914828/ccs	0.999896	39.8297	12646	99.92
m21038_250828_053717/157488322/ccs	0.996188	24.1885	5619	99.84
m21038_250925_073544/161415501/ccs	0.999945	42.5964	10159	99.88
m21038_250925_073544/145821920/ccs	0.999915	40.7058	6815	99.90
m21038_250828_053717/236717486/ccs	0.99972	35.5284	7252	99.86
m21038_250828_053717/5768778/ccs	0.999982	47.4473	8743	99.89
m21038_250828_053717/234292135/ccs	0.999361	31.945	15908	99.92
m21038_250925_073544/221840512/ccs	0.999987	48.8606	4442	99.95
m21038_250925_073544/199557216/ccs	0.998888	29.539	18907	99.90
m21038_250925_073544/157878960/ccs	0.999989	49.5861	8801	99.82
m21038_250828_053717/210044059/ccs	1	60	3123	99.97
m21038_250925_073544/250152447/ccs	0.999556	33.5262	15107	99.77
m21038_250925_073544/6555749/ccs	1	60	6568	99.86
m21038_250828_053717/233374103/ccs	1	60	4173	99.88
m21038_250828_053717/11403938/ccs	0.999836	37.8516	3978	99.87
m21038_250925_073544/119346647/ccs	0.999915	40.7058	18245	99.77
m21038_250828_053717/148048621/ccs	0.999784	36.6555	5708	99.93
m21038_250925_073544/173740403/ccs	0.999998	56.9897	9661	99.84
m21038_250828_053717/4916294/ccs	1	60	2803	99.89
m21038_250925_073544/134087163/ccs	0.998923	29.6778	26894	99.78
m21038_250828_053717/41159195/ccs	1	60	2313	99.96
m21038_250828_053717/66786837/ccs	0.999999	60	6388	99.94
m21038_250925_073544/76484038/ccs	0.992907	21.4917	16707	99.61
m21038_250828_053717/3937577/ccs	0.999969	45.0864	2726	100.00
m21038_250925_073544/78186044/ccs	0.99699	25.2143	5540	99.84
m21038_250925_073544/99750242/ccs	0.999951	43.098	3628	99.89
m21038_250925_073544/135271813/ccs	0.996905	25.0934	22297	99.51
m21038_250925_073544/111153578/ccs	0.999865	38.6967	7498	99.92
m21038_250828_053717/112136026/ccs	0.99983	37.6955	6004	99.78
m21038_250925_073544/200542335/ccs	0.998659	28.7257	21719	99.50
m21038_250828_053717/46596542/ccs	0.999629	34.3063	12714	99.80
m21038_250925_073544/15271740/ccs	0.991397	20.6535	15738	99.63
m21038_250828_053717/189335337/ccs	0.999958	43.7675	3976	99.85
m21038_250828_053717/99811463/ccs	0.999932	41.6749	11822	99.91
m21038_250925_073544/39917271/ccs	1	60	5133	99.81
m21038_250828_053717/169281064/ccs	0.998602	28.5449	5390	99.89
m21038_250925_073544/80348913/ccs	1	60	3494	99.83
m21038_250828_053717/244844303/ccs	0.999597	33.9469	16075	99.79
m21038_250828_053717/73732629/ccs	0.999968	44.9485	5761	99.77
m21038_250828_053717/161418497/ccs	0.999894	39.7469	3929	99.85
m21038_250828_053717/58198138/ccs	0.999789	36.7572	8272	99.85
m21038_250925_073544/110562132/ccs	0.999819	37.4232	3847	99.77
m21038_250828_053717/144053245/ccs	1	60	5996	99.90
m21038_250828_053717/123276402/ccs	0.999971	45.376	7429	99.81
m21038_250828_053717/112989353/ccs	0.999965	44.5593	5600	99.89
m21038_250828_053717/129568416/ccs	0.999941	42.2915	4215	99.88
m21038_250925_073544/99747470/ccs	0.999975	46.0206	5814	99.85
m21038_250925_073544/126292661/ccs	0.999759	36.1798	15332	99.78
m21038_250925_073544/200213638/ccs	1	60	3895	99.74
m21038_250925_073544/172164382/ccs	0.999998	56.9897	4417	99.82
m21038_250828_053717/199363308/ccs	0.999988	49.2082	3424	99.71
m21038_250828_053717/74776924/ccs	0.999978	46.5758	6420	99.91
m21038_250925_073544/79823874/ccs	0.999029	30.1278	6247	99.76
m21038_250828_053717/106370956/ccs	0.999829	37.67	16393	99.76
m21038_250925_073544/240649830/ccs	0.999981	47.2125	7094	99.90
m21038_250925_073544/16778597/ccs	0.999071	30.3198	11026	99.91
m21038_250925_073544/179766957/ccs	0.999895	39.7881	10253	99.79
m21038_250828_053717/31852003/ccs	0.995283	23.2633	10590	99.57
m21038_250925_073544/248971418/ccs	0.998993	29.9697	16827	99.75
m21038_250828_053717/104729446/ccs	0.999848	38.1816	8722	99.69
m21038_250828_053717/72945968/ccs	0.999997	55.2288	2929	99.90
m21038_250925_073544/12059514/ccs	0.996684	24.7939	11491	99.91
m21038_250828_053717/27067181/ccs	0.999462	32.6922	19306	99.72
m21038_250828_053717/221446682/ccs	0.999975	46.0206	2431	99.79
m21038_250828_053717/165219845/ccs	0.999843	38.041	6090	99.67
m21038_250925_073544/36373644/ccs	0.999883	39.3181	6187	99.74
m21038_250828_053717/81134499/ccs	1	60	3068	99.77
m21038_250828_053717/233112664/ccs	0.999998	56.9897	6977	99.66
m21038_250828_053717/2821804/ccs	0.999524	33.2239	4574	99.78
m21038_250828_053717/141757766/ccs	0.99557	23.536	15152	99.71
m21038_250828_053717/162268118/ccs	0.998963	29.8422	6533	99.65
m21038_250828_053717/200541191/ccs	0.999984	47.9588	5058	99.64
m21038_250828_053717/242287037/ccs	0.998832	29.3256	3903	99.85
m21038_250925_073544/41945313/ccs	0.999513	33.1247	9812	99.62
m21038_250828_053717/170721811/ccs	1	60	3175	99.87
m21038_250828_053717/79629821/ccs	0.999911	40.5061	8341	99.71
m21038_250925_073544/40769385/ccs	0.999623	34.2366	10604	99.76
m21038_250925_073544/193135769/ccs	0.999722	35.5596	16710	99.73
m21038_250925_073544/256772256/ccs	0.999863	38.6328	9911	99.76
m21038_250828_053717/119343588/ccs	0.999993	51.549	4572	99.91
m21038_250828_053717/139135391/ccs	0.999933	41.7393	5905	99.92
m21038_250828_053717/56297556/ccs	0.998022	27.0377	12743	99.71
m21038_250925_073544/252251124/ccs	0.999976	46.1979	5820	99.91
m21038_250828_053717/135729361/ccs	0.997857	26.6898	13764	99.74
m21038_250925_073544/246549289/ccs	0.999985	48.2391	8836	99.93
m21038_250925_073544/75369609/ccs	0.999921	41.0237	4629	99.68
m21038_250925_073544/56296685/ccs	0.999859	38.5078	14397	99.72
m21038_250925_073544/102435268/ccs	0.992962	21.5255	29470	99.59
m21038_250828_053717/88869336/ccs	0.998732	28.9688	5845	99.91
m21038_250828_053717/163840661/ccs	0.997392	25.8369	18961	99.75
m21038_250828_053717/48301579/ccs	0.999872	38.9279	12563	99.75
m21038_250828_053717/226296728/ccs	0.999995	53.0103	7766	99.73
m21038_250828_053717/65410847/ccs	0.999904	40.1773	16321	99.83
m21038_250828_053717/214829944/ccs	0.999506	33.0627	12210	99.92
m21038_250925_073544/237438355/ccs	0.999969	45.0864	6057	99.75
m21038_250925_073544/80479311/ccs	0.999987	48.8606	3908	99.74
m21038_250828_053717/30673399/ccs	0.995366	23.3404	5645	99.50
m21038_250925_073544/98568748/ccs	0.999561	33.5754	21066	99.68
m21038_250925_073544/30804220/ccs	0.99997	45.2288	3723	99.73
m21038_250925_073544/197201932/ccs	0.999624	34.2481	17166	99.70
m21038_250925_073544/16519974/ccs	0.999174	30.8302	4340	99.79
m21038_250828_053717/155058579/ccs	0.998241	27.5473	5162	99.94
m21038_250828_053717/216531254/ccs	0.999869	38.8273	9923	99.91
m21038_250925_073544/186583903/ccs	0.999886	39.431	4325	99.79
m21038_250925_073544/165022185/ccs	0.995356	23.3311	3669	99.78
m21038_250925_073544/177145223/ccs	0.999206	31.0018	6669	99.65
m21038_250828_053717/7930084/ccs	0.999988	49.2082	8317	99.74
m21038_250828_053717/191693473/ccs	0.999864	38.6646	7416	99.19
m21038_250828_053717/113448325/ccs	0.999972	45.5284	8599	99.74
m21038_250828_053717/193004376/ccs	0.999109	30.5012	6929	99.82
m21038_250925_073544/180162293/ccs	0.999981	47.2125	6430	99.18
m21038_250925_073544/131008822/ccs	0.995906	23.8785	16262	99.54
m21038_250828_053717/64951200/ccs	0.999812	37.2584	14177	99.59
m21038_250828_053717/19794591/ccs	0.999997	55.2288	5241	98.74
m21038_250828_053717/226951349/ccs	0.99999	50	5431	99.79
m21038_250925_073544/130289031/ccs	0.999984	47.9588	4419	99.68
m21038_250828_053717/132780298/ccs	0.999973	45.6864	7984	99.56
m21038_250828_053717/8982928/ccs	0.999893	39.7062	5387	98.78
m21038_250828_053717/52888475/ccs	0.999348	31.8575	5964	98.78
m21038_250828_053717/84151510/ccs	0.991072	20.4925	4202	99.76
m21038_250828_053717/47518650/ccs	0.998661	28.7322	8649	99.54
m21038_250925_073544/230885597/ccs	0.998708	28.8874	13442	99.49
m21038_250925_073544/4657949/ccs	0.999919	40.9151	10228	99.49
m21038_250828_053717/245107385/ccs	0.999914	40.655	12047	99.29
m21038_250828_053717/11469242/ccs	0.995248	23.2312	4291	99.69
m21038_250828_053717/186975173/ccs	0.999129	30.5998	5693	99.65
m21038_250925_073544/175443762/ccs	0.996166	24.1635	9337	99.60
m21038_250828_053717/90178036/ccs	0.999999	60	3295	99.97
m21038_250828_053717/46208408/ccs	0.999966	44.6852	11310	99.74
m21038_250828_053717/160765649/ccs	0.999847	38.1531	10108	99.74
m21038_250828_053717/25560731/ccs	0.999965	44.5593	9817	99.74
m21038_250828_053717/104925594/ccs	0.999845	38.0967	9411	99.93
m21038_250828_053717/99092865/ccs	0.999552	33.4872	21334	99.86
m21038_250828_053717/184551726/ccs	0.999408	32.2768	21926	99.86
m21038_250828_053717/75828911/ccs	0.99834	27.7989	5686	99.88
m21038_250925_073544/53936995/ccs	0.999851	38.2681	9097	99.72
m21038_250828_053717/13631795/ccs	0.998884	29.5234	5558	99.89
m21038_250925_073544/59708960/ccs	0.999657	34.6471	16657	99.85
m21038_250925_073544/83364086/ccs	0.998541	28.3594	26404	99.40
m21038_250925_073544/107809630/ccs	0.998167	27.3684	19058	99.38
m21038_250828_053717/201916590/ccs	0.999982	47.4473	2687	99.93
m21038_250828_053717/119867602/ccs	0.999924	41.1919	2813	99.72
m21038_250925_073544/36896826/ccs	0.999509	33.0892	18335	99.40
m21038_250925_073544/195040155/ccs	0.999912	40.5552	10423	99.82
m21038_250925_073544/184946063/ccs	0.999429	32.4336	24775	99.41
m21038_250828_053717/82186291/ccs	0.999395	32.1824	22204	99.35
m21038_250828_053717/184812155/ccs	0.999697	35.1856	7006	99.76
m21038_250828_053717/44830857/ccs	0.999988	49.2082	7024	99.81
m21038_250925_073544/144315144/ccs	0.998998	29.9913	6929	99.83
m21038_250925_073544/148246528/ccs	0.999954	43.3724	6750	99.81
m21038_250925_073544/139334580/ccs	0.999864	38.6646	5375	99.81
m21038_250828_053717/131339866/ccs	0.999986	48.5387	4694	99.74
m21038_250828_053717/65012647/ccs	0.999986	48.5387	4994	99.76
m21038_250828_053717/54202811/ccs	0.999981	47.2125	5506	99.76
m21038_250828_053717/113248620/ccs	0.999874	38.9963	9243	99.42
m21038_250828_053717/121180330/ccs	0.999588	33.851	11232	99.42
m21038_250925_073544/216793487/ccs	1	60	4654	99.76
m21038_250828_053717/34214702/ccs	0.999988	49.2082	5438	99.85
m21038_250925_073544/149623104/ccs	0.997722	26.4245	8814	99.47
m21038_250925_073544/41816730/ccs	0.999993	51.549	8214	99.44
m21038_250925_073544/34865918/ccs	0.999934	41.8046	3899	99.46
m21038_250925_073544/68815569/ccs	0.998019	27.0312	5583	99.35
m21038_250828_053717/63837764/ccs	0.999888	39.5078	6357	97.40
m21038_250925_073544/209062438/ccs	0.993932	22.1695	20137	98.04
m21038_250925_073544/6883112/ccs	0.999698	35.1999	8151	98.80
m21038_250828_053717/9503061/ccs	0.999981	47.2125	4887	98.68
m21038_250925_073544/55776508/ccs	0.999441	32.5259	13346	98.85
m21038_250828_053717/152964184/ccs	0.999679	34.9349	8487	99.63
m21038_250925_073544/94307273/ccs	0.99953	33.279	15269	98.15
m21038_250828_053717/214763302/ccs	0.999993	51.549	4585	98.84
m21038_250925_073544/113707880/ccs	1	60	5391	99.61
m21038_250925_073544/103485353/ccs	0.998848	29.3855	21361	98.60
m21038_250828_053717/245499948/ccs	0.999977	46.3827	9586	99.02
m21038_250925_073544/35130108/ccs	0.999697	35.1856	5532	99.64
m21038_250925_073544/201850974/ccs	0.999951	43.098	8177	99.20
m21038_250925_073544/14815050/ccs	0.998299	27.693	15422	98.58
m21038_250925_073544/231735415/ccs	0.999989	49.5861	9476	98.97
m21038_250828_053717/72029882/ccs	0.999061	30.2733	21361	98.56
m21038_250925_073544/187892587/ccs	0.999981	47.2125	10469	98.92
m21038_250925_073544/77272730/ccs	0.999998	56.9897	5078	98.48
m21038_250828_053717/91491029/ccs	0.999979	46.7778	7618	98.51
m21038_250925_073544/171442417/ccs	0.994117	22.304	14669	98.52
m21038_250828_053717/3149665/ccs	0.996516	24.5792	6134	99.12
m21038_250925_073544/67376097/ccs	0.999989	49.5861	6524	99.20
m21038_250828_053717/182323698/ccs	1	60	5456	99.14
m21038_250925_073544/110887665/ccs	1	60	6397	99.12
m21038_250828_053717/51185793/ccs	0.999984	47.9588	6908	99.01
m21038_250828_053717/159388106/ccs	0.999513	33.1247	4933	99.39
m21038_250828_053717/156568492/ccs	1	60	4615	99.46
m21038_250828_053717/175376645/ccs	0.995031	23.0373	4447	99.29
m21038_250925_073544/21692696/ccs	0.999032	30.1412	22020	98.54
m21038_250925_073544/107940048/ccs	0.99988	39.2082	6769	98.94
m21038_250925_073544/185340476/ccs	0.999999	60	3008	99.43
m21038_250828_053717/81265639/ccs	1	60	5123	98.83
m21038_250925_073544/98111579/ccs	0.998348	27.8199	16619	98.90
m21038_250925_073544/264635631/ccs	0.999477	32.815	19397	98.45
m21038_250828_053717/260965510/ccs	0.999983	47.6955	8797	98.88
m21038_250828_053717/182780450/ccs	0.999878	39.1364	15542	98.38
m21038_250925_073544/174851271/ccs	0.99711	25.391	16020	98.40
m21038_250828_053717/94832909/ccs	0.999457	32.652	7440	98.44
m21038_250828_053717/91884574/ccs	0.999591	33.8828	8229	98.37
m21038_250828_053717/76680086/ccs	0.999987	48.8606	4807	98.50
m21038_250828_053717/46468150/ccs	0.999767	36.3264	4557	98.59
m21038_250925_073544/88606888/ccs	0.999971	45.376	8478	98.24
m21038_250828_053717/136120038/ccs	0.999353	31.891	15783	98.36
m21038_250828_053717/36635311/ccs	0.999827	37.6195	3769	98.33
m21038_250828_053717/116064951/ccs	0.999989	49.5861	8241	98.70
m21038_250828_053717/203620688/ccs	1	60	7186	98.02
m21038_250828_053717/15075416/ccs	1	60	3883	99.95
m21038_250828_053717/120459529/ccs	1	60	5555	99.89
m21038_250828_053717/138544480/ccs	0.999921	41.0237	11887	98.34
m21038_250925_073544/74386944/ccs	0.999939	42.1467	5417	98.39
m21038_250925_073544/79955281/ccs	0.999563	33.5952	6027	98.01
m21038_250828_053717/47776530/ccs	0.999988	49.2082	3940	98.19
m21038_250828_053717/37883570/ccs	1	60	5556	98.49
m21038_250925_073544/31788672/ccs	0.999999	60	4674	98.54
m21038_250925_073544/84738308/ccs	0.999935	41.8709	5492	98.24
m21038_250828_053717/156762561/ccs	0.999986	48.5387	6640	98.17
m21038_250828_053717/259000858/ccs	0.999537	33.3442	11084	99.97
m21038_250828_053717/242287974/ccs	0.999525	33.2331	15264	99.54
m21038_250828_053717/265489149/ccs	0.999995	53.0103	10149	99.51
m21038_250828_053717/251135125/ccs	0.999994	52.2185	7930	99.32
m21038_250828_053717/77530815/ccs	0.999768	36.3451	10012	99.43
m21038_250925_073544/188416826/ccs	0.999998	56.9897	11557	99.97
m21038_250925_073544/87425372/ccs	0.999256	31.2843	14033	99.48
m21038_250925_073544/102566891/ccs	1	60	4421	99.92
m21038_250828_053717/152243822/ccs	0.999362	31.9518	22203	99.98
m21038_250828_053717/133759743/ccs	0.998768	29.0939	28561	99.56
m21038_250828_053717/48039879/ccs	0.999074	30.3339	9103	99.95
m21038_250925_073544/54596932/ccs	0.997977	26.94	37101	99.97
m21038_250925_073544/258607310/ccs	0.993269	21.7192	15755	99.47
m21038_250925_073544/131995473/ccs	0.995939	23.9137	8281	99.36
m21038_250925_073544/24709866/ccs	0.997318	25.7154	12660	99.96
m21038_250828_053717/153944969/ccs	0.997786	26.5482	28229	99.57
m21038_250828_053717/267717051/ccs	1	60	4982	99.44
m21038_250828_053717/80809555/ccs	0.999845	38.0967	7497	99.55
m21038_250925_073544/133826087/ccs	0.999878	39.1364	11791	99.97
m21038_250925_073544/115082763/ccs	0.999992	50.9691	5993	99.48
m21038_250828_053717/82645103/ccs	1	60	3796	99.92
m21038_250828_053717/165089630/ccs	0.999997	55.2288	7242	99.54
m21038_250828_053717/249627418/ccs	0.999985	48.2391	4124	99.93
m21038_250925_073544/87233656/ccs	1	60	3163	99.91
m21038_250828_053717/39715921/ccs	1	60	3810	99.92
m21038_250828_053717/102761798/ccs	0.995296	23.2753	5647	99.56
m21038_250925_073544/226953522/ccs	1	60	5441	99.30
m21038_250925_073544/267649426/ccs	0.99994	42.2185	16220	99.67
m21038_250925_073544/110103373/ccs	0.999857	38.4466	6439	99.95
m21038_250925_073544/228066529/ccs	0.999967	44.8149	8759	99.97
m21038_250828_053717/268372355/ccs	0.999918	40.8619	11827	99.69
m21038_250925_073544/61345873/ccs	0.99997	45.2288	11485	99.97
m21038_250828_053717/95096406/ccs	0.995723	23.6886	7203	99.62
m21038_250828_053717/171245654/ccs	0.999831	37.7211	5582	99.59
m21038_250828_053717/169546652/ccs	0.999982	47.4473	6269	99.95
m21038_250925_073544/56819961/ccs	0.999973	45.6864	7345	99.65
m21038_250925_073544/146150205/ccs	0.999959	43.8722	7195	99.68
m21038_250828_053717/227411524/ccs	0.999987	48.8606	5868	99.97
m21038_250925_073544/194119415/ccs	0.996924	25.1201	30868	99.98
m21038_250828_053717/57610025/ccs	1	60	4851	99.65
m21038_250925_073544/117641331/ccs	0.999525	33.2331	7202	99.74
m21038_250828_053717/195824434/ccs	0.999998	56.9897	4462	99.73
m21038_250925_073544/148247425/ccs	0.999979	46.7778	3684	99.73
m21038_250828_053717/92799858/ccs	0.999527	33.2514	11839	99.97
m21038_250925_073544/86839783/ccs	0.999965	44.5593	9557	99.79
m21038_250925_073544/84413631/ccs	0.999909	40.4096	10377	99.56
m21038_250925_073544/164564396/ccs	0.999613	34.1229	5329	100.00
m21038_250828_053717/212470147/ccs	0.996334	24.3581	5296	100.00
m21038_250828_053717/22611282/ccs	0.993645	21.9688	12468	99.74
m21038_250925_073544/18945544/ccs	0.999582	33.7882	13071	99.55
m21038_250925_073544/251068757/ccs	0.999387	32.1254	10507	99.99
m21038_250828_053717/194841042/ccs	0.999997	55.2288	5617	99.79
m21038_250828_053717/102896297/ccs	0.996703	24.8188	29524	99.95
m21038_250828_053717/124456900/ccs	0.998199	27.4449	24008	99.65
m21038_250828_053717/183436004/ccs	0.999986	48.5387	11378	99.98
m21038_250925_073544/137626908/ccs	0.999612	34.1117	15908	99.53
m21038_250828_053717/112790725/ccs	0.999595	33.9254	20704	100.00
m21038_250828_053717/96079373/ccs	0.999218	31.0679	7092	100.00
m21038_250925_073544/104464724/ccs	0.999949	42.9243	10130	99.77
m21038_250925_073544/127142764/ccs	0.999961	44.0894	6252	99.44
m21038_250925_073544/224854868/ccs	0.999476	32.8067	8019	100.00
m21038_250828_053717/40831275/ccs	0.999998	56.9897	1908	99.63
m21038_250828_053717/85526568/ccs	0.999493	32.9499	15000	99.99
m21038_250828_053717/177998399/ccs	0.999998	56.9897	5413	99.65
m21038_250925_073544/255656675/ccs	0.999001	30.0043	20734	99.99
m21038_250925_073544/40043096/ccs	0.999902	40.0877	11973	99.75
m21038_250925_073544/67441091/ccs	0.999966	44.6852	9425	99.78
m21038_250925_073544/147653100/ccs	0.999169	30.804	9428	99.50
m21038_250925_073544/122293940/ccs	0.998548	28.3803	5725	100.00
m21038_250925_073544/179505010/ccs	0.999887	39.4692	6666	100.00
m21038_250828_053717/76811628/ccs	0.999957	43.6653	5764	100.00
m21038_250925_073544/94177967/ccs	0.999569	33.6552	5275	99.75
m21038_250828_053717/120720114/ccs	0.999304	31.5739	8226	99.78
m21038_250925_073544/116135267/ccs	0.995047	23.0513	13000	99.65
m21038_250925_073544/123867172/ccs	0.999395	32.1824	25651	99.99
m21038_250828_053717/94047783/ccs	0.99949	32.9243	16987	99.36
m21038_250925_073544/127142995/ccs	0.999808	37.167	19176	99.99
m21038_250925_073544/78058942/ccs	0.999917	40.8092	9195	99.79
m21038_250828_053717/192284513/ccs	0.999919	40.9151	6407	99.80
m21038_250925_073544/178785607/ccs	0.999988	49.2082	4713	100.00
m21038_250828_053717/174262890/ccs	0.999469	32.7491	24958	99.59
m21038_250828_053717/147063348/ccs	1	60	2481	100.00
m21038_250828_053717/129107985/ccs	0.999685	35.0169	2567	99.84
m21038_250925_073544/107026340/ccs	0.999693	35.1286	14175	99.99
m21038_250925_073544/24450998/ccs	0.999958	43.7675	5370	99.80
m21038_250925_073544/150079693/ccs	0.999879	39.1721	5315	99.57
m21038_250925_073544/79697605/ccs	0.996798	24.9458	27277	99.34
m21038_250925_073544/52298088/ccs	0.998651	28.6999	20319	99.53
m21038_250828_053717/64882755/ccs	0.999719	35.5129	5108	99.78
m21038_250925_073544/35916837/ccs	0.999599	33.9686	17267	99.99
m21038_250925_073544/198645521/ccs	1	60	3829	99.79
m21038_250828_053717/48432044/ccs	0.999973	45.6864	4927	99.82
m21038_250828_053717/15926052/ccs	0.999946	42.6761	11079	99.71
m21038_250828_053717/40373970/ccs	0.999928	41.4267	3914	99.57
m21038_250828_053717/151848838/ccs	0.999963	44.318	3432	100.00
m21038_250828_053717/251986325/ccs	1	60	4606	99.87
m21038_250925_073544/224920561/ccs	0.999912	40.5552	7878	99.75
m21038_250828_053717/150015851/ccs	0.998822	29.2885	24815	99.98
m21038_250828_053717/215679992/ccs	0.999884	39.3554	4693	99.77
m21038_250925_073544/170066113/ccs	0.999839	37.9317	15098	99.67
m21038_250925_073544/154339444/ccs	0.999999	60	4554	100.00
m21038_250828_053717/202440772/ccs	0.999829	37.67	18629	99.63
m21038_250828_053717/69277406/ccs	0.999723	35.5752	6099	99.79
m21038_250828_053717/48827520/ccs	0.994673	22.7352	22402	99.52
m21038_250925_073544/107286285/ccs	0.999593	33.9041	18554	99.99
m21038_250925_073544/187958481/ccs	0.99999	50	3651	100.00
m21038_250828_053717/52893508/ccs	0.999525	33.2331	4272	99.77
m21038_250828_053717/142213830/ccs	0.999791	36.7985	3547	99.46
m21038_250925_073544/169148636/ccs	0.999602	34.0012	21251	99.57
m21038_250925_073544/128321442/ccs	0.999957	43.6653	11411	99.61
m21038_250925_073544/131535479/ccs	0.999904	40.1773	9227	99.68
m21038_250828_053717/97715104/ccs	0.999874	38.9963	13165	99.69
m21038_250828_053717/130285643/ccs	0.996976	25.1942	18382	99.98
m21038_250925_073544/91818225/ccs	0.99989	39.5861	6260	99.58
m21038_250828_053717/94180521/ccs	0.997791	26.558	26293	100.00
m21038_250925_073544/254083973/ccs	0.998977	29.9012	9674	99.68
m21038_250828_053717/31392406/ccs	0.998704	28.8739	23973	99.90
m21038_250925_073544/241305916/ccs	0.996913	25.1046	18962	99.96
m21038_250828_053717/190318025/ccs	0.99759	26.1798	34783	99.99
m21038_250925_073544/88019495/ccs	0.999785	36.6756	4694	99.98
m21038_250925_073544/84808204/ccs	0.999963	44.318	14013	99.59
m21038_250828_053717/13635328/ccs	0.999883	39.3181	11794	99.88
m21038_250828_053717/113185926/ccs	0.999928	41.4267	3269	99.69
m21038_250925_073544/131662923/ccs	0.999896	39.8297	13892	99.99
m21038_250925_073544/157549819/ccs	0.998087	27.1829	9680	99.64
m21038_250925_073544/204539085/ccs	0.999387	32.1254	24508	99.94
m21038_250828_053717/130749692/ccs	0.99938	32.0761	10236	99.99
m21038_250828_053717/22347871/ccs	0.999956	43.5655	5911	99.85
m21038_250828_053717/94634838/ccs	0.99984	37.9588	19104	99.99
m21038_250828_053717/121637748/ccs	1	60	2397	98.60
m21038_250828_053717/119214483/ccs	0.99937	32.0066	9305	99.99
m21038_250828_053717/101778117/ccs	0.999847	38.1531	5599	99.95
m21038_250925_073544/52298952/ccs	0.999936	41.9382	7242	99.99
m21038_250828_053717/69539350/ccs	0.999923	41.1351	8843	99.95
m21038_250925_073544/122818716/ccs	0.999811	37.2354	6051	99.98
m21038_250828_053717/187695935/ccs	0.999979	46.7778	6101	99.98
m21038_250925_073544/100664337/ccs	0.99991	40.4576	22986	99.97
m21038_250925_073544/247401115/ccs	0.999208	31.0127	19084	100.00
m21038_250828_053717/103483585/ccs	0.999865	38.6967	6478	100.00
m21038_250925_073544/163976783/ccs	0.999842	38.0134	5219	100.00
m21038_250828_053717/57608757/ccs	0.999739	35.8336	13488	99.60
m21038_250828_053717/115541445/ccs	0.999992	50.9691	4782	100.00
m21038_250828_053717/234160447/ccs	0.99976	36.1979	8760	100.00
m21038_250925_073544/174986151/ccs	0.99988	39.2082	23265	100.00
m21038_250828_053717/9832833/ccs	0.999959	43.8722	5951	100.00
m21038_250925_073544/31524039/ccs	0.999816	37.3518	3365	99.70
m21038_250925_073544/179437996/ccs	0.997867	26.7101	10233	99.99
m21038_250925_073544/200671870/ccs	0.999906	40.2687	8160	99.64
m21038_250828_053717/112397708/ccs	0.999403	32.2403	21786	100.00
m21038_250828_053717/265618758/ccs	0.999984	47.9588	4152	100.00
m21038_250925_073544/143396154/ccs	0.999999	60	7143	100.00
m21038_250925_073544/94768366/ccs	0.999994	52.2185	5244	100.00
m21038_250828_053717/195627646/ccs	0.999995	53.0103	6551	99.62
m21038_250925_073544/72944013/ccs	0.999887	39.4692	6768	99.63
m21038_250925_073544/61147206/ccs	0.999922	41.0791	7524	99.61
m21038_250828_053717/30802969/ccs	0.999961	44.0894	4965	100.00
m21038_250828_053717/101783094/ccs	0.999977	46.3827	3933	99.57
m21038_250925_073544/193597804/ccs	0.999954	43.3724	3634	100.00
m21038_250925_073544/27922009/ccs	0.998743	29.0066	9118	99.54
m21038_250828_053717/14227187/ccs	0.999823	37.5203	18338	99.96
m21038_250828_053717/48038537/ccs	0.996785	24.9282	25745	99.93
m21038_250925_073544/6559084/ccs	0.998909	29.6218	5879	99.98
m21038_250925_073544/16125389/ccs	0.999888	39.5078	5155	100.00
m21038_250925_073544/141627636/ccs	0.999976	46.1979	10717	99.97
m21038_250925_073544/94569975/ccs	0.998966	29.8548	10687	99.97
m21038_250925_073544/130877241/ccs	0.999997	55.2288	7520	99.16
m21038_250828_053717/107742641/ccs	0.999918	40.8619	10537	99.97
m21038_250925_073544/174981826/ccs	0.999927	41.3668	4654	99.29
m21038_250828_053717/191037940/ccs	0.999897	39.8716	8722	99.53
m21038_250828_053717/79039018/ccs	0.999997	55.2288	4305	99.35
m21038_250925_073544/113447174/ccs	0.999549	33.4582	9580	99.45
m21038_250925_073544/162794039/ccs	0.999994	52.2185	6899	99.97
m21038_250925_073544/240451616/ccs	0.999791	36.7985	14872	99.99
m21038_250828_053717/111937338/ccs	0.999915	40.7058	4093	99.22
m21038_250925_073544/114492626/ccs	0.997282	25.6575	3680	99.54
m21038_250925_073544/170266486/ccs	0.999987	48.8606	5678	99.45
m21038_250925_073544/101649278/ccs	0.999015	30.0656	10494	99.96
m21038_250828_053717/143396492/ccs	0.996593	24.6763	5723	99.97
m21038_250925_073544/223151340/ccs	0.998723	28.9381	6513	99.05
m21038_250828_053717/156112359/ccs	0.999963	44.318	3956	99.95
m21038_250925_073544/245302063/ccs	0.999251	31.2552	20390	99.99
m21038_250828_053717/65080090/ccs	0.994836	22.8701	15003	99.89
m21038_250828_053717/71112561/ccs	0.999653	34.5967	16572	99.97
m21038_250828_053717/111152389/ccs	0.999964	44.437	12478	100.00
m21038_250828_053717/213057806/ccs	0.999887	39.4692	13465	99.99
m21038_250828_053717/220726478/ccs	0.999936	41.9382	10706	99.95
m21038_250828_053717/104205826/ccs	0.999604	34.023	7303	99.97
m21038_250925_073544/52693655/ccs	0.999796	36.9037	13078	99.97
m21038_250828_053717/46667191/ccs	0.999996	53.9794	5187	100.00
m21038_250828_053717/12062813/ccs	0.999806	37.122	19438	99.99
m21038_250925_073544/88346806/ccs	0.996203	24.2056	5202	99.92
m21038_250925_073544/151392385/ccs	0.999928	41.4267	12505	99.99
m21038_250925_073544/142546470/ccs	0.999977	46.3827	7775	100.00
m21038_250828_053717/193268440/ccs	0.999708	35.3462	5986	100.00
m21038_250828_053717/9833853/ccs	1	60	3943	99.54
m21038_250828_053717/107154483/ccs	0.999705	35.3018	15840	100.00
m21038_250925_073544/136643608/ccs	1	60	3774	99.97
m21038_250925_073544/128517995/ccs	0.999699	35.2143	18721	100.00
m21038_250828_053717/155386130/ccs	0.999995	53.0103	9580	99.99
m21038_250925_073544/59707306/ccs	0.999922	41.0791	5582	99.96
m21038_250828_053717/114230768/ccs	0.99999	50	8997	100.00
m21038_250828_053717/189858349/ccs	0.996285	24.3004	14722	99.93
m21038_250828_053717/143328666/ccs	0.999909	40.4096	8959	100.00
m21038_250828_053717/215811496/ccs	0.999292	31.4997	10095	100.00
m21038_250925_073544/227934849/ccs	0.999979	46.7778	9738	99.97
m21038_250828_053717/110035598/ccs	0.999985	48.2391	8916	99.97
m21038_250925_073544/32509453/ccs	0.995224	23.2094	14227	99.94
m21038_250828_053717/151524717/ccs	0.999984	47.9588	7766	100.00
m21038_250828_053717/195954311/ccs	0.999961	44.0894	10630	99.99
m21038_250828_053717/228264900/ccs	0.999919	40.9151	11326	100.00
m21038_250828_053717/102373250/ccs	0.999999	60	7853	100.00
m21038_250925_073544/209453975/ccs	0.999978	46.5758	9778	99.99
m21038_250828_053717/112001114/ccs	0.999962	44.2022	4904	100.00
m21038_250925_073544/54853824/ccs	0.99978	36.5758	9709	100.00
m21038_250828_053717/105973462/ccs	0.999894	39.7469	15403	99.96
m21038_250828_053717/164236274/ccs	0.999949	42.9243	6467	99.98
m21038_250828_053717/52888183/ccs	0.999752	36.0555	10816	99.97
m21038_250925_073544/95420594/ccs	0.99994	42.2185	13223	99.99
m21038_250925_073544/54723737/ccs	0.999795	36.8825	7192	100.00
m21038_250925_073544/124913634/ccs	0.997874	26.7244	8043	99.99
m21038_250925_073544/221383158/ccs	0.992276	21.1216	4794	99.90
m21038_250925_073544/177541369/ccs	0.998602	28.5449	10609	99.95
m21038_250925_073544/100272341/ccs	0.99999	50	6595	99.95
m21038_250925_073544/230556576/ccs	0.999991	50.4576	6098	99.98
m21038_250925_073544/220463594/ccs	1	60	4447	100.00
m21038_250925_073544/267584917/ccs	0.999943	42.4413	13578	100.00
m21038_250925_073544/227936744/ccs	0.999994	52.2185	5533	99.95
m21038_250925_073544/163317194/ccs	0.999093	30.4239	11304	99.99
m21038_250828_053717/39388393/ccs	0.999965	44.5593	5764	99.97
m21038_250925_073544/231737143/ccs	0.999803	37.0553	3168	100.00
m21038_250828_053717/152442504/ccs	1	60	4499	99.98
m21038_250828_053717/50794636/ccs	0.999997	55.2288	4897	99.98
m21038_250828_053717/53413666/ccs	0.999553	33.4969	4497	99.98
m21038_250828_053717/139331525/ccs	0.999977	46.3827	6389	99.98
m21038_250828_053717/264176691/ccs	0.999983	47.6955	7190	99.97
m21038_250925_073544/99748574/ccs	0.999845	38.0967	5475	99.73
m21038_250925_073544/64819974/ccs	0.999921	41.0237	7108	99.70
m21038_250925_073544/110035064/ccs	0.999998	56.9897	6407	100.00
m21038_250828_053717/113246285/ccs	1	60	4219	100.00
m21038_250925_073544/100010809/ccs	0.999846	38.1248	5159	100.00
m21038_250925_073544/101979327/ccs	0.994236	22.3928	6204	100.00
m21038_250828_053717/132976116/ccs	1	60	4214	100.00
m21038_250828_053717/236717513/ccs	1	60	3917	100.00
m21038_250828_053717/8848509/ccs	0.999868	38.7943	3320	100.00
m21038_250828_053717/54332224/ccs	0.999188	30.9044	3315	99.97
m21038_250828_053717/115015946/ccs	1	60	3621	99.97
m21038_250925_073544/5965303/ccs	0.999872	38.9279	5065	100.00
m21038_250828_053717/36902709/ccs	1	60	2731	100.00
m21038_250828_053717/16385295/ccs	0.993793	22.0712	10482	98.36
m21038_250925_073544/49878995/ccs	0.999233	31.152	12122	98.71
m21038_250925_073544/262212513/ccs	0.999151	30.7109	9010	98.66
m21038_250925_073544/67437571/ccs	0.999451	32.6043	6211	98.68
m21038_250828_053717/73078711/ccs	0.999744	35.9176	7146	98.79
m21038_250828_053717/157811124/ccs	0.992357	21.1674	7589	98.04
m21038_250828_053717/87492868/ccs	0.992135	21.043	10218	97.41
m21038_250925_073544/241501060/ccs	0.997883	26.7428	8807	98.48
m21038_250925_073544/191497522/ccs	0.999837	37.8781	10848	98.77
m21038_250828_053717/132846632/ccs	0.999991	50.4576	4075	98.78
m21038_250828_053717/20973212/ccs	0.999995	53.0103	3688	99.48
m21038_250828_053717/16124008/ccs	0.999888	39.5078	4824	99.52
m21038_250828_053717/170460598/ccs	0.999414	32.321	16517	99.48
m21038_250925_073544/108397513/ccs	0.999963	44.318	4404	99.64
m21038_250828_053717/244844036/ccs	0.997283	25.6591	11746	99.49
m21038_250925_073544/85329200/ccs	0.999923	41.1351	10316	99.51
m21038_250828_053717/104664098/ccs	0.999924	41.1919	7328	99.51
m21038_250925_073544/108203348/ccs	1	60	6824	99.55
m21038_250925_073544/96536279/ccs	1	60	4941	99.64
m21038_250828_053717/243927282/ccs	0.999442	32.5337	4718	99.47
m21038_250828_053717/27266031/ccs	0.999992	50.9691	3911	99.59
m21038_250828_053717/16848656/ccs	0.999948	42.84	2851	99.68
m21038_250925_073544/177870436/ccs	1	60	4925	99.00
m21038_250828_053717/145690544/ccs	0.999837	37.8781	13379	99.45
m21038_250828_053717/218367533/ccs	0.999866	38.729	7373	99.35
m21038_250828_053717/155717145/ccs	0.999745	35.9346	9795	99.45
m21038_250925_073544/10027856/ccs	0.995091	23.0901	9831	99.29
m21038_250828_053717/113841328/ccs	0.999761	36.216	11961	99.45
m21038_250925_073544/241306421/ccs	0.999814	37.3049	12919	99.36
m21038_250925_073544/97586152/ccs	0.999684	35.0031	5394	99.57
m21038_250828_053717/89197837/ccs	0.999207	31.0073	6186	99.77
m21038_250925_073544/57870968/ccs	0.999555	33.5164	6587	99.64
m21038_250828_053717/249759779/ccs	1	60	3354	99.67
m21038_250828_053717/11929157/ccs	0.999959	43.8722	5759	98.26
m21038_250925_073544/96142961/ccs	0.999864	38.6646	4592	99.59
m21038_250828_053717/234817080/ccs	0.999898	39.914	6222	99.58
m21038_250925_073544/13111952/ccs	0.999978	46.5758	5596	99.61
m21038_250828_053717/36045401/ccs	0.999672	34.8413	6892	99.71
m21038_250925_073544/215089533/ccs	0.997406	25.8603	18026	99.51
m21038_250925_073544/136975123/ccs	0.993819	22.0894	6669	99.68
m21038_250828_053717/29625090/ccs	0.999574	33.7059	10846	99.53
m21038_250925_073544/87098762/ccs	0.998787	29.1614	8831	99.54
m21038_250828_053717/246089170/ccs	0.999983	47.6955	3442	99.71
m21038_250828_053717/5115574/ccs	0.99626	24.2713	26303	99.77
m21038_250828_053717/192742231/ccs	0.999984	47.9588	7429	99.42
m21038_250828_053717/208076997/ccs	0.993157	21.6475	25121	99.65
m21038_250828_053717/253101104/ccs	0.997806	26.5876	4060	99.43
m21038_250828_053717/216664104/ccs	1	60	4508	99.24
m21038_250828_053717/138477890/ccs	0.998385	27.9183	4306	99.61
m21038_250925_073544/6296999/ccs	0.999991	50.4576	5275	99.67
m21038_250828_053717/186385936/ccs	0.999769	36.3639	8742	99.79
m21038_250828_053717/137563834/ccs	0.999076	30.3433	26470	99.65
m21038_250925_073544/55707696/ccs	0.999634	34.3652	15407	99.59
m21038_250925_073544/50075498/ccs	0.999899	39.9568	11571	99.70
m21038_250925_073544/205719294/ccs	0.999519	33.1785	23830	99.73
m21038_250925_073544/236850038/ccs	0.993329	21.7581	22154	99.67
m21038_250925_073544/89658916/ccs	0.998642	28.671	36407	99.73
m21038_250925_073544/47649808/ccs	1	60	3946	99.85
m21038_250925_073544/158531762/ccs	0.999627	34.2829	11845	99.72
m21038_250925_073544/13960224/ccs	0.999233	31.152	26799	99.83
m21038_250828_053717/36705490/ccs	0.993813	22.0852	25581	99.70
m21038_250925_073544/165025656/ccs	0.9999	40	3409	99.82
m21038_250925_073544/235668534/ccs	0.999935	41.8709	15419	99.71
m21038_250925_073544/54986150/ccs	0.999986	48.5387	5382	99.85
m21038_250828_053717/37492474/ccs	0.999606	34.045	26537	99.73
m21038_250828_053717/133238681/ccs	0.992604	21.31	34120	99.73
m21038_250925_073544/86314500/ccs	0.999973	45.6864	4524	99.91
m21038_250925_073544/41288567/ccs	0.999545	33.4199	9593	99.84
m21038_250828_053717/204999033/ccs	0.999411	32.2988	17664	99.71
m21038_250828_053717/70193347/ccs	0.999995	53.0103	7052	99.83
m21038_250925_073544/132192165/ccs	0.999844	38.0688	14274	99.83
m21038_250925_073544/128388398/ccs	0.999836	37.8516	16512	99.70
m21038_250925_073544/88805203/ccs	0.999964	44.437	12724	99.72
m21038_250925_073544/103483645/ccs	0.99986	38.5387	14165	99.75
m21038_250828_053717/227279729/ccs	1	60	4424	99.66
m21038_250925_073544/79561741/ccs	0.999596	33.9362	6488	99.63
m21038_250925_073544/194513061/ccs	0.99988	39.2082	12555	99.74
m21038_250828_053717/102960224/ccs	0.999999	60	8304	99.54
m21038_250925_073544/71635374/ccs	0.999995	53.0103	7416	99.81
m21038_250828_053717/97326652/ccs	0.999701	35.2433	8174	99.78
m21038_250925_073544/97850250/ccs	0.999901	40.0436	18456	99.71
