read_id	rq	qv	read_length	iden
m21038_250829_055510/227148806/ccs	0.995937	23.9115	14130	99.58
m21038_250829_055510/150343077/ccs	0.998249	27.5671	12017	99.59
m21038_250829_055510/227739237/ccs	0.996077	24.0638	13587	99.83
m21038_250926_075351/54530702/ccs	0.998892	29.5546	9849	99.61
m21038_250926_075351/67308356/ccs	0.999915	40.7058	4867	99.90
m21038_250829_055510/132122588/ccs	0.999977	46.3827	10147	99.92
m21038_250926_075351/206700689/ccs	0.99804	27.0774	9252	99.93
m21038_250829_055510/129240472/ccs	0.999269	31.3608	4977	99.94
m21038_250926_075351/129308478/ccs	0.999968	44.9485	8684	99.93
m21038_250829_055510/173540276/ccs	0.999992	50.9691	3631	100.00
m21038_250829_055510/39257267/ccs	0.999592	33.8934	6731	99.94
m21038_250829_055510/103352567/ccs	1	60	3611	99.94
m21038_250926_075351/56168511/ccs	0.999984	47.9588	6724	99.66
m21038_250829_055510/33294869/ccs	0.999998	56.9897	7421	99.92
m21038_250926_075351/133371714/ccs	0.999063	30.2826	24217	99.37
m21038_250829_055510/59703445/ccs	0.999937	42.0066	13439	99.72
m21038_250829_055510/161090979/ccs	0.999995	53.0103	4832	99.92
m21038_250829_055510/94965424/ccs	0.998728	28.9551	13866	99.86
m21038_250926_075351/182651330/ccs	0.999976	46.1979	6996	99.90
m21038_250829_055510/66193235/ccs	0.999996	53.9794	7092	99.92
m21038_250829_055510/142938312/ccs	0.999535	33.3255	23023	99.55
m21038_250926_075351/23529365/ccs	0.999987	48.8606	6344	99.54
m21038_250829_055510/230098938/ccs	0.999996	53.9794	4597	99.91
m21038_250926_075351/71107051/ccs	0.999977	46.3827	6379	98.63
m21038_250926_075351/231538740/ccs	0.99994	42.2185	10603	99.86
m21038_250926_075351/39522021/ccs	1	60	4614	99.91
m21038_250829_055510/68620866/ccs	1	60	5879	99.51
m21038_250829_055510/257228969/ccs	0.999999	60	8089	99.84
m21038_250829_055510/256707565/ccs	0.999888	39.5078	11218	99.69
m21038_250829_055510/43782092/ccs	0.999045	30.2	4212	98.81
m21038_250829_055510/202901476/ccs	0.998676	28.7811	32082	99.83
m21038_250829_055510/160498286/ccs	0.999908	40.3621	7402	99.74
m21038_250829_055510/192480401/ccs	0.999831	37.7211	17878	99.77
m21038_250829_055510/71568150/ccs	0.999941	42.2915	11055	99.67
m21038_250926_075351/265094428/ccs	0.996268	24.2806	17325	99.24
m21038_250829_055510/66130088/ccs	0.99977	36.3827	16455	99.40
m21038_250829_055510/246613183/ccs	0.999728	35.6543	12126	99.35
m21038_250829_055510/248973399/ccs	1	60	4508	98.22
m21038_250926_075351/47322306/ccs	0.999459	32.668	7766	99.57
m21038_250829_055510/69801842/ccs	0.999988	49.2082	9803	98.65
m21038_250926_075351/26478837/ccs	0.999372	32.0204	6031	98.66
m21038_250926_075351/209520989/ccs	0.99984	37.9588	7484	98.61
m21038_250829_055510/174260428/ccs	0.999991	50.4576	6770	98.71
m21038_250829_055510/46071944/ccs	0.999986	48.5387	7356	99.42
m21038_250829_055510/91293482/ccs	0.999818	37.3993	5724	98.83
m21038_250829_055510/12850991/ccs	1	60	4517	99.07
m21038_250829_055510/30411565/ccs	1	60	3342	99.85
m21038_250926_075351/138023509/ccs	1	60	4498	99.18
m21038_250829_055510/242812563/ccs	0.99993	41.549	4990	99.60
m21038_250829_055510/58786158/ccs	1	60	4547	99.19
m21038_250829_055510/158991094/ccs	0.999322	31.6877	25593	99.91
m21038_250829_055510/31853237/ccs	0.995452	23.4218	20920	99.85
m21038_250926_075351/21564004/ccs	0.997669	26.3246	16869	99.89
m21038_250829_055510/103552422/ccs	0.999568	33.6452	21782	99.92
m21038_250926_075351/243925193/ccs	0.997928	26.8361	24035	99.90
m21038_250829_055510/254872405/ccs	0.999846	38.1248	19655	99.92
m21038_250829_055510/161678706/ccs	0.999345	31.8376	15291	99.91
m21038_250829_055510/79890624/ccs	0.999996	53.9794	6435	99.88
m21038_250926_075351/113250527/ccs	0.999889	39.5468	18139	99.92
m21038_250829_055510/222757249/ccs	0.997481	25.9877	37812	99.89
m21038_250926_075351/31659122/ccs	0.99993	41.549	11041	99.89
m21038_250829_055510/56035500/ccs	0.995941	23.9158	29643	99.46
m21038_250829_055510/246941372/ccs	0.999891	39.6257	8005	99.86
m21038_250926_075351/49156315/ccs	0.999892	39.6658	16886	99.91
m21038_250926_075351/61801821/ccs	0.993393	21.8	25701	99.80
m21038_250926_075351/252641734/ccs	0.999608	34.0671	18225	99.95
m21038_250926_075351/8126747/ccs	0.99987	38.8606	17311	99.95
m21038_250926_075351/153616871/ccs	0.998965	29.8506	26763	99.94
m21038_250829_055510/230425816/ccs	0.999887	39.4692	10301	99.96
m21038_250829_055510/234882578/ccs	0.993597	21.9362	36092	99.84
m21038_250926_075351/135594930/ccs	0.999998	56.9897	5654	99.95
m21038_250829_055510/195756067/ccs	0.999434	32.4718	25935	99.48
m21038_250829_055510/30544968/ccs	0.999992	50.9691	3117	100.00
m21038_250829_055510/243729891/ccs	0.999982	47.4473	7934	99.96
m21038_250926_075351/70256180/ccs	0.998805	29.2263	21439	99.93
m21038_250926_075351/113247041/ccs	0.999967	44.8149	9547	99.98
m21038_250926_075351/189792634/ccs	0.999945	42.5964	3946	99.97
m21038_250829_055510/255263035/ccs	0.995149	23.1417	22515	99.95
m21038_250829_055510/255985720/ccs	0.999983	47.6955	6721	99.64
m21038_250829_055510/41684121/ccs	1	60	3352	99.97
m21038_250829_055510/123933942/ccs	0.999415	32.3284	19336	99.95
m21038_250829_055510/61014128/ccs	0.999563	33.5952	20249	99.48
m21038_250829_055510/247073095/ccs	0.999516	33.1515	26064	99.93
m21038_250926_075351/143069325/ccs	0.999808	37.167	21744	99.42
m21038_250829_055510/250612628/ccs	0.99872	28.9279	22447	99.92
m21038_250926_075351/51186739/ccs	0.999419	32.3582	17129	99.94
m21038_250829_055510/79300311/ccs	0.999987	48.8606	3981	99.95
m21038_250926_075351/53283837/ccs	0.999799	36.968	12790	99.92
m21038_250829_055510/23659529/ccs	0.999389	32.1396	20564	99.40
m21038_250829_055510/26086355/ccs	0.999996	53.9794	4434	99.95
m21038_250829_055510/89919244/ccs	0.999904	40.1773	11241	99.92
m21038_250829_055510/31264853/ccs	0.998147	27.3212	29217	99.92
m21038_250829_055510/37621628/ccs	0.999943	42.4413	5627	99.96
m21038_250926_075351/12124602/ccs	0.99669	24.8017	32039	99.92
m21038_250829_055510/28840135/ccs	1	60	8258	99.94
m21038_250829_055510/201394730/ccs	0.998773	29.1116	4547	99.91
m21038_250829_055510/154146448/ccs	0.999489	32.9158	12813	99.94
m21038_250926_075351/115412625/ccs	0.999659	34.6725	13009	99.95
m21038_250926_075351/61345982/ccs	0.999996	53.9794	6104	99.92
m21038_250829_055510/75171561/ccs	0.999655	34.6218	16394	99.93
m21038_250926_075351/221512015/ccs	0.999798	36.9465	14400	99.42
m21038_250926_075351/251529578/ccs	0.999258	31.296	18195	99.42
m21038_250926_075351/166202315/ccs	0.999993	51.549	10088	99.52
m21038_250926_075351/154075986/ccs	0.998098	27.2079	6420	99.58
m21038_250926_075351/61800679/ccs	0.999968	44.9485	3882	99.92
m21038_250926_075351/246677901/ccs	0.999975	46.0206	7060	99.55
m21038_250829_055510/215615186/ccs	0.999985	48.2391	4606	99.59
m21038_250829_055510/42926609/ccs	0.999823	37.5203	20738	99.93
m21038_250829_055510/62917511/ccs	0.998059	27.1197	5565	99.55
m21038_250829_055510/163317889/ccs	1	60	4852	99.92
m21038_250926_075351/65274434/ccs	0.99974	35.8503	5107	99.92
m21038_250829_055510/147262625/ccs	0.999922	41.0791	4565	99.91
m21038_250829_055510/125568187/ccs	1	60	4815	99.92
m21038_250829_055510/249039349/ccs	0.999717	35.4821	16267	99.38
m21038_250829_055510/66258097/ccs	0.999473	32.7819	23446	99.94
m21038_250829_055510/79565192/ccs	0.999116	30.5355	10143	99.41
m21038_250829_055510/106498515/ccs	0.999919	40.9151	9019	99.97
m21038_250926_075351/158926597/ccs	0.99999	50	7159	99.42
m21038_250926_075351/96404406/ccs	0.998183	27.4065	18245	99.93
m21038_250926_075351/180357421/ccs	1	60	3568	99.94
m21038_250926_075351/49024264/ccs	0.999229	31.1295	5854	99.97
m21038_250926_075351/78254276/ccs	0.999989	49.5861	6599	99.95
m21038_250829_055510/120325076/ccs	1	60	8895	99.34
m21038_250926_075351/205915827/ccs	0.991132	20.5217	4614	99.98
m21038_250829_055510/83299336/ccs	0.999918	40.8619	2539	99.57
m21038_250829_055510/5179765/ccs	0.999988	49.2082	3183	99.50
m21038_250829_055510/102107825/ccs	0.999872	38.9279	4487	99.98
m21038_250926_075351/246614134/ccs	0.999825	37.5696	4610	99.98
m21038_250829_055510/50272031/ccs	0.999863	38.6328	11444	99.92
m21038_250829_055510/86512873/ccs	0.99989	39.5861	10703	99.92
m21038_250926_075351/192677131/ccs	0.999973	45.6864	14041	99.94
m21038_250829_055510/109709041/ccs	0.999966	44.6852	10361	99.24
m21038_250829_055510/204081112/ccs	1	60	4596	99.34
m21038_250926_075351/64487485/ccs	0.999448	32.5806	10024	99.90
m21038_250829_055510/157356207/ccs	1	60	3635	99.31
m21038_250829_055510/70129002/ccs	0.999995	53.0103	5774	99.25
m21038_250829_055510/40700201/ccs	0.99989	39.5861	13039	99.93
m21038_250926_075351/170265014/ccs	0.999993	51.549	4388	99.86
m21038_250829_055510/129175760/ccs	0.999994	52.2185	5217	99.90
m21038_250926_075351/243009573/ccs	0.998408	27.9806	7660	99.90
m21038_250829_055510/101257908/ccs	0.999395	32.1824	14133	99.93
m21038_250829_055510/221186920/ccs	0.993249	21.7063	8209	99.73
m21038_250926_075351/80020965/ccs	0.997592	26.1834	19080	99.91
m21038_250829_055510/46795844/ccs	0.998564	28.4285	26976	99.93
m21038_250829_055510/83821854/ccs	0.99585	23.8195	22411	99.79
m21038_250926_075351/73339256/ccs	0.999603	34.0121	8354	99.94
m21038_250926_075351/223544688/ccs	0.999803	37.0553	8825	99.94
m21038_250926_075351/25561523/ccs	0.999966	44.6852	10408	99.95
m21038_250829_055510/162466641/ccs	0.999984	47.9588	10003	99.95
m21038_250926_075351/99880364/ccs	0.999955	43.4679	9383	99.95
m21038_250926_075351/42340670/ccs	0.999978	46.5758	6042	99.95
m21038_250829_055510/71110017/ccs	0.998708	28.8874	10408	99.94
m21038_250829_055510/35721137/ccs	0.999807	37.1444	19102	99.92
m21038_250829_055510/207029687/ccs	0.999826	37.5945	17111	99.92
m21038_250926_075351/146016761/ccs	0.997289	25.6687	6367	99.95
m21038_250829_055510/54722959/ccs	0.998213	27.4788	28428	99.93
m21038_250829_055510/119145133/ccs	0.999787	36.7162	13409	99.97
m21038_250829_055510/2625880/ccs	0.99898	29.914	10750	99.95
m21038_250829_055510/44241400/ccs	0.999621	34.2136	17802	99.92
m21038_250829_055510/85853567/ccs	0.999905	40.2228	6335	99.97
m21038_250829_055510/61343616/ccs	0.995933	23.9073	10222	99.86
m21038_250926_075351/52759949/ccs	0.99648	24.5346	34405	99.89
m21038_250926_075351/13308484/ccs	0.999936	41.9382	13240	99.90
m21038_250926_075351/147461399/ccs	0.99735	25.7675	17209	99.90
m21038_250926_075351/195168922/ccs	0.993228	21.6928	24164	99.87
m21038_250829_055510/78840067/ccs	0.999992	50.9691	3784	99.97
m21038_250926_075351/198247612/ccs	0.999895	39.7881	14390	99.92
m21038_250829_055510/115541875/ccs	0.999988	49.2082	6808	100.00
m21038_250829_055510/238945559/ccs	1	60	4973	100.00
m21038_250926_075351/73007905/ccs	0.998324	27.7573	36423	99.93
m21038_250829_055510/133435979/ccs	0.99812	27.2584	14803	99.92
m21038_250926_075351/81331353/ccs	0.999842	38.0134	17841	99.92
m21038_250926_075351/3999802/ccs	0.999984	47.9588	8468	99.86
m21038_250926_075351/59315492/ccs	0.999984	47.9588	5459	99.83
m21038_250829_055510/97783751/ccs	1	60	3216	99.72
m21038_250829_055510/92275301/ccs	0.991934	20.9334	33248	99.52
m21038_250829_055510/211026987/ccs	0.999456	32.644	8507	99.86
m21038_250926_075351/185862280/ccs	0.998777	29.1257	23462	99.59
m21038_250829_055510/43060524/ccs	1	60	2307	99.40
m21038_250829_055510/100273019/ccs	0.999919	40.9151	3992	99.39
m21038_250926_075351/117048554/ccs	0.999951	43.098	9035	99.42
m21038_250829_055510/137169265/ccs	0.99996	43.9794	7126	99.42
m21038_250829_055510/104267909/ccs	0.99955	33.4679	22534	99.59
m21038_250829_055510/31129768/ccs	0.999945	42.5964	7176	99.44
m21038_250829_055510/100143191/ccs	0.999788	36.7366	5919	99.44
m21038_250829_055510/235668618/ccs	0.998387	27.9237	32650	99.42
m21038_250926_075351/21497985/ccs	0.999096	30.4383	20497	99.58
m21038_250926_075351/223543706/ccs	0.999798	36.9465	11813	99.96
m21038_250926_075351/170656649/ccs	1	60	5352	99.94
m21038_250926_075351/47189576/ccs	0.996738	24.8652	4041	99.17
m21038_250926_075351/6752937/ccs	0.999921	41.0237	6688	98.57
m21038_250926_075351/54792091/ccs	0.999285	31.4569	3957	99.92
m21038_250926_075351/33100075/ccs	0.999695	35.157	26754	99.68
m21038_250926_075351/237765467/ccs	0.996421	24.4624	18443	99.52
m21038_250926_075351/13438225/ccs	0.993184	21.6647	18874	99.44
m21038_250926_075351/113116535/ccs	0.99359	21.9314	18275	99.88
m21038_250829_055510/192808445/ccs	0.999982	47.4473	5363	98.64
m21038_250926_075351/42406820/ccs	0.999983	47.6955	10641	99.97
m21038_250829_055510/143327569/ccs	1	60	4156	99.98
m21038_250829_055510/205586507/ccs	0.999921	41.0237	18025	99.58
m21038_250926_075351/53022281/ccs	0.999356	31.9111	23754	99.64
m21038_250926_075351/204014105/ccs	0.999094	30.4287	30317	99.56
m21038_250829_055510/166658832/ccs	0.999909	40.4096	5635	99.96
m21038_250829_055510/148243155/ccs	0.995367	23.3414	3269	99.97
m21038_250926_075351/117773713/ccs	0.99723	25.5752	23518	99.93
m21038_250829_055510/61411975/ccs	0.997098	25.373	33122	99.54
m21038_250926_075351/79891522/ccs	0.999956	43.5655	11060	99.96
m21038_250926_075351/80221216/ccs	0.999366	31.9791	19147	99.96
m21038_250829_055510/45418511/ccs	0.99701	25.2433	22722	99.61
m21038_250926_075351/150998864/ccs	0.999934	41.8046	15015	99.59
m21038_250829_055510/239927732/ccs	0.999432	32.4565	3566	99.97
m21038_250926_075351/121706144/ccs	0.999104	30.4769	25541	99.66
m21038_250829_055510/66849750/ccs	0.995773	23.7397	17156	99.52
m21038_250829_055510/149034943/ccs	0.999781	36.5956	14308	99.97
m21038_250829_055510/16846561/ccs	0.998204	27.4569	18438	99.61
m21038_250926_075351/98175777/ccs	0.993795	22.0726	21571	99.87
m21038_250829_055510/129895539/ccs	0.999721	35.544	21603	99.69
m21038_250926_075351/130617365/ccs	0.99944	32.5181	23955	99.37
m21038_250829_055510/56104052/ccs	0.999595	33.9254	28066	99.73
m21038_250829_055510/106697844/ccs	0.999847	38.1531	12719	99.53
m21038_250829_055510/19269411/ccs	0.99537	23.3442	26045	99.34
m21038_250926_075351/72482878/ccs	0.999094	30.4287	17859	99.66
m21038_250829_055510/107151600/ccs	0.997967	26.9186	27413	99.66
m21038_250926_075351/220987642/ccs	0.999565	33.6151	23006	99.36
m21038_250926_075351/21169893/ccs	0.999864	38.6646	15173	99.60
m21038_250829_055510/73402128/ccs	0.999506	33.0627	16842	99.66
m21038_250926_075351/116591019/ccs	0.997854	26.6837	15100	99.58
m21038_250926_075351/97517804/ccs	0.999709	35.3611	25977	99.41
m21038_250926_075351/87949811/ccs	0.999941	42.2915	12097	99.54
m21038_250829_055510/47647877/ccs	0.999603	34.0121	20692	99.67
m21038_250926_075351/9767537/ccs	0.99987	38.8606	17698	99.64
m21038_250926_075351/151719558/ccs	0.991705	20.8118	14902	99.55
m21038_250926_075351/87954107/ccs	0.999629	34.3063	20645	99.95
m21038_250829_055510/236651981/ccs	0.999851	38.2681	15792	99.69
m21038_250829_055510/63833890/ccs	0.999541	33.3819	15191	99.62
m21038_250829_055510/206307601/ccs	0.998195	27.4352	28368	99.93
m21038_250829_055510/122293321/ccs	0.999897	39.8716	10190	99.96
m21038_250829_055510/208864890/ccs	0.999836	37.8516	18640	99.68
m21038_250829_055510/67310606/ccs	0.999951	43.098	9468	99.53
m21038_250926_075351/158078852/ccs	0.999971	45.376	9213	99.96
m21038_250829_055510/218565461/ccs	0.99997	45.2288	12189	99.67
m21038_250829_055510/22155962/ccs	0.999982	47.4473	10205	99.58
m21038_250926_075351/51449722/ccs	0.997199	25.5269	15001	99.93
m21038_250926_075351/57737758/ccs	0.999634	34.3652	21084	99.36
m21038_250829_055510/25691683/ccs	0.999998	56.9897	3377	99.91
m21038_250926_075351/109055940/ccs	0.999928	41.4267	14798	99.96
m21038_250926_075351/58261669/ccs	0.999903	40.1323	13169	99.68
m21038_250829_055510/161486203/ccs	0.999969	45.0864	12840	99.74
m21038_250926_075351/33556555/ccs	0.999915	40.7058	16642	99.71
m21038_250829_055510/204671395/ccs	0.999546	33.4294	19746	99.79
m21038_250829_055510/114952109/ccs	0.999997	55.2288	8618	99.63
m21038_250829_055510/36377984/ccs	0.999638	34.4129	14078	99.72
m21038_250829_055510/41752415/ccs	0.997107	25.3865	12512	99.64
m21038_250926_075351/17567746/ccs	0.994405	22.522	13377	99.66
m21038_250829_055510/122621119/ccs	0.999899	39.9568	8028	99.24
m21038_250829_055510/123208610/ccs	0.999151	30.7109	22047	99.83
m21038_250829_055510/34014796/ccs	0.998506	28.2565	22900	99.80
m21038_250829_055510/117574401/ccs	0.997353	25.7725	20627	99.44
m21038_250829_055510/33948628/ccs	0.999312	31.6241	20445	99.59
m21038_250926_075351/233835293/ccs	0.999805	37.0997	5814	99.59
m21038_250926_075351/249103142/ccs	0.999971	45.376	6095	99.77
m21038_250926_075351/69342316/ccs	0.999207	31.0073	28987	99.60
m21038_250829_055510/124914764/ccs	0.999868	38.7943	17520	99.81
m21038_250926_075351/86966837/ccs	0.996759	24.8932	8731	99.82
m21038_250926_075351/220463709/ccs	0.997836	26.6474	32764	99.77
m21038_250829_055510/235800004/ccs	0.99693	25.1286	12086	99.87
m21038_250926_075351/104992423/ccs	0.997461	25.9534	21480	99.53
m21038_250829_055510/229050438/ccs	0.999981	47.2125	9979	99.86
m21038_250829_055510/30081899/ccs	0.999754	36.0906	12577	99.98
m21038_250829_055510/223087512/ccs	0.999738	35.817	14393	99.81
m21038_250829_055510/161814170/ccs	0.999974	45.8503	8818	99.47
m21038_250829_055510/11862642/ccs	0.994292	22.4352	27314	99.48
m21038_250829_055510/52890005/ccs	0.999956	43.5655	9614	99.79
m21038_250829_055510/172622139/ccs	0.999049	30.2182	9905	99.87
m21038_250926_075351/157094066/ccs	0.999967	44.8149	6549	99.86
m21038_250926_075351/75305100/ccs	0.999997	55.2288	8709	99.53
m21038_250829_055510/84808134/ccs	0.999884	39.3554	7417	99.51
m21038_250829_055510/150607403/ccs	0.994679	22.7401	23898	99.87
m21038_250829_055510/103548626/ccs	0.999982	47.4473	5502	99.87
m21038_250926_075351/115739335/ccs	0.996132	24.1251	3596	99.50
m21038_250829_055510/120392052/ccs	0.999379	32.0691	14324	99.51
m21038_250829_055510/153551124/ccs	0.999847	38.1531	18393	99.58
m21038_250926_075351/262802206/ccs	0.999959	43.8722	9997	99.89
m21038_250926_075351/158863497/ccs	0.999549	33.4582	23087	99.93
m21038_250926_075351/23659220/ccs	0.999571	33.6754	9774	99.57
m21038_250926_075351/73466266/ccs	0.999905	40.2228	10196	99.87
m21038_250926_075351/80220111/ccs	0.999912	40.5552	6190	99.56
m21038_250926_075351/153815527/ccs	0.999822	37.4958	10463	99.88
m21038_250829_055510/118492528/ccs	0.992273	21.1199	16223	99.55
m21038_250829_055510/64885461/ccs	0.999999	60	6617	99.88
m21038_250829_055510/212076954/ccs	0.997522	26.059	20825	99.58
m21038_250829_055510/73144196/ccs	0.999844	38.0688	16995	99.83
m21038_250829_055510/58590220/ccs	0.999975	46.0206	5457	99.89
m21038_250829_055510/33297706/ccs	0.99985	38.2391	4213	99.93
m21038_250829_055510/134088007/ccs	0.99986	38.5387	18075	99.87
m21038_250926_075351/105515478/ccs	0.999439	32.5104	23390	99.94
m21038_250926_075351/24187053/ccs	0.999714	35.4363	17125	99.94
m21038_250829_055510/188941816/ccs	0.999983	47.6955	6999	99.87
m21038_250926_075351/106496459/ccs	0.999988	49.2082	6080	99.98
m21038_250926_075351/40764212/ccs	0.999879	39.1721	15958	99.65
m21038_250926_075351/138480405/ccs	0.99996	43.9794	8725	99.62
m21038_250926_075351/32182470/ccs	0.998204	27.4569	21718	99.80
m21038_250926_075351/149558847/ccs	1	60	4476	99.93
m21038_250829_055510/37357663/ccs	0.999912	40.5552	4983	99.60
m21038_250829_055510/34145792/ccs	0.999746	35.9517	16973	99.62
m21038_250829_055510/240454126/ccs	0.999523	33.2148	17648	99.84
m21038_250926_075351/165937720/ccs	0.997317	25.7138	5624	99.88
m21038_250926_075351/61476922/ccs	0.999935	41.8709	13014	99.88
m21038_250829_055510/209520222/ccs	0.99987	38.8606	4727	99.87
m21038_250926_075351/94574366/ccs	0.999994	52.2185	8359	99.60
m21038_250926_075351/141691719/ccs	0.997945	26.8719	10717	99.88
m21038_250829_055510/265290909/ccs	0.999916	40.7572	16840	99.65
m21038_250926_075351/47385506/ccs	0.999996	53.9794	5710	99.86
m21038_250926_075351/27724857/ccs	1	60	4669	99.87
m21038_250829_055510/135140553/ccs	1	60	5136	99.98
m21038_250926_075351/80413169/ccs	0.999988	49.2082	11509	99.84
m21038_250829_055510/254610427/ccs	0.997983	26.9529	8218	99.88
m21038_250829_055510/253493404/ccs	0.997794	26.5639	23930	99.82
m21038_250926_075351/62590291/ccs	0.999484	32.8735	4645	99.98
m21038_250829_055510/266142370/ccs	0.99995	43.0103	13026	99.85
m21038_250926_075351/65340103/ccs	0.99619	24.1908	26618	99.90
m21038_250829_055510/52363836/ccs	0.998783	29.1471	19221	99.92
m21038_250926_075351/51385008/ccs	0.999928	41.4267	10037	99.79
m21038_250829_055510/139138645/ccs	0.999967	44.8149	4850	99.86
m21038_250829_055510/132515173/ccs	0.999357	31.9179	5908	99.86
m21038_250926_075351/28509408/ccs	0.997168	25.4791	33422	99.76
m21038_250829_055510/24253173/ccs	1	60	6001	99.88
m21038_250926_075351/20647456/ccs	1	60	4066	99.88
m21038_250829_055510/110957339/ccs	0.999963	44.318	14682	99.82
m21038_250926_075351/65145317/ccs	0.999294	31.512	12311	99.82
m21038_250829_055510/18090800/ccs	0.999781	36.5956	8182	99.87
m21038_250829_055510/234029888/ccs	1	60	3771	99.87
m21038_250829_055510/219744234/ccs	1	60	3849	99.97
m21038_250829_055510/140838439/ccs	0.999987	48.8606	5982	99.88
m21038_250829_055510/125699113/ccs	1	60	3180	99.84
m21038_250829_055510/109709676/ccs	0.999928	41.4267	9989	99.81
m21038_250829_055510/141890750/ccs	0.99995	43.0103	4902	99.84
m21038_250926_075351/116196913/ccs	0.996695	24.8083	7202	99.85
m21038_250829_055510/127669761/ccs	0.999658	34.6597	21511	99.87
m21038_250926_075351/124912923/ccs	0.999861	38.5699	3496	99.97
m21038_250926_075351/136844274/ccs	0.99945	32.5964	11746	99.86
m21038_250829_055510/123538500/ccs	0.995009	23.0181	16217	99.86
m21038_250926_075351/137432093/ccs	0.99998	46.9897	4317	99.95
m21038_250926_075351/147785901/ccs	0.999985	48.2391	9441	99.86
m21038_250829_055510/21889590/ccs	0.999731	35.7025	14865	99.93
m21038_250829_055510/230097042/ccs	0.997513	26.0432	14475	99.87
m21038_250829_055510/145752284/ccs	0.999086	30.3905	23753	99.69
m21038_250829_055510/122558418/ccs	0.995002	23.012	20277	99.89
m21038_250829_055510/157879530/ccs	1	60	6974	99.87
m21038_250926_075351/84673275/ccs	0.999665	34.7496	2952	99.76
m21038_250926_075351/180815087/ccs	0.999948	42.84	6649	99.83
m21038_250926_075351/154798608/ccs	0.999946	42.6761	14586	99.90
m21038_250926_075351/226755960/ccs	1	60	3538	99.86
m21038_250926_075351/74517796/ccs	0.999375	32.0412	19837	99.92
m21038_250829_055510/98111564/ccs	0.999943	42.4413	3812	99.90
m21038_250829_055510/182780703/ccs	0.999714	35.4363	15808	99.83
m21038_250829_055510/82317898/ccs	0.999706	35.3165	18193	99.75
m21038_250829_055510/144577668/ccs	0.999995	53.0103	5387	99.85
m21038_250926_075351/40829349/ccs	0.999419	32.3582	15892	99.92
m21038_250829_055510/152572756/ccs	0.999147	30.6905	9215	99.91
m21038_250829_055510/36897701/ccs	0.999911	40.5061	5337	99.85
m21038_250829_055510/75368634/ccs	1	60	4411	99.91
m21038_250829_055510/191038363/ccs	0.999995	53.0103	4184	99.98
m21038_250926_075351/83956841/ccs	1	60	2656	99.96
m21038_250926_075351/85003771/ccs	0.999895	39.7881	7585	99.91
m21038_250829_055510/10095536/ccs	0.999893	39.7062	7173	99.93
m21038_250829_055510/105713410/ccs	0.999995	53.0103	8442	99.82
m21038_250926_075351/133038259/ccs	0.999384	32.1042	26274	99.76
m21038_250926_075351/142151052/ccs	0.998202	27.4521	16464	99.74
m21038_250926_075351/141559024/ccs	0.999976	46.1979	10439	99.88
m21038_250926_075351/56034765/ccs	0.999987	48.8606	6446	99.94
m21038_250926_075351/114234629/ccs	0.99978	36.5758	7924	99.84
m21038_250829_055510/77926614/ccs	0.999146	30.6854	26635	99.78
m21038_250829_055510/62590716/ccs	0.999391	32.1538	6358	99.89
m21038_250926_075351/186122696/ccs	0.997816	26.6075	5114	99.94
m21038_250829_055510/63248283/ccs	0.999896	39.8297	16817	99.75
m21038_250829_055510/4458178/ccs	0.999998	56.9897	3792	99.89
m21038_250926_075351/47450760/ccs	0.995411	23.3828	11991	99.63
m21038_250926_075351/148178161/ccs	0.999974	45.8503	12422	99.82
m21038_250829_055510/98502352/ccs	0.999996	53.9794	5285	99.83
m21038_250829_055510/33689532/ccs	1	60	4244	99.93
m21038_250926_075351/105058744/ccs	0.999768	36.3451	15367	99.81
m21038_250829_055510/51318262/ccs	0.999693	35.1286	10169	99.86
m21038_250829_055510/161811762/ccs	0.999992	50.9691	5486	99.82
m21038_250829_055510/243860423/ccs	0.999992	50.9691	6129	99.79
m21038_250829_055510/127734724/ccs	0.999374	32.0343	5339	99.87
m21038_250829_055510/73007768/ccs	0.999207	31.0073	7380	99.85
m21038_250926_075351/16193174/ccs	0.999958	43.7675	9190	99.90
m21038_250829_055510/263195609/ccs	0.999942	42.3657	9166	99.90
m21038_250829_055510/119278185/ccs	0.997503	26.0258	9226	99.88
m21038_250829_055510/116392493/ccs	0.999932	41.6749	5183	99.86
m21038_250829_055510/91554593/ccs	0.999994	52.2185	4639	99.74
m21038_250829_055510/153294289/ccs	0.999995	53.0103	3657	99.75
m21038_250926_075351/49551254/ccs	0.999761	36.216	6438	99.77
m21038_250829_055510/189008071/ccs	0.999932	41.6749	3674	99.78
m21038_250829_055510/30216018/ccs	0.999755	36.1083	12206	99.79
m21038_250829_055510/77400464/ccs	0.999755	36.1083	13169	99.73
m21038_250926_075351/28051302/ccs	0.999932	41.6749	12947	99.91
m21038_250926_075351/206242190/ccs	0.999526	33.2422	19106	99.90
m21038_250829_055510/32904531/ccs	0.999255	31.2784	5978	99.75
m21038_250829_055510/125436880/ccs	0.999981	47.2125	8148	99.90
m21038_250926_075351/23004277/ccs	0.999865	38.6967	4811	99.77
m21038_250926_075351/91624494/ccs	0.999974	45.8503	13004	99.66
m21038_250926_075351/66978354/ccs	0.999997	55.2288	6087	99.90
m21038_250926_075351/137631383/ccs	0.99731	25.7025	19512	99.90
m21038_250829_055510/101979467/ccs	0.999933	41.7393	4937	99.84
m21038_250829_055510/55511380/ccs	0.998981	29.9183	12703	99.72
m21038_250829_055510/216465712/ccs	0.999969	45.0864	7711	99.74
m21038_250829_055510/187894077/ccs	1	60	4861	99.79
m21038_250926_075351/36507306/ccs	0.999646	34.51	12530	99.78
m21038_250926_075351/249627306/ccs	0.998717	28.9177	7330	99.69
m21038_250926_075351/134746981/ccs	0.999869	38.8273	6767	99.70
m21038_250829_055510/229182087/ccs	0.999989	49.5861	6926	99.90
m21038_250829_055510/239928840/ccs	0.99979	36.7778	8312	99.70
m21038_250926_075351/111351064/ccs	0.999954	43.3724	9701	99.72
m21038_250926_075351/85003559/ccs	0.99946	32.6761	11341	99.91
m21038_250829_055510/86442938/ccs	0.999876	39.0658	4718	99.87
m21038_250926_075351/204343281/ccs	0.999918	40.8619	7721	99.90
m21038_250926_075351/44238324/ccs	0.999988	49.2082	4481	99.89
m21038_250926_075351/80741510/ccs	0.99984	37.9588	4320	99.79
m21038_250926_075351/4916928/ccs	0.990886	20.4029	4488	99.82
m21038_250926_075351/176488799/ccs	0.999719	35.5129	20087	99.85
m21038_250926_075351/188547802/ccs	0.999998	56.9897	4815	99.75
m21038_250829_055510/263586124/ccs	0.999995	53.0103	7262	99.71
m21038_250829_055510/11666176/ccs	0.999608	34.0671	17135	99.90
m21038_250829_055510/155846305/ccs	0.997114	25.397	31890	99.66
m21038_250829_055510/221381088/ccs	0.999926	41.3077	6932	99.91
m21038_250926_075351/72812111/ccs	0.999987	48.8606	4775	99.73
m21038_250829_055510/84609845/ccs	0.999927	41.3668	4914	99.74
m21038_250926_075351/69865608/ccs	0.999715	35.4516	17922	99.88
m21038_250829_055510/182322711/ccs	0.999941	42.2915	6948	99.68
m21038_250829_055510/15337942/ccs	0.999895	39.7881	2785	99.78
m21038_250829_055510/127734256/ccs	0.999887	39.4692	4057	99.93
m21038_250926_075351/86774904/ccs	0.999793	36.8403	8238	99.66
m21038_250926_075351/154601542/ccs	0.999938	42.0761	9279	99.74
m21038_250926_075351/61280686/ccs	0.99994	42.2185	3694	99.68
m21038_250829_055510/66783524/ccs	0.997017	25.2535	4232	99.43
m21038_250926_075351/40111187/ccs	0.99998	46.9897	3696	99.70
m21038_250926_075351/144704689/ccs	0.999941	42.2915	10379	99.73
m21038_250829_055510/68491001/ccs	0.999621	34.2136	4046	99.70
m21038_250829_055510/20449800/ccs	0.999839	37.9317	11415	99.69
m21038_250829_055510/45159095/ccs	0.9997	35.2288	8019	99.71
m21038_250829_055510/136382395/ccs	0.999913	40.6048	5796	99.67
m21038_250829_055510/258539989/ccs	0.999936	41.9382	5270	99.68
m21038_250829_055510/202834797/ccs	1	60	5173	99.71
m21038_250926_075351/132254028/ccs	0.999117	30.5404	7407	99.70
m21038_250829_055510/48171444/ccs	0.999985	48.2391	4077	99.66
m21038_250829_055510/128913205/ccs	0.999726	35.6225	15427	99.73
m21038_250829_055510/112596228/ccs	0.999959	43.8722	6994	99.71
m21038_250926_075351/102367708/ccs	0.998179	27.3969	19314	99.73
m21038_250926_075351/26807464/ccs	0.999702	35.2578	4288	99.91
m21038_250926_075351/245959083/ccs	0.998941	29.751	10877	99.63
m21038_250926_075351/23987959/ccs	0.999181	30.8672	19839	99.75
m21038_250829_055510/147523369/ccs	0.997783	26.5423	8942	99.93
m21038_250926_075351/236652973/ccs	0.997414	25.8737	29562	99.66
m21038_250829_055510/33033370/ccs	0.999818	37.3993	3132	99.94
m21038_250926_075351/249496984/ccs	0.999937	42.0066	5806	99.93
m21038_250829_055510/151848406/ccs	0.999121	30.5601	4443	99.64
m21038_250829_055510/108663974/ccs	0.999685	35.0169	12734	99.91
m21038_250926_075351/63441461/ccs	0.99997	45.2288	3865	99.69
m21038_250926_075351/33428367/ccs	0.998055	27.1108	4552	99.60
m21038_250829_055510/121966955/ccs	0.999432	32.4565	13435	99.71
m21038_250829_055510/96669297/ccs	0.999988	49.2082	5729	99.67
m21038_250926_075351/101123409/ccs	0.999912	40.5552	8163	99.78
m21038_250926_075351/39849624/ccs	0.999086	30.3905	23912	99.67
m21038_250829_055510/145821072/ccs	0.999452	32.6122	7523	99.76
m21038_250926_075351/162662813/ccs	0.993769	22.0544	5824	99.85
m21038_250926_075351/4854216/ccs	0.997063	25.321	8921	99.70
m21038_250926_075351/91817907/ccs	0.998772	29.108	15227	99.55
m21038_250926_075351/188351737/ccs	0.997331	25.7365	11027	99.91
m21038_250829_055510/131399788/ccs	1	60	3713	99.70
m21038_250829_055510/92017497/ccs	0.999923	41.1351	11725	99.75
m21038_250829_055510/6817555/ccs	0.996718	24.8386	5137	99.77
m21038_250829_055510/103024002/ccs	0.999669	34.8017	5176	99.81
m21038_250829_055510/239404695/ccs	0.999923	41.1351	8862	99.80
m21038_250926_075351/256770238/ccs	0.999963	44.318	9212	99.92
m21038_250829_055510/92932972/ccs	0.999983	47.6955	4027	99.75
m21038_250829_055510/170263232/ccs	0.999971	45.376	5834	99.64
m21038_250829_055510/208209327/ccs	0.999976	46.1979	11726	99.78
m21038_250926_075351/60888669/ccs	0.999836	37.8516	3774	99.95
m21038_250829_055510/148377722/ccs	0.999807	37.1444	8928	99.26
m21038_250829_055510/57870716/ccs	0.993863	22.1204	5464	99.73
m21038_250926_075351/36771404/ccs	1	60	7864	99.93
m21038_250926_075351/31329544/ccs	0.999879	39.1721	6039	99.83
m21038_250829_055510/30738641/ccs	0.998213	27.4788	18374	99.61
m21038_250926_075351/3999743/ccs	0.999948	42.84	7227	99.77
m21038_250829_055510/48042031/ccs	0.999785	36.6756	6979	99.77
m21038_250926_075351/8914802/ccs	0.999978	46.5758	9336	99.82
m21038_250829_055510/71763810/ccs	0.999975	46.0206	4478	99.86
m21038_250926_075351/66258314/ccs	0.999993	51.549	3816	98.59
m21038_250829_055510/54463524/ccs	0.996522	24.5867	5582	99.89
m21038_250926_075351/15602554/ccs	0.995119	23.1149	3851	99.78
m21038_250829_055510/19338368/ccs	1	60	3126	99.83
m21038_250926_075351/86246243/ccs	0.999692	35.1145	5056	99.75
m21038_250926_075351/65341721/ccs	0.999834	37.7989	10595	99.63
m21038_250829_055510/170462144/ccs	0.999948	42.84	4826	99.71
m21038_250926_075351/73798756/ccs	0.999966	44.6852	5001	99.64
m21038_250926_075351/75956697/ccs	0.999886	39.431	5269	99.64
m21038_250829_055510/93326138/ccs	1	60	3127	99.68
m21038_250926_075351/258081432/ccs	0.999911	40.5061	7280	99.52
m21038_250829_055510/184683442/ccs	0.999802	37.0333	4254	98.97
m21038_250926_075351/127538592/ccs	0.999976	46.1979	7039	99.16
m21038_250829_055510/66520073/ccs	0.999996	53.9794	3458	99.65
m21038_250926_075351/226756597/ccs	0.999981	47.2125	4116	99.66
m21038_250829_055510/116723116/ccs	0.999948	42.84	7659	99.97
m21038_250926_075351/130025476/ccs	0.999997	55.2288	4989	99.96
m21038_250829_055510/157094378/ccs	0.998904	29.6019	3218	99.75
m21038_250829_055510/87232006/ccs	0.999999	60	3536	100.00
m21038_250829_055510/229573417/ccs	0.999962	44.2022	2876	99.93
m21038_250926_075351/233112027/ccs	0.999812	37.2584	5663	99.91
m21038_250829_055510/48957062/ccs	0.999915	40.7058	7522	99.92
m21038_250829_055510/229837223/ccs	0.999741	35.867	6873	99.93
m21038_250829_055510/99090755/ccs	0.999988	49.2082	3705	99.92
m21038_250829_055510/69011971/ccs	0.999118	30.5453	22155	99.82
m21038_250926_075351/224660235/ccs	0.999547	33.439	21565	99.86
m21038_250829_055510/139594882/ccs	0.999703	35.2724	5484	99.93
m21038_250926_075351/112727057/ccs	0.99885	29.393	29216	99.42
m21038_250829_055510/111870445/ccs	0.999959	43.8722	13301	99.79
m21038_250926_075351/248775547/ccs	0.999841	37.986	9168	99.78
m21038_250926_075351/4985128/ccs	0.999933	41.7393	7577	99.79
m21038_250829_055510/91947563/ccs	0.999835	37.8252	16856	99.24
m21038_250829_055510/28512458/ccs	0.999996	53.9794	5144	99.81
m21038_250829_055510/76614150/ccs	0.999452	32.6122	6440	99.77
m21038_250829_055510/78778796/ccs	0.99849	28.2102	4553	99.80
m21038_250926_075351/87361370/ccs	0.999765	36.2893	13908	99.22
m21038_250829_055510/14418595/ccs	0.999536	33.3348	6693	99.82
m21038_250926_075351/148308904/ccs	1	60	3573	99.86
m21038_250829_055510/165217131/ccs	0.999493	32.9499	5590	99.77
m21038_250926_075351/154075467/ccs	0.999995	53.0103	6278	99.81
m21038_250926_075351/83103638/ccs	0.999847	38.1531	13464	99.40
m21038_250926_075351/137561031/ccs	0.999975	46.0206	6405	99.49
m21038_250829_055510/178522979/ccs	0.996346	24.3723	5474	99.55
m21038_250926_075351/34275579/ccs	0.997738	26.4551	12633	99.90
m21038_250829_055510/98372383/ccs	0.999852	38.2974	8344	97.81
m21038_250829_055510/52167935/ccs	0.99791	26.7985	7174	97.45
m21038_250926_075351/147131859/ccs	0.998618	28.5949	19483	98.09
m21038_250926_075351/202050204/ccs	0.998054	27.1086	14466	98.10
m21038_250926_075351/261360345/ccs	0.999978	46.5758	4743	96.89
m21038_250926_075351/16781696/ccs	0.997042	25.29	15663	97.96
m21038_250926_075351/40570806/ccs	0.999958	43.7675	9069	97.69
m21038_250926_075351/182977026/ccs	0.999867	38.7615	4109	100.00
m21038_250926_075351/127274628/ccs	0.993004	21.5515	4935	99.88
m21038_250829_055510/72946462/ccs	0.999962	44.2022	3886	100.00
m21038_250829_055510/52433230/ccs	0.998374	27.8888	26252	98.60
m21038_250829_055510/33231788/ccs	0.995142	23.1354	8641	99.06
m21038_250926_075351/178586515/ccs	0.999971	45.376	7856	99.08
m21038_250829_055510/143854378/ccs	0.997311	25.7041	10130	98.85
m21038_250829_055510/85527518/ccs	0.998978	29.9055	20889	98.94
m21038_250829_055510/263063042/ccs	0.996265	24.2771	22256	99.96
m21038_250829_055510/33624733/ccs	0.992877	21.4734	9017	98.92
m21038_250829_055510/31920069/ccs	0.999933	41.7393	10525	98.88
m21038_250926_075351/158141877/ccs	0.999226	31.1126	16147	98.88
m21038_250926_075351/84347553/ccs	0.999987	48.8606	6220	98.97
m21038_250829_055510/39850478/ccs	0.999625	34.2597	5293	99.01
m21038_250926_075351/187763229/ccs	0.997693	26.3695	5728	98.88
m21038_250926_075351/140906674/ccs	0.999512	33.1158	5941	99.17
m21038_250829_055510/205914509/ccs	0.999054	30.2411	11048	98.80
m21038_250926_075351/6554658/ccs	1	60	5268	99.09
m21038_250829_055510/3411253/ccs	0.999999	60	5601	98.63
m21038_250926_075351/118754480/ccs	0.999848	38.1816	16857	98.89
m21038_250829_055510/194250960/ccs	0.999982	47.4473	7253	98.99
m21038_250926_075351/256508447/ccs	0.999339	31.798	24258	99.97
m21038_250926_075351/144244786/ccs	0.999766	36.3078	11883	98.93
m21038_250926_075351/127207495/ccs	0.999266	31.343	11494	98.92
m21038_250926_075351/109644405/ccs	0.999991	50.4576	4832	99.44
m21038_250926_075351/244320065/ccs	0.99867	28.7615	12137	98.54
m21038_250829_055510/19988854/ccs	0.999977	46.3827	4941	99.37
m21038_250926_075351/48694808/ccs	0.998288	27.665	13080	99.97
m21038_250829_055510/153748294/ccs	0.99918	30.8619	20572	98.56
m21038_250926_075351/263916538/ccs	0.999959	43.8722	10879	98.53
m21038_250926_075351/13700294/ccs	0.999957	43.6653	8319	99.99
m21038_250829_055510/178784750/ccs	0.999708	35.3462	5076	98.91
m21038_250829_055510/21172152/ccs	0.99994	42.2185	11042	98.92
m21038_250926_075351/15861907/ccs	0.999882	39.2812	20247	99.99
m21038_250926_075351/115016218/ccs	0.994007	22.2236	3916	98.93
m21038_250926_075351/86381722/ccs	1	60	2510	100.00
m21038_250926_075351/235799051/ccs	0.999932	41.6749	7056	98.50
m21038_250926_075351/108074844/ccs	0.999976	46.1979	12733	98.44
m21038_250926_075351/148571065/ccs	0.999417	32.3433	4855	98.72
m21038_250829_055510/193398428/ccs	0.999903	40.1323	8636	98.25
m21038_250926_075351/118624406/ccs	0.998636	28.6519	6179	98.57
m21038_250926_075351/103745162/ccs	0.999473	32.7819	7843	99.99
m21038_250926_075351/85856025/ccs	0.999506	33.0627	13161	98.82
m21038_250926_075351/2887698/ccs	0.998109	27.2331	5903	98.32
m21038_250829_055510/262801748/ccs	0.999967	44.8149	5694	99.93
m21038_250926_075351/226428852/ccs	0.999982	47.4473	4709	98.13
m21038_250926_075351/151261191/ccs	0.999953	43.279	14357	98.12
m21038_250829_055510/99423481/ccs	0.999954	43.3724	6585	100.00
m21038_250926_075351/65671450/ccs	1	60	4699	98.10
m21038_250926_075351/93328105/ccs	0.99837	27.8781	11720	98.18
m21038_250829_055510/68752499/ccs	0.999896	39.8297	8903	98.16
m21038_250926_075351/46929808/ccs	0.994033	22.2424	9595	98.14
m21038_250829_055510/30217910/ccs	1	60	3670	99.07
m21038_250829_055510/83036628/ccs	1	60	3530	97.90
m21038_250829_055510/232982683/ccs	0.999923	41.1351	5578	98.55
m21038_250926_075351/89194904/ccs	0.999977	46.3827	6861	100.00
m21038_250829_055510/55446919/ccs	0.999949	42.9243	7906	98.17
m21038_250829_055510/221184716/ccs	0.999994	52.2185	4605	100.00
m21038_250829_055510/50334712/ccs	0.999926	41.3077	7591	100.00
m21038_250926_075351/169085758/ccs	0.999875	39.0309	10380	98.51
m21038_250829_055510/83694248/ccs	0.999996	53.9794	5522	100.00
m21038_250926_075351/34279221/ccs	0.999613	34.1229	5634	98.21
m21038_250926_075351/246483861/ccs	0.999971	45.376	3525	98.36
m21038_250829_055510/74781762/ccs	0.999995	53.0103	4102	99.07
m21038_250926_075351/136252683/ccs	1	60	4049	100.00
m21038_250829_055510/38210650/ccs	0.999835	37.8252	11552	99.94
m21038_250829_055510/18092860/ccs	0.999908	40.3621	13269	99.50
m21038_250829_055510/9180193/ccs	0.999962	44.2022	7649	99.93
m21038_250829_055510/41817051/ccs	1	60	5601	99.89
m21038_250829_055510/218366891/ccs	0.999903	40.1323	7187	99.93
m21038_250829_055510/11863835/ccs	0.992469	21.2315	35274	99.40
m21038_250926_075351/256967743/ccs	0.999583	33.7986	17392	99.95
m21038_250926_075351/118690862/ccs	0.999999	60	6362	99.89
m21038_250926_075351/107020772/ccs	0.998742	29.0032	26826	99.45
m21038_250926_075351/112722214/ccs	0.99993	41.549	15047	99.95
m21038_250926_075351/181405020/ccs	0.999911	40.5061	17997	99.45
m21038_250829_055510/45028129/ccs	0.999091	30.4144	16324	99.93
m21038_250829_055510/38865355/ccs	0.999734	35.7512	22390	99.46
m21038_250829_055510/164955933/ccs	0.999722	35.5596	20856	99.96
m21038_250829_055510/74909071/ccs	0.999679	34.9349	19588	99.44
m21038_250926_075351/100603515/ccs	0.992339	21.1571	13756	99.42
m21038_250926_075351/238881557/ccs	0.998862	29.4386	16652	99.52
m21038_250926_075351/145823073/ccs	0.995435	23.4056	16084	99.47
m21038_250926_075351/235539047/ccs	0.990684	20.3077	21507	99.95
m21038_250926_075351/24183301/ccs	0.999546	33.4294	18938	99.44
m21038_250926_075351/113706348/ccs	0.999994	52.2185	10999	99.47
m21038_250926_075351/118228120/ccs	0.993683	21.9949	15042	99.57
m21038_250829_055510/122032405/ccs	0.999001	30.0043	19196	99.54
m21038_250926_075351/146475351/ccs	0.999753	36.073	20680	99.96
m21038_250829_055510/135403365/ccs	0.999898	39.914	14415	99.63
m21038_250829_055510/267061803/ccs	0.995958	23.934	16539	99.59
m21038_250829_055510/99289049/ccs	0.999991	50.4576	7608	99.57
m21038_250829_055510/59511874/ccs	0.999991	50.4576	6589	99.53
m21038_250926_075351/134614860/ccs	0.999954	43.3724	9623	99.59
m21038_250829_055510/99354872/ccs	0.999992	50.9691	7477	99.55
m21038_250829_055510/165349994/ccs	0.996464	24.5149	7308	99.53
m21038_250926_075351/147653949/ccs	0.992678	21.3537	18746	99.48
m21038_250926_075351/230425778/ccs	0.999997	55.2288	5825	99.55
m21038_250829_055510/116394463/ccs	1	60	3926	99.57
m21038_250829_055510/4396089/ccs	0.999894	39.7469	6296	99.54
m21038_250829_055510/122095726/ccs	0.999988	49.2082	8687	99.55
m21038_250926_075351/250088087/ccs	0.998194	27.4328	11675	99.67
m21038_250926_075351/47584942/ccs	0.999996	53.9794	8068	99.94
m21038_250829_055510/54202719/ccs	0.999463	32.7003	17788	99.68
m21038_250829_055510/53480515/ccs	0.999726	35.6225	12054	99.66
m21038_250829_055510/20124779/ccs	0.999917	40.8092	15130	99.51
m21038_250829_055510/52041245/ccs	0.99998	46.9897	7412	99.54
m21038_250829_055510/243140983/ccs	0.999909	40.4096	6336	99.56
m21038_250926_075351/108922880/ccs	0.99999	50	8313	99.70
m21038_250926_075351/137560706/ccs	1	60	4096	99.66
m21038_250926_075351/114558082/ccs	0.999953	43.279	6195	99.56
m21038_250829_055510/215615286/ccs	0.999969	45.0864	12133	99.74
m21038_250926_075351/96998753/ccs	0.999622	34.2251	9096	99.96
m21038_250829_055510/168690211/ccs	0.999859	38.5078	17970	99.72
m21038_250926_075351/266142972/ccs	0.99995	43.0103	9290	99.61
m21038_250829_055510/242289319/ccs	1	60	3408	99.79
m21038_250926_075351/128127823/ccs	1	60	3348	99.73
m21038_250926_075351/248841550/ccs	0.999266	31.343	12502	99.54
m21038_250926_075351/199623346/ccs	0.997443	25.9227	21594	99.47
m21038_250926_075351/189925973/ccs	0.999746	35.9517	18414	99.48
m21038_250926_075351/209781996/ccs	0.998743	29.0066	21082	99.47
m21038_250926_075351/89200556/ccs	0.999934	41.8046	14195	99.70
m21038_250926_075351/210240046/ccs	0.999988	49.2082	4488	99.98
m21038_250926_075351/131990513/ccs	0.999957	43.6653	11586	99.57
m21038_250829_055510/263588472/ccs	0.999993	51.549	5944	99.98
m21038_250926_075351/71173959/ccs	0.999178	30.8513	13082	99.76
m21038_250926_075351/132974364/ccs	0.999246	31.2263	27921	99.62
m21038_250926_075351/230097194/ccs	0.999996	53.9794	8607	99.60
m21038_250829_055510/77400084/ccs	0.999952	43.1876	8924	99.61
m21038_250829_055510/258869572/ccs	0.999958	43.7675	5531	99.69
m21038_250926_075351/116200963/ccs	0.999617	34.168	17215	99.52
m21038_250829_055510/142808541/ccs	0.999995	53.0103	4840	99.61
m21038_250829_055510/13042784/ccs	0.999685	35.0169	25607	99.38
m21038_250926_075351/73209622/ccs	0.999922	41.0791	7573	99.75
m21038_250829_055510/36176582/ccs	0.999964	44.437	4451	99.71
m21038_250926_075351/228328490/ccs	0.996762	24.8972	15845	99.70
m21038_250829_055510/180093359/ccs	0.999969	45.0864	3195	99.69
m21038_250926_075351/246284587/ccs	0.999648	34.5346	22563	99.64
m21038_250926_075351/226623567/ccs	0.996499	24.5581	20205	99.33
m21038_250829_055510/64098997/ccs	0.999932	41.6749	8944	99.80
m21038_250926_075351/183175071/ccs	0.996393	24.4285	22974	99.54
m21038_250829_055510/129177205/ccs	0.999985	48.2391	7830	99.57
m21038_250926_075351/206375766/ccs	0.996222	24.2274	18402	99.31
m21038_250829_055510/21366229/ccs	0.999605	34.034	5720	99.98
m21038_250926_075351/158073389/ccs	1	60	7220	99.56
m21038_250829_055510/77464724/ccs	0.999778	36.5365	13302	99.48
m21038_250829_055510/132057011/ccs	0.999995	53.0103	6988	99.84
m21038_250926_075351/123013553/ccs	0.99981	37.2125	5599	99.96
m21038_250829_055510/63575121/ccs	0.999745	35.9346	15126	99.98
m21038_250926_075351/65144637/ccs	0.99998	46.9897	3292	99.61
m21038_250829_055510/109319889/ccs	0.999883	39.3181	18902	99.64
m21038_250829_055510/36638765/ccs	0.999694	35.1428	7071	99.53
m21038_250926_075351/121178837/ccs	0.999882	39.2812	9694	99.49
m21038_250926_075351/248318748/ccs	0.999674	34.8678	17005	99.98
m21038_250829_055510/41225775/ccs	0.999717	35.4821	7910	99.53
m21038_250926_075351/241371958/ccs	0.999857	38.4466	16231	99.64
m21038_250829_055510/143328026/ccs	0.99898	29.914	25910	99.55
m21038_250926_075351/231802852/ccs	0.990477	20.2123	7862	99.76
m21038_250926_075351/33948150/ccs	0.999987	48.8606	6106	99.74
m21038_250829_055510/20974598/ccs	0.999269	31.3608	7614	99.74
m21038_250926_075351/67375040/ccs	0.999394	32.1753	5107	99.80
m21038_250829_055510/177276997/ccs	0.999951	43.098	10424	99.44
m21038_250829_055510/37425643/ccs	0.999877	39.1009	5084	99.51
m21038_250926_075351/238357236/ccs	0.99951	33.098	20936	99.62
m21038_250926_075351/87952363/ccs	0.999854	38.3565	5615	99.79
m21038_250926_075351/244714424/ccs	0.999688	35.0585	16227	99.98
m21038_250829_055510/40833022/ccs	0.99976	36.1979	3593	99.86
m21038_250829_055510/63313473/ccs	0.999699	35.2143	25586	99.47
m21038_250926_075351/123668255/ccs	0.999944	42.5181	6330	99.75
m21038_250926_075351/79435151/ccs	0.999989	49.5861	4370	99.89
m21038_250829_055510/84019188/ccs	1	60	4956	99.54
m21038_250829_055510/107745805/ccs	0.99991	40.4576	16719	99.66
m21038_250926_075351/129765688/ccs	0.999977	46.3827	6411	99.97
m21038_250829_055510/8390455/ccs	0.999588	33.851	22444	99.59
m21038_250829_055510/28840908/ccs	0.999874	38.9963	9983	99.75
m21038_250829_055510/104730381/ccs	0.998857	29.4195	22373	99.58
m21038_250829_055510/89458404/ccs	0.999625	34.2597	20220	99.60
m21038_250829_055510/237241252/ccs	0.999823	37.5203	15443	99.61
m21038_250829_055510/128516314/ccs	0.999015	30.0656	25823	99.51
m21038_250926_075351/5177697/ccs	0.999195	30.942	16421	99.52
m21038_250926_075351/137298896/ccs	0.99997	45.2288	7810	99.77
m21038_250926_075351/65997546/ccs	0.999771	36.4016	5565	99.44
m21038_250926_075351/72553603/ccs	0.999393	32.1681	13271	99.69
m21038_250926_075351/245629842/ccs	0.999984	47.9588	5965	99.76
m21038_250926_075351/32310558/ccs	0.999968	44.9485	11517	99.70
m21038_250829_055510/78712409/ccs	0.998989	29.9525	18214	99.49
m21038_250926_075351/82119957/ccs	0.999739	35.8336	13703	99.67
m21038_250926_075351/173542357/ccs	0.999899	39.9568	5304	99.96
m21038_250829_055510/116264298/ccs	0.999719	35.5129	3251	99.75
m21038_250829_055510/146145597/ccs	0.999976	46.1979	9645	99.98
m21038_250926_075351/100600480/ccs	0.999942	42.3657	10613	99.59
m21038_250829_055510/80484261/ccs	0.99789	26.7572	13243	99.98
m21038_250926_075351/8061517/ccs	0.999943	42.4413	13654	99.99
m21038_250926_075351/119474879/ccs	0.996072	24.0583	21023	99.94
m21038_250926_075351/205521284/ccs	0.999985	48.2391	12632	99.69
m21038_250829_055510/119673455/ccs	0.999206	31.0018	20044	99.25
m21038_250829_055510/151719907/ccs	0.999821	37.4715	23097	99.25
m21038_250829_055510/18547552/ccs	0.999271	31.3727	26207	99.28
m21038_250829_055510/21169724/ccs	0.99965	34.5593	23142	99.28
m21038_250926_075351/85722442/ccs	0.99792	26.8194	22011	99.23
m21038_250926_075351/109251778/ccs	0.99955	33.4679	18959	99.49
m21038_250926_075351/93132275/ccs	0.999882	39.2812	7793	99.97
m21038_250829_055510/39454322/ccs	0.99956	33.5655	3819	99.63
m21038_250829_055510/123278152/ccs	0.999994	52.2185	3442	99.77
m21038_250829_055510/78775043/ccs	0.997644	26.2782	22889	99.96
m21038_250829_055510/65541692/ccs	0.999763	36.2525	14327	99.64
m21038_250926_075351/47383209/ccs	0.995244	23.2276	13427	99.55
m21038_250926_075351/36767885/ccs	0.999685	35.0169	16273	99.98
m21038_250829_055510/125240966/ccs	0.999911	40.5061	9809	99.66
m21038_250926_075351/57345499/ccs	0.999867	38.7615	15386	99.60
m21038_250829_055510/27132941/ccs	0.999944	42.5181	4752	99.98
m21038_250926_075351/69994117/ccs	0.999882	39.2812	12883	99.58
m21038_250829_055510/256444252/ccs	0.999993	51.549	4503	99.71
m21038_250829_055510/135400983/ccs	0.9999	40	13300	99.60
m21038_250829_055510/54723695/ccs	0.999251	31.2552	22073	99.33
m21038_250829_055510/19466541/ccs	0.998052	27.1041	17879	99.27
m21038_250829_055510/103290005/ccs	0.999908	40.3621	16119	99.56
m21038_250926_075351/126158291/ccs	0.999996	53.9794	8727	99.99
m21038_250926_075351/123406928/ccs	0.999697	35.1856	19373	99.97
m21038_250926_075351/101650110/ccs	0.999904	40.1773	12069	99.58
m21038_250829_055510/3607742/ccs	0.999944	42.5181	13791	99.58
m21038_250926_075351/93522164/ccs	0.9999	40	5816	99.69
m21038_250926_075351/13568370/ccs	0.999993	51.549	6604	99.68
m21038_250829_055510/169675596/ccs	0.9989	29.5861	10986	99.99
m21038_250829_055510/96997518/ccs	0.99762	26.2342	17671	99.98
m21038_250926_075351/235865956/ccs	0.999271	31.3727	9216	100.00
m21038_250829_055510/46727699/ccs	0.999728	35.6543	18884	99.99
m21038_250926_075351/118887258/ccs	0.998021	27.0355	6460	99.64
m21038_250926_075351/152505224/ccs	0.999266	31.343	10224	99.57
m21038_250926_075351/259850735/ccs	0.999999	60	8822	99.50
m21038_250829_055510/123538896/ccs	1	60	3393	99.67
m21038_250926_075351/114165778/ccs	0.998444	28.0799	5083	99.70
m21038_250926_075351/102501235/ccs	0.996999	25.2273	12550	99.49
m21038_250829_055510/120457383/ccs	0.999975	46.0206	10606	99.53
m21038_250829_055510/158798925/ccs	0.999993	51.549	8356	99.53
m21038_250926_075351/137172039/ccs	0.999953	43.279	5327	99.57
m21038_250829_055510/200934457/ccs	0.999805	37.0997	9620	99.56
m21038_250926_075351/155847019/ccs	0.997075	25.3387	5902	99.51
m21038_250829_055510/33101475/ccs	0.996611	24.6993	16173	99.31
m21038_250829_055510/155913073/ccs	0.9989	29.5861	5924	99.67
m21038_250926_075351/82382874/ccs	0.999956	43.5655	7929	99.52
m21038_250829_055510/265160165/ccs	0.999974	45.8503	5503	99.63
m21038_250926_075351/65080061/ccs	0.999927	41.3668	6785	99.59
m21038_250829_055510/107413826/ccs	0.999916	40.7572	6266	99.58
m21038_250926_075351/81069110/ccs	0.999697	35.1856	22344	99.39
m21038_250829_055510/141234331/ccs	0.999479	32.8316	24824	99.99
m21038_250829_055510/11667274/ccs	0.999997	55.2288	5176	99.59
m21038_250926_075351/131010393/ccs	0.999855	38.3863	6733	99.56
m21038_250926_075351/113249374/ccs	0.999791	36.7985	3442	99.53
m21038_250926_075351/146279103/ccs	0.997914	26.8069	3105	99.74
m21038_250829_055510/83038394/ccs	0.999981	47.2125	7124	99.27
m21038_250829_055510/143262639/ccs	0.999973	45.6864	8109	99.21
m21038_250926_075351/12846061/ccs	0.999328	31.7263	12191	99.50
m21038_250926_075351/81794793/ccs	0.999931	41.6115	7940	99.22
m21038_250926_075351/91030079/ccs	0.999928	41.4267	7026	99.54
m21038_250829_055510/34669791/ccs	0.999081	30.3668	5974	99.26
m21038_250926_075351/16978556/ccs	0.999526	33.2422	18476	99.99
m21038_250926_075351/64618915/ccs	0.990664	20.2984	5502	99.27
m21038_250926_075351/147330708/ccs	0.999942	42.3657	5122	100.00
m21038_250926_075351/54003056/ccs	0.999973	45.6864	3837	99.61
m21038_250926_075351/223873593/ccs	0.999842	38.0134	14603	99.29
m21038_250829_055510/200148458/ccs	0.999999	60	4945	100.00
m21038_250926_075351/45222661/ccs	0.999977	46.3827	3744	99.41
m21038_250926_075351/199297597/ccs	0.999844	38.0688	4228	99.60
m21038_250829_055510/127797647/ccs	0.99998	46.9897	5620	99.45
m21038_250926_075351/48629600/ccs	0.999899	39.9568	11471	100.00
m21038_250926_075351/5116953/ccs	0.99959	33.8722	16357	99.31
m21038_250829_055510/103617645/ccs	0.999869	38.8273	4221	99.19
m21038_250926_075351/10290445/ccs	0.999999	60	6630	99.06
m21038_250829_055510/99813637/ccs	0.999618	34.1794	18958	99.37
m21038_250829_055510/110888500/ccs	0.99806	27.122	14224	99.96
m21038_250926_075351/63308538/ccs	0.999989	49.5861	4535	99.43
m21038_250829_055510/147130926/ccs	0.999817	37.3755	16553	99.30
m21038_250829_055510/86052652/ccs	0.999961	44.0894	9503	99.14
m21038_250829_055510/131269399/ccs	0.999924	41.1919	4772	98.91
m21038_250926_075351/20711137/ccs	1	60	3449	99.45
m21038_250926_075351/227346154/ccs	0.998256	27.5845	13732	99.29
m21038_250829_055510/237700727/ccs	0.999979	46.7778	7329	100.00
m21038_250926_075351/80417064/ccs	0.999944	42.5181	8802	99.12
m21038_250829_055510/230230363/ccs	1	60	4877	99.53
m21038_250926_075351/92082310/ccs	0.999984	47.9588	3501	98.86
m21038_250829_055510/66852246/ccs	0.999993	51.549	6450	99.02
m21038_250829_055510/116393315/ccs	0.999989	49.5861	7957	100.00
m21038_250829_055510/113774369/ccs	0.999975	46.0206	12929	99.31
m21038_250926_075351/150866588/ccs	0.999502	33.0277	16476	99.37
m21038_250829_055510/204604227/ccs	0.999655	34.6218	5198	99.09
m21038_250829_055510/114821496/ccs	1	60	3283	99.30
m21038_250829_055510/59704049/ccs	0.999997	55.2288	4844	100.00
m21038_250926_075351/52958443/ccs	0.999949	42.9243	8689	99.99
m21038_250829_055510/219219436/ccs	0.999827	37.6195	9899	99.32
m21038_250829_055510/56952651/ccs	0.997413	25.872	4393	99.98
m21038_250926_075351/144903847/ccs	0.999477	32.815	2853	99.42
m21038_250829_055510/91162649/ccs	0.999992	50.9691	9397	99.99
m21038_250926_075351/146540273/ccs	0.999932	41.6749	6341	99.98
m21038_250926_075351/68424901/ccs	0.999979	46.7778	7166	99.30
m21038_250926_075351/41226910/ccs	0.999971	45.376	10340	99.99
m21038_250829_055510/186057302/ccs	0.999961	44.0894	8340	99.99
m21038_250829_055510/65540357/ccs	0.999967	44.8149	13397	99.45
m21038_250926_075351/38013235/ccs	0.999999	60	7264	99.99
m21038_250829_055510/73007997/ccs	0.999984	47.9588	8416	99.99
m21038_250926_075351/214501655/ccs	1	60	3714	99.97
m21038_250926_075351/175311179/ccs	0.999998	56.9897	8087	99.98
m21038_250926_075351/244714190/ccs	0.999871	38.8941	9726	99.98
m21038_250926_075351/252839540/ccs	1	60	4486	99.98
m21038_250829_055510/218628806/ccs	0.999032	30.1412	5593	99.98
m21038_250829_055510/60819063/ccs	0.99507	23.0715	4878	99.61
m21038_250926_075351/109709212/ccs	0.999991	50.4576	5116	99.73
m21038_250829_055510/22676537/ccs	1	60	3038	100.00
m21038_250926_075351/4983949/ccs	0.998258	27.5895	6123	99.93
m21038_250926_075351/156701143/ccs	0.999999	60	3788	100.00
m21038_250926_075351/101193335/ccs	0.999999	60	4426	99.98
m21038_250926_075351/153425339/ccs	0.999376	32.0482	3804	99.97
m21038_250926_075351/127603296/ccs	0.999512	33.1158	7663	99.97
m21038_250926_075351/221448203/ccs	0.999292	31.4997	4948	99.98
m21038_250829_055510/265028777/ccs	1	60	4428	98.42
m21038_250829_055510/36637203/ccs	0.999991	50.4576	9892	98.73
m21038_250829_055510/65994899/ccs	0.999853	38.3268	5457	97.05
m21038_250926_075351/84413770/ccs	0.999831	37.7211	7640	98.73
m21038_250926_075351/158601252/ccs	0.999868	38.7943	5634	98.65
m21038_250829_055510/153946347/ccs	0.998627	28.6233	7063	97.55
m21038_250926_075351/116916531/ccs	0.999704	35.2871	5412	97.56
m21038_250829_055510/121241923/ccs	0.999507	33.0715	13144	99.96
m21038_250926_075351/143397885/ccs	1	60	4470	100.00
m21038_250926_075351/99486048/ccs	1	60	5226	99.39
m21038_250926_075351/99095013/ccs	0.999943	42.4413	3597	99.50
m21038_250926_075351/123012976/ccs	0.999999	60	6175	99.98
m21038_250926_075351/63571086/ccs	0.999293	31.5058	6964	99.99
m21038_250829_055510/78710513/ccs	0.999989	49.5861	8076	99.37
m21038_250926_075351/107675706/ccs	0.998518	28.2915	22015	98.83
m21038_250926_075351/225378514/ccs	0.999678	34.9214	19630	98.74
m21038_250926_075351/256903954/ccs	0.99937	32.0066	15050	98.70
m21038_250829_055510/57480469/ccs	0.994866	22.8954	14804	98.72
m21038_250926_075351/133696370/ccs	0.993533	21.893	2936	98.43
m21038_250926_075351/91951277/ccs	0.997579	26.1601	11588	99.36
m21038_250926_075351/123343340/ccs	0.999969	45.0864	6108	99.51
m21038_250829_055510/161614417/ccs	0.998837	29.3442	5763	99.50
m21038_250926_075351/57738991/ccs	0.999977	46.3827	12662	99.45
m21038_250829_055510/228985538/ccs	0.994411	22.5267	20806	99.46
m21038_250829_055510/125633233/ccs	0.99766	26.3078	30289	99.46
m21038_250926_075351/117113855/ccs	0.99993	41.549	6848	98.91
m21038_250926_075351/83100040/ccs	0.999281	31.4327	19959	98.78
m21038_250829_055510/44106098/ccs	0.998762	29.0728	7506	99.39
m21038_250926_075351/77005673/ccs	0.999753	36.073	22601	99.79
m21038_250926_075351/78646609/ccs	0.994562	22.6456	29230	99.58
m21038_250926_075351/54789888/ccs	0.99351	21.8776	3003	99.57
m21038_250926_075351/93456506/ccs	0.998148	27.3236	3397	99.67
m21038_250926_075351/57149952/ccs	0.998857	29.4195	26545	98.76
m21038_250926_075351/74188474/ccs	0.999944	42.5181	6662	98.91
m21038_250829_055510/223087420/ccs	0.998962	29.838	22211	98.79
m21038_250829_055510/116917436/ccs	0.99959	33.8722	8175	99.99
m21038_250926_075351/47321678/ccs	0.999894	39.7469	3403	98.99
m21038_250926_075351/66326614/ccs	0.998886	29.5311	5589	99.66
m21038_250926_075351/264570959/ccs	0.99999	50	5998	99.63
m21038_250829_055510/172492867/ccs	0.999683	34.9894	4252	99.17
m21038_250926_075351/101058742/ccs	0.999766	36.3078	14409	98.81
m21038_250829_055510/27595805/ccs	0.995053	23.0566	19223	99.64
m21038_250829_055510/20054569/ccs	0.998861	29.4348	20260	99.57
m21038_250829_055510/18093666/ccs	0.999747	35.9688	20334	99.57
m21038_250926_075351/34474271/ccs	0.990997	20.4561	19544	99.49
m21038_250926_075351/238947100/ccs	1	60	5460	98.48
m21038_250829_055510/127733184/ccs	0.998466	28.1417	16529	98.78
m21038_250829_055510/242549742/ccs	0.997711	26.4035	26344	99.60
m21038_250926_075351/224526480/ccs	0.999965	44.5593	8099	99.89
m21038_250926_075351/103026801/ccs	0.999968	44.9485	13285	99.51
m21038_250829_055510/36640561/ccs	0.99988	39.2082	15090	99.71
m21038_250926_075351/121701591/ccs	0.99948	32.84	20450	99.60
m21038_250926_075351/89723489/ccs	0.999463	32.7003	24252	99.66
m21038_250829_055510/117441380/ccs	0.997404	25.857	25214	99.63
m21038_250829_055510/199558017/ccs	0.999963	44.318	5909	99.39
m21038_250926_075351/1640279/ccs	0.999277	31.4086	22665	99.61
m21038_250829_055510/169279778/ccs	0.99993	41.549	8350	99.44
m21038_250926_075351/127077396/ccs	0.997981	26.9486	13966	99.66
m21038_250829_055510/46208614/ccs	0.999993	51.549	8864	99.70
m21038_250829_055510/99553955/ccs	0.999999	60	4276	99.88
m21038_250926_075351/174195924/ccs	0.99999	50	6888	99.76
m21038_250829_055510/78054332/ccs	0.998056	27.113	12580	98.78
m21038_250926_075351/86377886/ccs	0.999809	37.1897	12893	98.83
m21038_250829_055510/26479732/ccs	0.999297	31.5304	23675	99.77
m21038_250926_075351/126026877/ccs	0.998526	28.315	24610	99.73
m21038_250926_075351/141429287/ccs	0.999169	30.804	23965	99.77
m21038_250926_075351/194707923/ccs	0.999786	36.6959	21509	99.61
m21038_250926_075351/52757168/ccs	0.999955	43.4679	8950	99.71
m21038_250926_075351/258737277/ccs	0.999987	48.8606	7792	99.69
m21038_250829_055510/65012437/ccs	0.999919	40.9151	4329	99.84
m21038_250829_055510/45746678/ccs	0.998975	29.8928	27443	99.70
m21038_250926_075351/171838452/ccs	0.999615	34.1454	23869	99.57
m21038_250926_075351/174065475/ccs	1	60	4862	99.63
m21038_250829_055510/260703389/ccs	0.999153	30.7212	23576	99.66
m21038_250926_075351/68883610/ccs	0.999963	44.318	14329	99.72
m21038_250926_075351/228917789/ccs	0.999173	30.8249	15292	99.71
m21038_250926_075351/76550002/ccs	0.999732	35.7187	21052	99.77
m21038_250829_055510/14878126/ccs	0.999896	39.8297	11576	99.56
m21038_250829_055510/145429820/ccs	0.998969	29.8674	20133	99.56
m21038_250829_055510/90310001/ccs	0.999552	33.4872	20219	99.73
m21038_250926_075351/262278129/ccs	0.999871	38.8941	11328	99.74
m21038_250829_055510/47842584/ccs	0.998164	27.3613	15048	99.56
m21038_250829_055510/198641943/ccs	0.999938	42.0761	7311	99.52
m21038_250829_055510/195494100/ccs	1	60	4497	99.44
m21038_250829_055510/263194703/ccs	0.999991	50.4576	5816	99.48
m21038_250926_075351/62194065/ccs	0.998709	28.8907	27399	99.69
m21038_250829_055510/119080102/ccs	0.995417	23.3885	25416	99.74
m21038_250829_055510/24319421/ccs	0.999417	32.3433	14559	99.55
m21038_250829_055510/55773832/ccs	0.999704	35.2871	19458	99.75
m21038_250926_075351/231147357/ccs	0.99979	36.7778	20526	99.47
m21038_250829_055510/237175081/ccs	0.999992	50.9691	8683	99.61
m21038_250829_055510/10882621/ccs	0.998948	29.7798	20897	99.46
m21038_250829_055510/69076247/ccs	0.999951	43.098	3895	99.85
m21038_250926_075351/78120988/ccs	0.999984	47.9588	4227	99.62
m21038_250926_075351/192480244/ccs	0.999791	36.7985	21663	98.56
m21038_250829_055510/31069704/ccs	0.999096	30.4383	16339	99.73
m21038_250829_055510/124981235/ccs	0.999922	41.0791	7869	99.78
m21038_250829_055510/150146271/ccs	0.999583	33.7986	20453	99.77
m21038_250926_075351/73924849/ccs	0.999852	38.2974	14221	99.70
m21038_250829_055510/72095468/ccs	0.999287	31.4691	16962	99.75
m21038_250926_075351/146932943/ccs	0.999725	35.6067	22523	99.87
m21038_250926_075351/162726684/ccs	0.999518	33.1695	27364	99.74
m21038_250926_075351/60035744/ccs	0.999949	42.9243	4263	99.81
m21038_250926_075351/120915936/ccs	0.999992	50.9691	5369	99.72
m21038_250926_075351/48370672/ccs	0.997811	26.5975	27161	99.75
m21038_250926_075351/73863228/ccs	0.997116	25.4	25854	99.72
m21038_250829_055510/25235777/ccs	0.999924	41.1919	5046	99.80
m21038_250926_075351/105578838/ccs	0.9999	40	17352	99.87
m21038_250829_055510/146342009/ccs	0.999701	35.2433	21506	99.52
m21038_250926_075351/104466707/ccs	0.999591	33.8828	20506	99.76
m21038_250926_075351/196608048/ccs	0.999965	44.5593	7979	99.77
m21038_250926_075351/4654854/ccs	0.99453	22.6201	10112	99.72
m21038_250926_075351/144508554/ccs	0.999985	48.2391	13249	99.76
m21038_250829_055510/22221909/ccs	0.998403	27.967	24890	99.74
m21038_250829_055510/56102982/ccs	0.99767	26.3264	30526	99.71
m21038_250926_075351/185730984/ccs	0.999916	40.7572	10286	99.89
m21038_250829_055510/157946886/ccs	0.999526	33.2422	18953	99.91
m21038_250829_055510/82775953/ccs	0.999128	30.5948	27907	99.56
m21038_250829_055510/17041312/ccs	0.999965	44.5593	12027	99.42
m21038_250829_055510/209519933/ccs	0.999861	38.5699	15983	99.93
m21038_250926_075351/157812036/ccs	0.999848	38.1816	5287	99.94
m21038_250926_075351/46601900/ccs	0.999918	40.8619	11289	99.41
m21038_250829_055510/193265888/ccs	0.999686	35.0307	11204	99.41
m21038_250829_055510/115017979/ccs	1	60	4562	99.96
m21038_250926_075351/129635702/ccs	0.995967	23.9437	14143	99.93
m21038_250829_055510/113181219/ccs	0.999998	56.9897	4549	99.89
m21038_250926_075351/55248764/ccs	0.999939	42.1467	11997	99.41
m21038_250829_055510/41029105/ccs	0.999986	48.5387	5756	99.93
m21038_250829_055510/54593808/ccs	0.999996	53.9794	3278	99.91
m21038_250829_055510/240978657/ccs	0.999958	43.7675	3474	99.97
m21038_250926_075351/245104749/ccs	0.999976	46.1979	5381	99.81
m21038_250926_075351/153162211/ccs	0.999901	40.0436	3618	99.97
m21038_250829_055510/55907090/ccs	1	60	2076	100.00
m21038_250829_055510/30605608/ccs	0.999099	30.4528	12747	99.94
m21038_250926_075351/105253677/ccs	0.999989	49.5861	4032	99.88
m21038_250829_055510/68291877/ccs	0.999815	37.3283	15259	99.79
m21038_250829_055510/256443961/ccs	0.999777	36.517	17466	99.93
m21038_250829_055510/139659994/ccs	0.996117	24.1083	3256	99.97
m21038_250829_055510/120066316/ccs	0.999987	48.8606	7711	99.95
m21038_250926_075351/94179181/ccs	0.999437	32.4949	26634	99.57
m21038_250926_075351/132715324/ccs	0.999374	32.0343	12664	99.79
m21038_250829_055510/71832734/ccs	0.999978	46.5758	6173	99.20
m21038_250829_055510/115148941/ccs	0.999942	42.3657	7174	99.30
m21038_250829_055510/82772108/ccs	0.998192	27.428	18319	99.74
m21038_250829_055510/112465570/ccs	0.999972	45.5284	7043	99.74
