read_id	rq	qv	read_length	iden
m21038_250911_051612/44893612/ccs	1	60	2912	99.93
m21038_251024_072723/134219325/ccs	0.999885	39.393	8678	98.58
m21038_251024_072723/181797608/ccs	0.998521	28.3003	9832	99.09
m21038_251024_072723/256443568/ccs	0.999995	53.0103	3345	99.91
m21038_251024_072723/188809517/ccs	0.999994	52.2185	6815	98.93
m21038_251024_072723/60626523/ccs	0.999356	31.9111	14477	99.26
m21038_251024_072723/127468684/ccs	0.997376	25.8104	13474	99.17
m21038_250911_051612/92737967/ccs	0.999916	40.7572	12612	99.19
m21038_250911_051612/197133182/ccs	0.999869	38.8273	4251	98.42
m21038_251024_072723/9374958/ccs	0.999662	34.7108	12202	99.19
m21038_251024_072723/116066845/ccs	0.99517	23.1605	12777	99.52
m21038_251024_072723/123998192/ccs	0.999991	50.4576	8474	99.49
m21038_250911_051612/262145566/ccs	0.999373	32.0273	10368	99.60
m21038_250911_051612/78121928/ccs	0.999998	56.9897	3119	99.23
m21038_251024_072723/159122098/ccs	0.999017	30.0745	5628	99.56
m21038_250911_051612/266734036/ccs	0.999967	44.8149	7115	99.16
m21038_251024_072723/177276057/ccs	0.996778	24.9187	18257	99.11
m21038_250911_051612/264832083/ccs	0.999928	41.4267	6908	99.59
m21038_250911_051612/119735769/ccs	0.997199	25.5269	13324	99.71
m21038_250911_051612/25430564/ccs	0.999371	32.0135	6235	99.90
m21038_250911_051612/260114113/ccs	0.999865	38.6967	3519	99.03
m21038_250911_051612/38077684/ccs	1	60	5229	99.10
m21038_250911_051612/159978280/ccs	0.996925	25.1215	15979	99.71
m21038_251024_072723/133106790/ccs	0.998877	29.4962	12995	99.16
m21038_250911_051612/75765279/ccs	0.997571	26.1457	4642	99.87
m21038_251024_072723/126485337/ccs	0.998283	27.6523	4164	99.76
m21038_250911_051612/140706042/ccs	0.999985	48.2391	3394	99.76
m21038_250911_051612/45810270/ccs	0.998276	27.6346	19100	99.77
m21038_251024_072723/265945460/ccs	0.999613	34.1229	19336	98.82
m21038_250911_051612/76221976/ccs	0.999345	31.8376	21762	99.76
m21038_250911_051612/195560967/ccs	0.999814	37.3049	18370	99.74
m21038_250911_051612/36050542/ccs	1	60	3978	98.34
m21038_250911_051612/83624150/ccs	1	60	4230	98.42
m21038_251024_072723/193922352/ccs	0.999461	32.6841	8155	98.70
m21038_251024_072723/34670749/ccs	0.999999	60	6840	98.79
m21038_250911_051612/191236057/ccs	0.999995	53.0103	5128	99.16
m21038_250911_051612/65471429/ccs	0.999927	41.3668	8497	99.06
m21038_251024_072723/25694219/ccs	0.998702	28.8673	26851	99.71
m21038_251024_072723/193071803/ccs	0.999771	36.4016	20789	99.91
m21038_251024_072723/56558724/ccs	0.99917	30.8092	24953	99.92
m21038_251024_072723/79107556/ccs	0.997903	26.784	21595	99.89
m21038_251024_072723/105515233/ccs	0.998855	29.4119	27734	99.78
m21038_251024_072723/67044972/ccs	0.999814	37.3049	6934	99.96
m21038_251024_072723/163514401/ccs	0.999765	36.2893	25455	99.80
m21038_250911_051612/139792947/ccs	0.999624	34.2481	5451	97.39
m21038_251024_072723/72946272/ccs	0.9969	25.0864	29340	99.90
m21038_251024_072723/105320356/ccs	0.99957	33.6653	19994	99.90
m21038_251024_072723/91292032/ccs	0.999815	37.3283	21036	99.91
m21038_251024_072723/15601665/ccs	0.999895	39.7881	16910	99.85
m21038_251024_072723/239404296/ccs	0.998691	28.8306	21681	99.88
m21038_251024_072723/83695184/ccs	0.998841	29.3592	24439	99.88
m21038_250911_051612/10096883/ccs	0.999727	35.6384	7683	99.95
m21038_251024_072723/144310600/ccs	0.996712	24.8307	12465	99.90
m21038_251024_072723/185993512/ccs	0.99304	21.5739	22520	99.93
m21038_251024_072723/263456535/ccs	0.99953	33.279	22945	99.87
m21038_250911_051612/105382086/ccs	0.999994	52.2185	11652	99.95
m21038_250911_051612/157751113/ccs	0.999993	51.549	7549	99.95
m21038_250911_051612/95224008/ccs	0.999559	33.5556	17505	99.92
m21038_250911_051612/86447864/ccs	1	60	2855	99.96
m21038_250911_051612/132584938/ccs	0.999936	41.9382	5067	99.96
m21038_251024_072723/175768540/ccs	0.999834	37.7989	18742	99.90
m21038_251024_072723/266405142/ccs	0.998679	28.791	27438	99.84
m21038_250911_051612/131335525/ccs	0.999895	39.7881	6168	99.98
m21038_250911_051612/116462418/ccs	0.999934	41.8046	7111	99.99
m21038_250911_051612/78058017/ccs	0.999158	30.7469	13837	99.92
m21038_251024_072723/5965534/ccs	0.99999	50	8494	99.98
m21038_250911_051612/207424100/ccs	1	60	4261	99.98
m21038_250911_051612/19729690/ccs	0.9973	25.6864	22587	99.87
m21038_251024_072723/184812650/ccs	0.999997	55.2288	3899	100.00
m21038_251024_072723/61016150/ccs	0.999775	36.4782	15838	99.96
m21038_250911_051612/43584460/ccs	0.999424	32.3958	6701	99.97
m21038_250911_051612/125507415/ccs	0.998317	27.7392	17384	99.90
m21038_251024_072723/137626403/ccs	0.999728	35.6543	8146	99.95
m21038_250911_051612/128321737/ccs	0.997961	26.9058	22211	99.95
m21038_250911_051612/14814530/ccs	0.999504	33.0452	23474	99.88
m21038_250911_051612/154014857/ccs	0.999892	39.6658	2330	99.96
m21038_250911_051612/62980795/ccs	0.999863	38.6328	8105	99.95
m21038_251024_072723/21695339/ccs	0.998354	27.8357	4586	99.98
m21038_250911_051612/49746505/ccs	0.999398	32.204	4894	99.96
m21038_250911_051612/72745912/ccs	0.999658	34.6597	8557	99.87
m21038_251024_072723/87361099/ccs	1	60	5064	99.96
m21038_251024_072723/34800875/ccs	0.999624	34.2481	9823	99.95
m21038_250911_051612/5113023/ccs	0.999901	40.0436	10638	99.95
m21038_250911_051612/15863980/ccs	1	60	3775	99.97
m21038_251024_072723/263192797/ccs	0.999394	32.1753	19504	99.95
m21038_251024_072723/236128252/ccs	0.999992	50.9691	6877	99.96
m21038_250911_051612/242288360/ccs	0.999971	45.376	13492	99.88
m21038_250911_051612/90705773/ccs	0.999727	35.6384	19153	99.95
m21038_250911_051612/20906213/ccs	0.996614	24.7031	6904	99.94
m21038_251024_072723/23789993/ccs	0.99965	34.5593	8259	99.89
m21038_250911_051612/183174405/ccs	1	60	6483	99.88
m21038_251024_072723/126097079/ccs	0.999708	35.3462	23426	99.94
m21038_251024_072723/101056832/ccs	0.993395	21.8013	24151	99.83
m21038_251024_072723/5705609/ccs	0.998243	27.5523	4159	99.88
m21038_251024_072723/3344070/ccs	0.998898	29.5782	24907	99.94
m21038_250911_051612/233308711/ccs	0.999981	47.2125	2883	99.93
m21038_251024_072723/84610072/ccs	0.999616	34.1567	9471	99.94
m21038_251024_072723/51774826/ccs	0.999837	37.8781	19404	99.83
m21038_250911_051612/21104364/ccs	0.999757	36.1439	23638	99.94
m21038_250911_051612/4722454/ccs	0.99996	43.9794	8896	99.85
m21038_251024_072723/234620894/ccs	0.999998	56.9897	8447	99.93
m21038_250911_051612/6624434/ccs	0.998995	29.9783	7877	99.86
m21038_250911_051612/128582997/ccs	0.999999	60	4430	99.82
m21038_251024_072723/244714152/ccs	0.999971	45.376	3890	99.85
m21038_250911_051612/144970474/ccs	0.99993	41.549	7146	99.93
m21038_251024_072723/59445279/ccs	0.999987	48.8606	5535	99.86
m21038_251024_072723/100730528/ccs	0.99971	35.376	8338	99.94
m21038_250911_051612/211814541/ccs	1	60	3601	99.83
m21038_251024_072723/244582400/ccs	0.99011	20.048	27135	99.82
m21038_250911_051612/201786083/ccs	0.999833	37.7728	8067	99.94
m21038_250911_051612/127664975/ccs	0.999822	37.4958	4638	99.96
m21038_251024_072723/33362027/ccs	0.999987	48.8606	6349	99.94
m21038_250911_051612/131273874/ccs	0.999745	35.9346	3786	99.95
m21038_251024_072723/239468739/ccs	0.999863	38.6328	19248	99.83
m21038_251024_072723/52429513/ccs	0.999953	43.279	6722	99.84
m21038_251024_072723/64885830/ccs	0.999949	42.9243	3556	99.86
m21038_251024_072723/112135907/ccs	0.999836	37.8516	8919	99.83
m21038_251024_072723/201655729/ccs	0.998629	28.6296	8097	99.79
m21038_250911_051612/129829626/ccs	0.995045	23.0496	30905	99.77
m21038_251024_072723/80154044/ccs	0.999587	33.8405	3752	99.95
m21038_250911_051612/35718011/ccs	0.999902	40.0877	13454	99.94
m21038_250911_051612/214237630/ccs	0.999262	31.3194	22237	99.80
m21038_250911_051612/66650576/ccs	0.999973	45.6864	13593	99.82
m21038_250911_051612/171573919/ccs	0.999997	55.2288	5050	99.76
m21038_251024_072723/216140642/ccs	0.999985	48.2391	10376	99.95
m21038_250911_051612/157614742/ccs	0.999782	36.6154	6084	99.98
m21038_251024_072723/147982640/ccs	0.999634	34.3652	18421	99.95
m21038_250911_051612/147196180/ccs	0.991291	20.6003	26083	99.80
m21038_250911_051612/81596743/ccs	0.999988	49.2082	7589	99.84
m21038_250911_051612/83626034/ccs	0.999397	32.1968	14425	99.94
m21038_251024_072723/221579449/ccs	0.999873	38.962	11708	99.95
m21038_251024_072723/49547736/ccs	0.99853	28.3268	32997	99.91
m21038_250911_051612/159452679/ccs	0.99723	25.5752	20988	99.94
m21038_250911_051612/115017207/ccs	0.999593	33.9041	21656	99.95
m21038_251024_072723/21301025/ccs	0.999002	30.0087	28561	99.93
m21038_251024_072723/58594850/ccs	0.999679	34.9349	19770	99.83
m21038_250911_051612/39455486/ccs	1	60	3150	99.90
m21038_251024_072723/7869666/ccs	0.993496	21.8682	21580	99.92
m21038_250911_051612/86049692/ccs	1	60	2878	99.97
m21038_251024_072723/150340609/ccs	0.999899	39.9568	18057	99.94
m21038_250911_051612/77464581/ccs	0.999993	51.549	5799	99.93
m21038_250911_051612/80089881/ccs	0.997485	25.9946	3446	99.68
m21038_250911_051612/124063421/ccs	0.997748	26.4743	19985	99.92
m21038_250911_051612/180093011/ccs	0.999508	33.0803	13536	99.94
m21038_251024_072723/121244562/ccs	0.999071	30.3198	11231	99.79
m21038_250911_051612/117637271/ccs	0.999801	37.0115	5045	99.90
m21038_251024_072723/172426004/ccs	0.999798	36.9465	3654	99.81
m21038_250911_051612/73859760/ccs	0.999997	55.2288	4639	99.89
m21038_250911_051612/111744579/ccs	0.999998	56.9897	3780	99.89
m21038_250911_051612/38865835/ccs	0.999387	32.1254	14142	99.81
m21038_250911_051612/192875461/ccs	0.999995	53.0103	4668	99.89
m21038_251024_072723/120196840/ccs	0.999937	42.0066	4001	99.83
m21038_250911_051612/253298773/ccs	0.999938	42.0761	6620	99.83
m21038_251024_072723/80742079/ccs	0.999525	33.2331	20985	99.87
m21038_250911_051612/120785898/ccs	0.999141	30.6601	4674	99.96
m21038_251024_072723/155519459/ccs	0.99099	20.4528	10748	99.81
m21038_251024_072723/135729263/ccs	0.996434	24.4782	26514	99.85
m21038_251024_072723/23074711/ccs	0.997554	26.1154	36250	99.85
m21038_250911_051612/71043254/ccs	0.999927	41.3668	12183	99.95
m21038_250911_051612/247595561/ccs	0.99801	27.0115	20306	99.94
m21038_250911_051612/87036107/ccs	0.999968	44.9485	5023	99.82
m21038_251024_072723/194183309/ccs	0.999937	42.0066	5789	99.97
m21038_251024_072723/92471598/ccs	0.998844	29.3704	12338	99.95
m21038_251024_072723/206438970/ccs	0.999932	41.6749	15651	99.84
m21038_251024_072723/236323191/ccs	0.994789	22.8308	19494	99.84
m21038_251024_072723/148310785/ccs	0.998921	29.6698	12561	99.81
m21038_251024_072723/46727380/ccs	0.999992	50.9691	10211	99.79
m21038_250911_051612/252642064/ccs	0.999999	60	6932	99.94
m21038_250911_051612/58790366/ccs	0.999969	45.0864	5365	99.76
m21038_250911_051612/11473922/ccs	0.998944	29.7634	6985	99.96
m21038_251024_072723/41682199/ccs	0.999714	35.4363	21383	99.86
m21038_250911_051612/40173892/ccs	0.99994	42.2185	5235	99.98
m21038_250911_051612/194120545/ccs	0.999983	47.6955	5280	99.98
m21038_250911_051612/33624435/ccs	0.999965	44.5593	11274	99.80
m21038_250911_051612/36180838/ccs	0.999503	33.0364	9815	99.76
m21038_250911_051612/223610886/ccs	0.999849	38.2102	6440	99.75
m21038_250911_051612/166270781/ccs	0.999949	42.9243	4188	99.98
m21038_251024_072723/199624738/ccs	0.997562	26.1297	19333	99.84
m21038_251024_072723/18943942/ccs	0.999791	36.7985	6732	99.75
m21038_250911_051612/179571334/ccs	0.999002	30.0087	2587	99.73
m21038_250911_051612/125178396/ccs	0.999836	37.8516	6408	99.97
m21038_250911_051612/171184628/ccs	0.999683	34.9894	16998	99.92
m21038_251024_072723/93983880/ccs	0.995294	23.2735	21246	99.86
m21038_250911_051612/258804057/ccs	0.999773	36.4397	15823	99.87
m21038_250911_051612/88215819/ccs	0.991709	20.8139	3162	99.68
m21038_251024_072723/156173426/ccs	0.999575	33.7161	22100	99.90
m21038_251024_072723/55776657/ccs	0.997086	25.3551	5908	99.83
m21038_250911_051612/158994277/ccs	0.999241	31.1976	3800	99.79
m21038_250911_051612/94899860/ccs	0.999995	53.0103	8249	99.85
m21038_250911_051612/163057523/ccs	0.996091	24.0793	24795	99.84
m21038_250911_051612/158732406/ccs	0.999777	36.517	4706	99.94
m21038_250911_051612/78188810/ccs	0.999941	42.2915	12761	99.89
m21038_251024_072723/24384133/ccs	0.999711	35.391	14910	99.90
m21038_251024_072723/18547185/ccs	0.999963	44.318	11111	99.98
m21038_251024_072723/162201873/ccs	0.999842	38.0134	12010	99.92
m21038_250911_051612/40113100/ccs	0.999941	42.2915	10774	99.92
m21038_251024_072723/115871273/ccs	0.99995	43.0103	11106	99.97
m21038_251024_072723/216204142/ccs	0.999932	41.6749	14373	99.92
m21038_251024_072723/12845959/ccs	0.998925	29.6859	21895	99.91
m21038_251024_072723/126293583/ccs	0.99981	37.2125	14313	99.91
m21038_251024_072723/84675516/ccs	0.999982	47.4473	4783	99.96
m21038_250911_051612/168497411/ccs	0.998098	27.2079	6431	99.97
m21038_251024_072723/121307783/ccs	0.999691	35.1004	5062	99.90
m21038_250911_051612/117313422/ccs	0.999766	36.3078	10011	99.97
m21038_250911_051612/146018696/ccs	0.999608	34.0671	4690	99.91
m21038_251024_072723/122424507/ccs	0.999985	48.2391	7326	99.92
m21038_251024_072723/115934450/ccs	0.998043	27.0841	14594	99.90
m21038_250911_051612/76352219/ccs	0.998783	29.1471	22618	99.88
m21038_250911_051612/139593087/ccs	0.99999	50	4655	99.96
m21038_250911_051612/201786645/ccs	0.999972	45.5284	5103	99.92
m21038_251024_072723/99550809/ccs	0.997689	26.362	15686	99.90
m21038_250911_051612/73599974/ccs	0.999147	30.6905	8568	99.91
m21038_250911_051612/35919372/ccs	0.998506	28.2565	7219	99.99
m21038_250911_051612/218759733/ccs	1	60	4578	99.93
m21038_250911_051612/102700474/ccs	0.999895	39.7881	5127	99.94
m21038_250911_051612/166334550/ccs	0.999958	43.7675	9673	99.92
m21038_251024_072723/228001345/ccs	0.99994	42.2185	4265	99.93
m21038_251024_072723/237242400/ccs	0.999992	50.9691	8998	99.90
m21038_251024_072723/133234916/ccs	0.999896	39.8297	11360	99.91
m21038_250911_051612/172627246/ccs	0.999963	44.318	5519	99.96
m21038_250911_051612/138940481/ccs	0.999981	47.2125	4269	100.00
m21038_251024_072723/99616305/ccs	1	60	4398	99.93
m21038_251024_072723/162924535/ccs	0.998216	27.4861	25108	99.90
m21038_251024_072723/101717048/ccs	0.999521	33.1966	15633	99.90
m21038_250911_051612/19533780/ccs	0.99956	33.5655	26346	99.93
m21038_250911_051612/78974035/ccs	0.998847	29.3817	6502	99.86
m21038_250911_051612/133497657/ccs	0.999999	60	3893	99.97
m21038_251024_072723/138154330/ccs	0.999907	40.3152	9694	99.89
m21038_251024_072723/113707394/ccs	0.997873	26.7223	23937	99.88
m21038_251024_072723/247007121/ccs	0.999148	30.6956	15881	99.90
m21038_251024_072723/47777751/ccs	0.996577	24.6559	4566	99.89
m21038_250911_051612/26084178/ccs	0.997273	25.6431	8658	99.92
m21038_250911_051612/36967928/ccs	0.999441	32.5259	16014	99.88
m21038_250911_051612/29103725/ccs	0.999972	45.5284	10195	99.39
m21038_251024_072723/78054273/ccs	0.999994	52.2185	4283	99.77
m21038_251024_072723/137629613/ccs	0.99995	43.0103	6586	99.36
m21038_251024_072723/192086222/ccs	0.994968	22.9826	5750	99.88
m21038_251024_072723/182585644/ccs	0.999941	42.2915	10392	99.90
m21038_251024_072723/197788381/ccs	0.99823	27.5203	3651	99.95
m21038_251024_072723/118883740/ccs	0.999187	30.8991	14007	99.93
m21038_250911_051612/199887793/ccs	0.999738	35.817	7263	99.92
m21038_251024_072723/205981577/ccs	0.999143	30.6702	27686	99.65
m21038_251024_072723/106238182/ccs	0.994694	22.7523	20830	99.59
m21038_250911_051612/137298404/ccs	0.99909	30.4096	31280	99.67
m21038_250911_051612/192808454/ccs	0.999986	48.5387	7124	99.97
m21038_250911_051612/42340953/ccs	0.999882	39.2812	8447	99.89
m21038_250911_051612/71893597/ccs	0.997852	26.6797	22853	99.61
m21038_250911_051612/92406081/ccs	0.999799	36.968	10084	99.94
m21038_250911_051612/237569632/ccs	0.999872	38.9279	12771	99.85
m21038_250911_051612/137238047/ccs	0.999942	42.3657	6626	98.66
m21038_250911_051612/224397071/ccs	0.999781	36.5956	20160	99.96
m21038_251024_072723/145622116/ccs	0.99999	50	5856	98.54
m21038_251024_072723/99487797/ccs	0.999867	38.7615	3955	99.94
m21038_250911_051612/80937238/ccs	0.999996	53.9794	5512	98.57
m21038_250911_051612/93721475/ccs	0.999275	31.3966	6618	98.67
m21038_250911_051612/139594491/ccs	0.999676	34.8945	17850	99.60
m21038_250911_051612/186975351/ccs	0.999301	31.5552	4651	99.98
m21038_251024_072723/125633479/ccs	0.999626	34.2713	22304	99.66
m21038_251024_072723/20382586/ccs	0.998605	28.5543	15727	99.95
m21038_251024_072723/81331328/ccs	0.999289	31.4813	24526	99.68
m21038_250911_051612/40174714/ccs	0.998578	28.471	8125	99.95
m21038_250911_051612/255985825/ccs	0.999073	30.3292	30727	99.56
m21038_250911_051612/80613798/ccs	0.999573	33.6957	3656	99.95
m21038_250911_051612/36047864/ccs	0.999798	36.9465	15137	99.55
m21038_251024_072723/193530377/ccs	0.999704	35.2871	14535	99.87
m21038_251024_072723/208930056/ccs	0.999979	46.7778	7512	99.85
m21038_251024_072723/131336058/ccs	0.999512	33.1158	14297	99.96
m21038_251024_072723/23532623/ccs	0.999833	37.7728	5323	99.85
m21038_251024_072723/110823162/ccs	0.999155	30.7314	5051	99.94
m21038_250911_051612/235930711/ccs	0.999567	33.6351	15406	99.88
m21038_250911_051612/160700272/ccs	0.998833	29.3293	33420	99.57
m21038_250911_051612/214828290/ccs	0.999883	39.3181	9244	99.92
m21038_250911_051612/133108267/ccs	0.999927	41.3668	5286	99.94
m21038_250911_051612/122621953/ccs	0.993819	22.0894	30853	99.54
m21038_251024_072723/168299138/ccs	0.996336	24.3604	19557	99.64
m21038_250911_051612/21959719/ccs	0.998375	27.8915	4358	99.79
m21038_250911_051612/178260901/ccs	0.996273	24.2864	7253	99.94
m21038_250911_051612/44699342/ccs	0.999465	32.7165	27465	99.57
m21038_250911_051612/132779166/ccs	0.999978	46.5758	5202	99.81
m21038_250911_051612/20908320/ccs	0.999383	32.0971	19931	99.68
m21038_251024_072723/111609429/ccs	0.999999	60	4442	99.93
m21038_251024_072723/36902512/ccs	0.999952	43.1876	13793	99.96
m21038_251024_072723/103416032/ccs	0.996809	24.9607	27985	99.55
m21038_251024_072723/43518257/ccs	0.999942	42.3657	5832	99.93
m21038_251024_072723/18352030/ccs	0.997677	26.3395	25599	99.71
m21038_250911_051612/64882052/ccs	0.99998	46.9897	3586	99.75
m21038_251024_072723/256379210/ccs	0.998186	27.4136	21196	99.87
m21038_251024_072723/71373181/ccs	0.996977	25.1956	25642	99.57
m21038_250911_051612/185993849/ccs	0.999561	33.5754	20332	99.68
m21038_250911_051612/179766745/ccs	0.999947	42.7572	11231	99.55
m21038_251024_072723/29099629/ccs	0.998674	28.7746	30037	99.81
m21038_250911_051612/102435332/ccs	0.998192	27.428	11015	99.86
m21038_250911_051612/198379624/ccs	0.995248	23.2312	32220	99.65
m21038_251024_072723/172033115/ccs	0.999976	46.1979	9490	99.58
m21038_251024_072723/201458470/ccs	0.995944	23.919	36993	99.73
m21038_250911_051612/168035062/ccs	0.995961	23.9373	24168	99.71
m21038_250911_051612/85464788/ccs	0.999432	32.4565	14701	99.89
m21038_250911_051612/85661302/ccs	1	60	3354	99.85
m21038_250911_051612/3214418/ccs	0.999999	60	2978	99.83
m21038_251024_072723/73339322/ccs	0.998267	27.612	23585	99.72
m21038_250911_051612/22611204/ccs	0.999733	35.7349	23361	99.77
m21038_251024_072723/246678050/ccs	0.998711	28.8975	26902	99.71
m21038_250911_051612/19988854/ccs	0.99991	40.4576	14498	99.71
m21038_251024_072723/33752151/ccs	0.999831	37.7211	12144	99.97
m21038_251024_072723/119868535/ccs	0.999976	46.1979	4758	99.83
m21038_251024_072723/135792458/ccs	0.999952	43.1876	11988	99.97
m21038_251024_072723/102630735/ccs	0.999864	38.6646	7750	99.90
m21038_251024_072723/113118302/ccs	0.999076	30.3433	22148	99.72
m21038_251024_072723/120394544/ccs	0.999988	49.2082	10662	99.97
m21038_251024_072723/4067799/ccs	0.999979	46.7778	6353	99.53
m21038_251024_072723/219481419/ccs	0.999996	53.9794	3534	99.92
m21038_251024_072723/101520997/ccs	0.999943	42.4413	14716	99.91
m21038_250911_051612/171312364/ccs	0.999893	39.7062	10412	99.97
m21038_250911_051612/235930882/ccs	0.998528	28.3209	36389	99.68
m21038_251024_072723/256117427/ccs	0.999631	34.3297	25074	99.57
m21038_250911_051612/105907598/ccs	0.995849	23.8185	34225	99.66
m21038_251024_072723/74845653/ccs	0.995835	23.8038	25550	99.89
m21038_251024_072723/20382879/ccs	0.999085	30.3858	26521	99.93
m21038_250911_051612/259131123/ccs	0.999449	32.5885	27913	99.74
m21038_251024_072723/250349619/ccs	0.999817	37.3755	13779	99.91
m21038_250911_051612/22615576/ccs	0.999951	43.098	11174	99.90
m21038_251024_072723/119476090/ccs	0.999788	36.7366	14286	99.91
m21038_250911_051612/92410306/ccs	0.999809	37.1897	7698	99.66
m21038_250911_051612/79499197/ccs	0.999989	49.5861	9510	99.91
m21038_250911_051612/189596753/ccs	1	60	3563	99.89
m21038_251024_072723/55513811/ccs	0.999964	44.437	4649	99.91
m21038_250911_051612/160434250/ccs	0.996002	23.9816	6549	99.68
m21038_251024_072723/62197100/ccs	0.999982	47.4473	8302	99.76
m21038_250911_051612/242155668/ccs	0.995803	23.7706	9833	99.75
m21038_250911_051612/37556468/ccs	0.999987	48.8606	14792	99.97
m21038_250911_051612/79825572/ccs	0.99998	46.9897	12935	99.96
m21038_250911_051612/104663415/ccs	0.999991	50.4576	6893	99.75
m21038_251024_072723/116855176/ccs	0.999357	31.9179	24028	99.81
m21038_251024_072723/213320784/ccs	0.999831	37.7211	17865	99.81
m21038_250911_051612/139530462/ccs	0.99999	50	7322	99.92
m21038_251024_072723/186254933/ccs	0.999991	50.4576	7637	99.92
m21038_250911_051612/53021681/ccs	0.998978	29.9055	28923	99.58
m21038_251024_072723/111678843/ccs	0.998813	29.2555	21786	99.82
m21038_251024_072723/125833302/ccs	0.995145	23.1381	9201	99.84
m21038_251024_072723/247399329/ccs	0.99277	21.4086	27460	99.70
m21038_251024_072723/65932259/ccs	0.996824	24.9812	3768	99.95
m21038_251024_072723/78840839/ccs	0.998863	29.4424	25315	99.60
m21038_251024_072723/59774877/ccs	0.99817	27.3755	32928	99.93
m21038_250911_051612/184223310/ccs	0.994727	22.7794	12820	99.80
m21038_250911_051612/14422859/ccs	0.999814	37.3049	9414	99.84
m21038_250911_051612/248514205/ccs	0.999987	48.8606	8638	99.99
m21038_250911_051612/188877006/ccs	0.999893	39.7062	10665	99.87
m21038_250911_051612/102373046/ccs	0.999994	52.2185	7573	99.93
m21038_251024_072723/110953202/ccs	0.993822	22.0915	18313	99.54
m21038_251024_072723/37358889/ccs	0.998921	29.6698	8441	99.85
m21038_250911_051612/86185357/ccs	0.99941	32.2915	12122	99.87
m21038_251024_072723/214172547/ccs	0.999148	30.6956	10345	99.97
m21038_251024_072723/90639410/ccs	0.999961	44.0894	2824	100.00
m21038_250911_051612/36898600/ccs	0.997686	26.3564	9458	99.97
m21038_251024_072723/70913797/ccs	0.999724	35.5909	5635	99.88
m21038_250911_051612/30150996/ccs	0.99971	35.376	8159	99.93
m21038_251024_072723/111346401/ccs	0.999983	47.6955	14488	99.86
m21038_250911_051612/168756144/ccs	0.999903	40.1323	5740	100.00
m21038_250911_051612/157813721/ccs	0.999614	34.1341	13321	99.91
m21038_250911_051612/172626615/ccs	1	60	3402	100.00
m21038_251024_072723/137368826/ccs	0.999793	36.8403	13050	99.88
m21038_250911_051612/95748517/ccs	0.999978	46.5758	11832	99.97
m21038_251024_072723/108533624/ccs	0.997304	25.6928	14777	99.85
m21038_251024_072723/154142207/ccs	0.996975	25.1927	23133	99.59
m21038_251024_072723/43649001/ccs	0.997621	26.2361	24713	99.61
m21038_251024_072723/31462581/ccs	0.990595	20.2664	15963	99.39
m21038_250911_051612/21632663/ccs	0.999982	47.4473	8966	99.90
m21038_251024_072723/30545517/ccs	0.999794	36.8613	12515	99.88
m21038_251024_072723/105384284/ccs	1	60	5234	99.89
m21038_251024_072723/180814855/ccs	0.999996	53.9794	8915	99.92
m21038_251024_072723/10356217/ccs	0.99979	36.7778	6810	99.99
m21038_251024_072723/21106265/ccs	0.998102	27.217	26429	99.52
m21038_250911_051612/129174808/ccs	0.999963	44.318	6156	99.89
m21038_250911_051612/127800040/ccs	0.999999	60	7804	99.88
m21038_251024_072723/103551212/ccs	0.992743	21.3924	7140	99.87
m21038_250911_051612/164696548/ccs	1	60	4738	99.89
m21038_251024_072723/126490126/ccs	1	60	5357	99.98
m21038_251024_072723/189859214/ccs	0.999999	60	5459	99.87
m21038_250911_051612/153620428/ccs	0.999448	32.5806	17868	99.87
m21038_250911_051612/131858881/ccs	0.996978	25.1971	22066	99.57
m21038_250911_051612/179635937/ccs	0.999226	31.1126	4565	100.00
m21038_251024_072723/80677467/ccs	0.999945	42.5964	16637	99.86
m21038_251024_072723/77403735/ccs	0.999801	37.0115	4743	99.87
m21038_250911_051612/89133782/ccs	0.999992	50.9691	3574	100.00
m21038_250911_051612/203293862/ccs	0.999999	60	5560	99.87
m21038_251024_072723/35132251/ccs	0.996751	24.8825	5261	99.89
m21038_250911_051612/116590387/ccs	0.999965	44.5593	9472	99.97
m21038_251024_072723/19924895/ccs	0.999345	31.8376	20985	99.64
m21038_251024_072723/222759818/ccs	1	60	4131	99.88
m21038_251024_072723/253758018/ccs	0.993616	21.9491	36937	99.70
m21038_251024_072723/14159944/ccs	0.99866	28.729	24461	99.82
m21038_251024_072723/75564331/ccs	0.999801	37.0115	15261	99.73
m21038_250911_051612/133567757/ccs	0.999999	60	4725	99.87
m21038_250911_051612/197264484/ccs	0.999402	32.233	23201	99.84
m21038_251024_072723/172427227/ccs	0.999622	34.2251	7050	99.91
m21038_250911_051612/253559018/ccs	0.999894	39.7469	19292	99.93
m21038_250911_051612/65932036/ccs	0.999973	45.6864	5482	99.89
m21038_250911_051612/139136022/ccs	1	60	5765	99.88
m21038_250911_051612/64820574/ccs	1	60	2858	100.00
m21038_251024_072723/29690218/ccs	0.999748	35.986	17108	99.93
m21038_251024_072723/158663620/ccs	0.99466	22.7246	23347	99.76
m21038_251024_072723/35783012/ccs	0.99868	28.7943	18625	99.92
m21038_250911_051612/244058532/ccs	1	60	4536	99.89
m21038_250911_051612/110429606/ccs	0.99968	34.9485	13898	99.87
m21038_250911_051612/134025110/ccs	0.999997	55.2288	6285	99.76
m21038_250911_051612/194838800/ccs	0.999995	53.0103	5080	99.88
m21038_251024_072723/110169266/ccs	0.999311	31.6178	5713	99.89
m21038_250911_051612/145293816/ccs	0.999533	33.3068	14500	99.92
m21038_250911_051612/220529612/ccs	0.999739	35.8336	5749	99.95
m21038_251024_072723/45155549/ccs	0.999998	56.9897	7323	99.89
m21038_250911_051612/27332980/ccs	0.999942	42.3657	11656	99.87
m21038_250911_051612/94699840/ccs	0.994689	22.7482	12556	99.82
m21038_250911_051612/144375942/ccs	0.993714	22.0163	11386	99.87
m21038_250911_051612/163120897/ccs	0.999904	40.1773	10938	99.87
m21038_250911_051612/244976392/ccs	0.999868	38.7943	4704	99.89
m21038_251024_072723/134418183/ccs	0.998754	29.0448	9335	99.84
m21038_251024_072723/134284174/ccs	0.996901	25.0878	17388	99.77
m21038_250911_051612/91357491/ccs	0.999992	50.9691	5536	99.89
m21038_251024_072723/262343175/ccs	0.999529	33.2698	23119	99.90
m21038_250911_051612/169283035/ccs	1	60	3742	99.84
m21038_251024_072723/82773029/ccs	0.999886	39.431	9019	99.89
m21038_251024_072723/132124555/ccs	0.999991	50.4576	5272	99.91
m21038_250911_051612/202836841/ccs	0.999997	55.2288	3686	99.89
m21038_251024_072723/119804841/ccs	0.999999	60	5027	99.86
m21038_251024_072723/138022572/ccs	0.999824	37.5449	16932	99.82
m21038_250911_051612/260770501/ccs	0.999666	34.7625	6016	99.88
m21038_251024_072723/155584311/ccs	1	60	5414	99.87
m21038_250911_051612/20316449/ccs	1	60	5828	99.91
m21038_251024_072723/6098924/ccs	0.999997	55.2288	7080	99.87
m21038_250911_051612/53088891/ccs	0.999958	43.7675	5550	99.87
m21038_251024_072723/23271094/ccs	0.999987	48.8606	4449	99.93
m21038_250911_051612/54002100/ccs	0.997763	26.5033	16856	99.91
m21038_251024_072723/91489596/ccs	0.999991	50.4576	5852	99.95
m21038_250911_051612/96011076/ccs	0.999894	39.7469	10986	99.86
m21038_251024_072723/31593932/ccs	0.996432	24.4758	26558	99.63
m21038_251024_072723/114821899/ccs	0.999986	48.5387	5146	99.88
m21038_250911_051612/206111746/ccs	0.999998	56.9897	5763	99.91
m21038_250911_051612/101452855/ccs	0.999586	33.83	16922	99.91
m21038_250911_051612/58524841/ccs	0.997587	26.1744	25350	99.90
m21038_250911_051612/12976474/ccs	0.99996	43.9794	7010	99.87
m21038_251024_072723/202704392/ccs	0.999919	40.9151	14144	99.79
m21038_251024_072723/124716470/ccs	0.997065	25.3239	24481	99.91
m21038_250911_051612/111283106/ccs	0.999355	31.9044	9474	99.92
m21038_250911_051612/152634619/ccs	0.992679	21.3543	6000	99.83
m21038_250911_051612/148575948/ccs	0.999998	56.9897	4713	99.94
m21038_250911_051612/132320304/ccs	0.99962	34.2022	3147	99.90
m21038_250911_051612/24906502/ccs	0.99819	27.4232	5411	99.87
m21038_251024_072723/44894991/ccs	0.998527	28.318	11942	99.91
m21038_250911_051612/103612805/ccs	0.999936	41.9382	11613	99.91
m21038_250911_051612/97719390/ccs	0.999997	55.2288	4694	99.91
m21038_250911_051612/173802436/ccs	0.999373	32.0273	19628	99.81
m21038_250911_051612/7932821/ccs	0.999964	44.437	6278	99.94
m21038_251024_072723/129962340/ccs	0.999753	36.073	9730	99.87
m21038_250911_051612/41031408/ccs	0.999989	49.5861	3943	99.90
m21038_251024_072723/27135530/ccs	0.999557	33.536	16503	99.91
m21038_251024_072723/224856131/ccs	0.996005	23.9848	6951	99.87
m21038_250911_051612/161223455/ccs	0.999997	55.2288	5833	99.83
m21038_251024_072723/87558717/ccs	1	60	3317	99.91
m21038_250911_051612/160108093/ccs	0.999994	52.2185	2561	99.92
m21038_250911_051612/222889203/ccs	0.99784	26.6555	12064	99.79
m21038_250911_051612/54529050/ccs	0.999996	53.9794	6113	99.93
m21038_251024_072723/61214467/ccs	0.999978	46.5758	11978	99.92
m21038_251024_072723/129500943/ccs	0.999887	39.4692	4756	99.73
m21038_250911_051612/130028948/ccs	0.994063	22.2643	23011	99.39
m21038_251024_072723/17106937/ccs	0.999998	56.9897	5596	99.84
m21038_251024_072723/108924953/ccs	0.999225	31.107	7585	99.88
m21038_250911_051612/154142400/ccs	0.994436	22.5461	31471	99.70
m21038_250911_051612/63509988/ccs	0.99978	36.5758	15811	99.92
m21038_251024_072723/69667004/ccs	0.996706	24.8228	10976	99.83
m21038_250911_051612/66262523/ccs	0.999797	36.925	7424	99.87
m21038_250911_051612/31066403/ccs	0.999981	47.2125	9706	99.87
m21038_251024_072723/217187160/ccs	0.99813	27.2816	19001	99.62
m21038_250911_051612/177539165/ccs	0.999904	40.1773	3488	99.94
m21038_251024_072723/165544909/ccs	0.997737	26.4532	3463	99.80
m21038_251024_072723/201851220/ccs	0.999252	31.261	20000	99.77
m21038_250911_051612/252707804/ccs	0.999874	38.9963	12868	99.75
m21038_250911_051612/57674170/ccs	0.998836	29.3405	3613	99.83
m21038_250911_051612/47121033/ccs	0.999976	46.1979	4639	99.78
m21038_251024_072723/94115080/ccs	0.999812	37.2584	6017	99.90
m21038_250911_051612/229443373/ccs	0.999904	40.1773	13530	99.90
m21038_250911_051612/237046330/ccs	0.998768	29.0939	4095	99.83
m21038_251024_072723/41816356/ccs	0.993882	22.1339	4396	99.82
m21038_251024_072723/203425972/ccs	0.999801	37.0115	13709	99.91
m21038_251024_072723/98178634/ccs	0.999418	32.3508	3067	99.90
m21038_250911_051612/107348741/ccs	0.99991	40.4576	11952	99.72
m21038_251024_072723/74192236/ccs	0.99969	35.0864	6840	99.84
m21038_251024_072723/133300611/ccs	0.99914	30.655	14739	99.90
m21038_250911_051612/144771493/ccs	0.99998	46.9897	3967	99.87
m21038_251024_072723/114428602/ccs	0.995651	23.6161	18021	99.58
m21038_250911_051612/228199096/ccs	0.999719	35.5129	12567	99.90
m21038_251024_072723/41357272/ccs	0.999976	46.1979	8984	99.80
m21038_251024_072723/201393837/ccs	0.999912	40.5552	4686	99.85
m21038_250911_051612/174654536/ccs	0.999397	32.1968	12478	99.78
m21038_250911_051612/22746991/ccs	0.993865	22.1219	3214	99.88
m21038_250911_051612/26348322/ccs	0.999984	47.9588	6353	99.80
m21038_250911_051612/4000393/ccs	0.999993	51.549	6286	99.79
m21038_251024_072723/200739473/ccs	0.995296	23.2753	22859	99.82
m21038_250911_051612/182256839/ccs	0.998912	29.6337	10913	99.90
m21038_251024_072723/77465128/ccs	0.999865	38.6967	14006	99.91
m21038_250911_051612/61997784/ccs	0.999137	30.6399	12413	99.73
m21038_251024_072723/88216177/ccs	0.999596	33.9362	12899	99.77
m21038_250911_051612/91686725/ccs	0.999971	45.376	5717	99.84
m21038_251024_072723/54202925/ccs	0.998755	29.0483	2794	99.89
m21038_250911_051612/117052973/ccs	0.994333	22.4665	4150	99.76
m21038_250911_051612/247137478/ccs	0.999912	40.5552	11229	99.90
m21038_251024_072723/66127165/ccs	0.998651	28.6999	3584	99.83
m21038_250911_051612/258673523/ccs	0.999961	44.0894	10463	99.90
m21038_250911_051612/77007767/ccs	0.992622	21.3206	20671	99.71
m21038_251024_072723/12456988/ccs	0.999939	42.1467	9026	99.68
m21038_250911_051612/258212267/ccs	0.999402	32.233	7275	99.81
m21038_250911_051612/240649149/ccs	0.9994	32.2185	3881	99.85
m21038_251024_072723/54792053/ccs	0.999897	39.8716	7486	99.91
m21038_251024_072723/173867233/ccs	0.999157	30.7417	26502	99.75
m21038_250911_051612/241369486/ccs	0.999999	60	4189	99.79
m21038_250911_051612/53217255/ccs	0.99992	40.9691	9952	99.78
m21038_251024_072723/180619674/ccs	0.99985	38.2391	13614	99.56
m21038_250911_051612/224594584/ccs	0.99803	27.0553	3463	99.83
m21038_250911_051612/167642905/ccs	0.997649	26.2875	4848	99.88
m21038_251024_072723/106170523/ccs	0.999856	38.4164	13781	99.88
m21038_251024_072723/106368492/ccs	0.999999	60	5514	99.76
m21038_250911_051612/30346406/ccs	0.999996	53.9794	5122	99.92
m21038_250911_051612/58528469/ccs	0.999987	48.8606	4197	99.93
m21038_251024_072723/41618902/ccs	0.998455	28.1107	30796	99.68
m21038_251024_072723/256050673/ccs	0.999998	56.9897	5275	99.92
m21038_251024_072723/167839722/ccs	0.999906	40.2687	5113	99.75
m21038_250911_051612/63180653/ccs	0.993201	21.6755	7035	99.89
m21038_251024_072723/185731271/ccs	0.998093	27.1965	18828	99.87
m21038_250911_051612/21173913/ccs	0.999949	42.9243	5118	99.63
m21038_250911_051612/49218328/ccs	0.992443	21.2165	7913	99.59
m21038_251024_072723/259656211/ccs	0.999675	34.8812	18908	99.83
m21038_250911_051612/65606617/ccs	0.99998	46.9897	5355	99.91
m21038_251024_072723/223151818/ccs	0.999992	50.9691	3095	99.90
m21038_250911_051612/158204158/ccs	0.993403	21.8065	25621	99.63
m21038_251024_072723/131204192/ccs	0.99963	34.318	18574	99.82
m21038_251024_072723/74585515/ccs	0.998138	27.3002	30801	99.64
m21038_250911_051612/123147533/ccs	0.999614	34.1341	11230	99.84
m21038_251024_072723/132581563/ccs	0.999561	33.5754	4890	99.94
m21038_250911_051612/260835500/ccs	0.999995	53.0103	4245	99.72
m21038_250911_051612/172556693/ccs	0.99997	45.2288	6250	99.73
m21038_251024_072723/7278736/ccs	0.999625	34.2597	6692	99.69
m21038_251024_072723/65541014/ccs	0.999957	43.6653	3901	99.62
m21038_251024_072723/46208295/ccs	0.999698	35.1999	13578	99.51
m21038_251024_072723/84216754/ccs	0.99842	28.0134	21611	99.69
m21038_251024_072723/44829380/ccs	0.999918	40.8619	4024	99.93
m21038_250911_051612/66652211/ccs	0.99998	46.9897	2471	99.64
m21038_251024_072723/38339775/ccs	0.999857	38.4466	4753	99.68
m21038_251024_072723/84021444/ccs	0.993428	21.823	6618	99.85
m21038_250911_051612/164826394/ccs	0.999987	48.8606	3470	99.60
m21038_251024_072723/188679415/ccs	0.999892	39.6658	4574	99.69
m21038_250911_051612/216074954/ccs	0.999968	44.9485	6137	99.71
m21038_250911_051612/160170267/ccs	0.999986	48.5387	3249	99.63
m21038_250911_051612/47647821/ccs	0.999798	36.9465	7171	99.79
m21038_251024_072723/8918872/ccs	0.994397	22.5158	5062	99.74
m21038_251024_072723/5313030/ccs	0.997507	26.0328	31208	99.64
m21038_251024_072723/76744491/ccs	0.999712	35.4061	6038	99.93
m21038_250911_051612/62264928/ccs	0.999762	36.2342	16100	99.77
m21038_250911_051612/135402237/ccs	0.999998	56.9897	3599	99.89
m21038_251024_072723/180551866/ccs	0.999999	60	5712	99.55
m21038_250911_051612/63111869/ccs	0.999984	47.9588	5260	99.77
m21038_250911_051612/246876383/ccs	0.999315	31.6431	24591	99.63
m21038_251024_072723/63509541/ccs	0.999987	48.8606	4141	99.76
m21038_251024_072723/240584843/ccs	0.999575	33.7161	6935	99.75
m21038_251024_072723/64096995/ccs	0.999974	45.8503	4467	99.75
m21038_250911_051612/148768572/ccs	1	60	5190	99.77
m21038_251024_072723/255722368/ccs	0.99976	36.1979	4298	99.79
m21038_250911_051612/115086709/ccs	0.998646	28.6838	16440	99.72
m21038_251024_072723/198836839/ccs	0.999883	39.3181	9823	99.77
m21038_250911_051612/84151837/ccs	0.996235	24.2424	13692	99.54
m21038_250911_051612/245694729/ccs	0.997931	26.8424	5208	99.94
m21038_251024_072723/103024129/ccs	0.99934	31.8046	18172	99.70
m21038_250911_051612/235536880/ccs	0.999952	43.1876	12920	99.77
m21038_250911_051612/141431329/ccs	0.999421	32.3732	5854	99.51
m21038_250911_051612/232655460/ccs	0.999513	33.1247	18277	99.67
m21038_251024_072723/210109355/ccs	0.999157	30.7417	25744	99.61
m21038_251024_072723/145228782/ccs	0.99979	36.7778	9369	99.82
m21038_251024_072723/131534642/ccs	0.999941	42.2915	2529	100.00
m21038_250911_051612/35327034/ccs	0.999945	42.5964	9039	99.82
m21038_251024_072723/8719113/ccs	0.999595	33.9254	3121	99.97
m21038_250911_051612/62783863/ccs	0.997365	25.7922	18720	99.60
m21038_250911_051612/199492561/ccs	0.991788	20.8555	4947	99.25
m21038_250911_051612/176883392/ccs	1	60	3001	99.83
m21038_251024_072723/98897612/ccs	0.999902	40.0877	12226	99.68
m21038_251024_072723/249103755/ccs	0.999825	37.5696	5110	98.67
m21038_250911_051612/136252136/ccs	0.996838	25.0004	23176	99.55
m21038_250911_051612/54790880/ccs	0.999869	38.8273	6016	99.74
m21038_250911_051612/73794925/ccs	0.999693	35.1286	11205	99.65
m21038_250911_051612/121049339/ccs	0.999988	49.2082	4635	98.56
m21038_251024_072723/161483770/ccs	0.999932	41.6749	10935	99.63
m21038_250911_051612/156827775/ccs	0.998469	28.1502	7735	99.76
m21038_251024_072723/48761972/ccs	1	60	5225	98.64
m21038_251024_072723/162399803/ccs	0.998482	28.1873	4546	99.91
m21038_251024_072723/233767699/ccs	0.999998	56.9897	3809	99.11
m21038_251024_072723/188809905/ccs	0.999995	53.0103	7266	99.55
m21038_250911_051612/266734023/ccs	0.998976	29.897	7851	99.50
m21038_251024_072723/129897791/ccs	0.999973	45.6864	6032	99.65
m21038_250911_051612/3870846/ccs	0.999961	44.0894	3488	99.71
m21038_250911_051612/112203615/ccs	0.999923	41.1351	4861	99.71
m21038_251024_072723/92931169/ccs	0.999975	46.0206	4715	99.66
m21038_250911_051612/72160246/ccs	0.999994	52.2185	8831	99.50
m21038_250911_051612/70912413/ccs	1	60	3666	100.00
m21038_250911_051612/28904901/ccs	0.999491	32.9328	7194	100.00
m21038_250911_051612/126878203/ccs	0.999993	51.549	6345	100.00
m21038_250911_051612/161683382/ccs	0.999995	53.0103	6758	99.69
m21038_250911_051612/99483859/ccs	0.999998	56.9897	6827	99.69
m21038_250911_051612/83953087/ccs	0.999988	49.2082	6368	99.65
m21038_251024_072723/13371266/ccs	0.999998	56.9897	4578	99.59
m21038_250911_051612/256051305/ccs	0.999007	30.0305	5729	100.00
m21038_250911_051612/123080169/ccs	0.999984	47.9588	4955	100.00
m21038_251024_072723/239339781/ccs	0.99958	33.7675	4417	100.00
m21038_250911_051612/201785739/ccs	0.999974	45.8503	6512	99.97
m21038_250911_051612/96930445/ccs	0.999192	30.9259	5874	100.00
m21038_251024_072723/83104129/ccs	0.997865	26.706	5851	99.93
m21038_250911_051612/200147103/ccs	0.998976	29.897	12348	99.39
m21038_250911_051612/125112342/ccs	0.999939	42.1467	4018	100.00
m21038_251024_072723/145295740/ccs	0.997045	25.2944	5530	99.96
m21038_251024_072723/37618590/ccs	0.999168	30.7988	14036	99.91
m21038_251024_072723/82184544/ccs	0.999907	40.3152	7667	99.92
m21038_250911_051612/149816782/ccs	0.999906	40.2687	6250	99.55
m21038_250911_051612/44564686/ccs	0.993343	21.7672	29289	99.28
m21038_251024_072723/181340037/ccs	0.997314	25.7089	18493	99.41
m21038_251024_072723/50726596/ccs	0.995336	23.3124	21602	99.33
m21038_251024_072723/42664766/ccs	0.999562	33.5853	17694	99.40
m21038_251024_072723/58332253/ccs	0.999077	30.348	5863	99.86
m21038_250911_051612/110235074/ccs	0.994863	22.8929	20238	99.21
m21038_251024_072723/141101699/ccs	0.999916	40.7572	15677	99.36
m21038_250911_051612/245629737/ccs	0.999987	48.8606	5161	99.83
m21038_251024_072723/88736068/ccs	0.994005	22.2221	6048	99.75
m21038_251024_072723/229181465/ccs	0.998535	28.3416	11610	99.28
m21038_250911_051612/253234151/ccs	0.999835	37.8252	8478	99.42
m21038_250911_051612/137302539/ccs	0.99984	37.9588	7696	99.45
m21038_250911_051612/85530144/ccs	0.999999	60	3908	99.90
m21038_251024_072723/12714763/ccs	0.992903	21.4893	9744	99.43
m21038_250911_051612/47910335/ccs	0.999985	48.2391	6854	99.40
m21038_250911_051612/151194308/ccs	0.999989	49.5861	4415	99.45
m21038_250911_051612/83429275/ccs	0.999117	30.5404	4710	98.30
m21038_251024_072723/132192191/ccs	0.994922	22.9431	18087	99.60
m21038_250911_051612/193659655/ccs	0.997591	26.1816	14905	98.96
m21038_250911_051612/208340176/ccs	0.99139	20.65	7585	98.47
m21038_250911_051612/176031589/ccs	0.991044	20.4789	21932	99.92
m21038_251024_072723/123734754/ccs	0.998161	27.3542	14194	99.36
m21038_250911_051612/68226153/ccs	0.999562	33.5853	16545	98.14
m21038_251024_072723/72025823/ccs	0.999395	32.1824	5914	97.43
m21038_250911_051612/168433039/ccs	0.997624	26.2415	6596	97.46
m21038_250911_051612/93126921/ccs	0.999873	38.962	16071	98.51
m21038_250911_051612/97386738/ccs	1	60	4737	96.84
m21038_250911_051612/242876620/ccs	0.998557	28.4073	21699	98.15
m21038_251024_072723/42467511/ccs	0.998904	29.6019	18907	98.89
m21038_250911_051612/205719899/ccs	0.999476	32.8067	16077	98.80
m21038_251024_072723/55251702/ccs	0.999998	56.9897	5051	98.43
m21038_251024_072723/58983224/ccs	0.999981	47.2125	3746	98.32
m21038_250911_051612/260047253/ccs	0.99222	21.0902	24165	98.49
m21038_251024_072723/38737309/ccs	0.992554	21.2808	28627	98.39
m21038_251024_072723/118099515/ccs	0.99971	35.376	9155	99.98
m21038_250911_051612/166859041/ccs	0.999417	32.3433	12300	98.14
m21038_250911_051612/157422265/ccs	0.99998	46.9897	5502	99.65
m21038_251024_072723/78250882/ccs	0.999961	44.0894	5743	99.98
m21038_251024_072723/75302783/ccs	0.999929	41.4874	6427	99.97
m21038_250911_051612/81924392/ccs	0.999763	36.2525	8380	98.33
m21038_251024_072723/214698973/ccs	0.99915	30.7058	20078	99.98
m21038_250911_051612/109711790/ccs	0.99607	24.0561	9401	99.97
m21038_251024_072723/125502499/ccs	0.999998	56.9897	6521	99.63
m21038_250911_051612/239600007/ccs	0.995538	23.5047	19272	98.61
m21038_251024_072723/103482188/ccs	0.999611	34.1005	17458	98.91
m21038_251024_072723/146409969/ccs	0.999332	31.7522	7867	98.99
m21038_251024_072723/231672238/ccs	0.992533	21.2685	15181	98.76
m21038_251024_072723/179831311/ccs	0.997255	25.6146	10281	99.97
m21038_251024_072723/35128751/ccs	0.999749	36.0033	6608	98.63
m21038_250911_051612/84087808/ccs	0.999469	32.7491	2853	98.56
m21038_250911_051612/147326898/ccs	0.999987	48.8606	8263	99.16
m21038_250911_051612/61215408/ccs	1	60	4897	98.44
m21038_251024_072723/21236268/ccs	0.999928	41.4267	8731	99.98
m21038_251024_072723/111676327/ccs	0.99999	50	6535	99.19
m21038_250911_051612/22941991/ccs	0.99908	30.3621	3845	99.95
m21038_251024_072723/106501003/ccs	0.999867	38.7615	7735	99.11
m21038_250911_051612/75762447/ccs	1	60	5121	99.00
m21038_250911_051612/63703653/ccs	0.99996	43.9794	5849	99.18
m21038_250911_051612/254019346/ccs	0.995833	23.8018	14531	98.86
m21038_251024_072723/222759808/ccs	0.99838	27.9048	6982	99.97
m21038_250911_051612/145953977/ccs	0.999675	34.8812	11483	98.86
m21038_250911_051612/34800415/ccs	0.999995	53.0103	5490	99.16
m21038_250911_051612/123933111/ccs	0.999969	45.0864	7367	98.90
m21038_251024_072723/132974125/ccs	0.999993	51.549	2830	98.65
m21038_250911_051612/120064345/ccs	0.999349	31.8642	3961	98.58
m21038_250911_051612/127932082/ccs	0.999957	43.6653	4518	99.40
m21038_251024_072723/83561200/ccs	0.999937	42.0066	4261	99.46
m21038_250911_051612/207489896/ccs	0.999998	56.9897	6077	99.98
m21038_251024_072723/221841682/ccs	0.999869	38.8273	5967	99.98
m21038_251024_072723/70714188/ccs	0.999983	47.6955	13386	98.91
m21038_251024_072723/198772740/ccs	0.99975	36.0206	4839	99.05
m21038_250911_051612/200148626/ccs	1	60	3447	99.39
m21038_251024_072723/139529097/ccs	0.996625	24.7173	5157	98.89
m21038_251024_072723/160170846/ccs	0.999999	60	7080	98.76
m21038_251024_072723/139069322/ccs	0.999959	43.8722	4918	98.88
m21038_250911_051612/103550412/ccs	1	60	3133	99.36
m21038_251024_072723/203161942/ccs	0.999938	42.0761	13814	98.88
m21038_250911_051612/79167770/ccs	0.999988	49.2082	6577	99.98
m21038_251024_072723/54398819/ccs	0.996624	24.716	6551	98.50
m21038_250911_051612/267125115/ccs	0.999831	37.7211	4954	98.73
m21038_251024_072723/39782036/ccs	0.999989	49.5861	10651	99.99
m21038_251024_072723/59116662/ccs	0.995206	23.193	5199	98.65
m21038_251024_072723/26546773/ccs	1	60	5487	99.98
m21038_250911_051612/76813826/ccs	0.999759	36.1798	15838	98.36
m21038_250911_051612/54072914/ccs	1	60	3702	98.59
m21038_251024_072723/110105472/ccs	1	60	2251	100.00
m21038_250911_051612/37358872/ccs	0.999367	31.986	5652	99.98
m21038_251024_072723/198378569/ccs	0.999978	46.5758	5925	98.51
m21038_251024_072723/157024655/ccs	0.999997	55.2288	9494	98.28
m21038_251024_072723/109972810/ccs	1	60	2891	98.51
m21038_250911_051612/112265177/ccs	0.999997	55.2288	8548	98.10
m21038_250911_051612/110890569/ccs	0.999534	33.3161	11428	99.99
m21038_250911_051612/84611282/ccs	0.999994	52.2185	5241	99.98
m21038_251024_072723/42664155/ccs	0.999969	45.0864	11087	100.00
m21038_251024_072723/53416195/ccs	0.999982	47.4473	10392	100.00
m21038_250911_051612/25626754/ccs	0.999956	43.5655	8319	100.00
m21038_251024_072723/44564940/ccs	0.99998	46.9897	10377	100.00
m21038_250911_051612/255721981/ccs	0.999892	39.6658	7444	100.00
m21038_251024_072723/126685573/ccs	0.99763	26.2525	7856	99.99
m21038_250911_051612/27201724/ccs	0.999988	49.2082	6300	100.00
m21038_250911_051612/244582156/ccs	0.999842	38.0134	6212	98.36
m21038_250911_051612/139594119/ccs	0.99994	42.2185	7853	100.00
m21038_250911_051612/42602607/ccs	0.99994	42.2185	4066	98.23
m21038_251024_072723/226427112/ccs	0.999939	42.1467	12117	98.10
m21038_251024_072723/41943548/ccs	0.999916	40.7572	8394	98.48
m21038_250911_051612/48501997/ccs	0.999954	43.3724	4541	98.61
m21038_250911_051612/72353545/ccs	0.999998	56.9897	4466	98.65
m21038_250911_051612/110363587/ccs	0.999878	39.1364	11188	98.46
m21038_251024_072723/49747342/ccs	0.998156	27.3424	4808	100.00
m21038_250911_051612/31261645/ccs	0.995708	23.6734	3973	98.29
m21038_250911_051612/146935270/ccs	0.999943	42.4413	4592	98.43
m21038_251024_072723/20189848/ccs	0.997021	25.2593	13359	98.45
m21038_251024_072723/59114944/ccs	0.999992	50.9691	4499	98.27
m21038_250911_051612/86445651/ccs	0.999998	56.9897	6259	99.89
m21038_250911_051612/232721193/ccs	0.999987	48.8606	6704	99.84
m21038_250911_051612/164107503/ccs	0.999528	33.2606	7633	99.67
m21038_250911_051612/35194083/ccs	0.999661	34.698	21114	99.89
m21038_250911_051612/104138345/ccs	0.999999	60	9219	99.64
m21038_250911_051612/182714756/ccs	0.999913	40.6048	8449	99.63
m21038_250911_051612/101255883/ccs	0.999966	44.6852	3338	99.63
m21038_251024_072723/124589473/ccs	0.9998	36.9897	21722	99.57
m21038_251024_072723/4789480/ccs	0.999792	36.8194	13685	99.64
m21038_251024_072723/32903042/ccs	0.999785	36.6756	6891	99.83
m21038_251024_072723/24051886/ccs	0.999698	35.1999	25458	99.55
m21038_251024_072723/143066289/ccs	0.998654	28.7095	29943	99.54
m21038_251024_072723/19857991/ccs	0.999996	53.9794	10591	99.64
m21038_251024_072723/63245100/ccs	0.996251	24.2608	8871	99.65
m21038_251024_072723/55903161/ccs	0.999982	47.4473	7985	99.82
m21038_250911_051612/252838244/ccs	0.997167	25.4775	15926	99.58
m21038_250911_051612/142742271/ccs	0.999301	31.5552	8515	99.64
m21038_250911_051612/118755396/ccs	0.99133	20.6198	8270	99.54
m21038_250911_051612/227019440/ccs	0.999997	55.2288	4808	99.57
m21038_250911_051612/195167742/ccs	0.995255	23.2376	38046	99.46
m21038_250911_051612/70647956/ccs	0.998817	29.2702	20151	99.94
m21038_250911_051612/17760451/ccs	0.999091	30.4144	7326	99.90
m21038_250911_051612/113771306/ccs	1	60	3539	99.61
m21038_251024_072723/232590106/ccs	0.999999	60	6404	99.59
m21038_251024_072723/98175048/ccs	0.999837	37.8781	18504	99.57
m21038_251024_072723/45549363/ccs	0.99897	29.8716	16424	99.93
m21038_251024_072723/45023476/ccs	0.999905	40.2228	16400	99.62
m21038_250911_051612/254346766/ccs	0.999389	32.1396	16442	99.61
m21038_250911_051612/235471156/ccs	0.999991	50.4576	11225	99.53
m21038_251024_072723/261751536/ccs	0.999728	35.6543	15874	99.59
m21038_251024_072723/59574665/ccs	0.999106	30.4866	11672	99.54
m21038_251024_072723/119082805/ccs	0.997023	25.2622	18037	99.58
m21038_250911_051612/211551466/ccs	0.99949	32.9243	9978	99.87
m21038_250911_051612/33493331/ccs	0.999964	44.437	12309	99.58
m21038_251024_072723/239993059/ccs	0.999953	43.279	10528	99.52
m21038_250911_051612/111020050/ccs	0.999995	53.0103	6123	99.66
m21038_251024_072723/178784344/ccs	0.999269	31.3608	25823	99.59
m21038_250911_051612/179311237/ccs	0.99999	50	8973	99.68
m21038_250911_051612/2558727/ccs	0.999982	47.4473	10525	99.60
m21038_250911_051612/111023226/ccs	0.990923	20.4206	13491	99.45
m21038_250911_051612/179574445/ccs	0.999995	53.0103	8178	99.60
m21038_250911_051612/129959916/ccs	0.997751	26.4801	5554	99.66
m21038_250911_051612/158072868/ccs	0.999591	33.8828	9581	99.93
m21038_250911_051612/127602930/ccs	0.991052	20.4827	15892	99.42
m21038_250911_051612/158734232/ccs	0.999829	37.67	9977	99.63
m21038_250911_051612/57677184/ccs	0.999987	48.8606	7847	99.57
m21038_250911_051612/147393755/ccs	0.999986	48.5387	3404	99.74
m21038_251024_072723/41812572/ccs	0.999999	60	3958	99.80
m21038_251024_072723/260243720/ccs	0.996799	24.9471	8637	99.63
m21038_250911_051612/210043241/ccs	0.999995	53.0103	7558	99.91
m21038_250911_051612/149360913/ccs	0.998756	29.0518	4287	99.81
m21038_250911_051612/107155730/ccs	0.999953	43.279	5413	99.67
m21038_250911_051612/32966161/ccs	0.997801	26.5777	3669	99.78
m21038_250911_051612/170133791/ccs	0.99981	37.2125	4336	99.63
m21038_250911_051612/98899630/ccs	0.999376	32.0482	17687	99.89
m21038_251024_072723/78709384/ccs	0.998755	29.0483	25666	99.63
m21038_251024_072723/122819292/ccs	0.999991	50.4576	5932	99.61
m21038_251024_072723/173212666/ccs	0.999958	43.7675	12939	99.87
m21038_251024_072723/243927784/ccs	0.999998	56.9897	5745	99.93
m21038_250911_051612/136844146/ccs	0.999999	60	6790	99.84
m21038_251024_072723/112594556/ccs	0.99998	46.9897	9627	99.62
m21038_250911_051612/109904804/ccs	0.997784	26.5443	5898	99.64
m21038_251024_072723/206570786/ccs	0.999996	53.9794	4680	99.91
m21038_250911_051612/162468569/ccs	0.999958	43.7675	8666	99.91
m21038_250911_051612/127798934/ccs	0.999844	38.0688	12722	99.87
m21038_251024_072723/2821281/ccs	0.997919	26.8173	16533	99.74
m21038_250911_051612/83558525/ccs	0.998264	27.6045	17784	99.90
m21038_250911_051612/51516877/ccs	0.999985	48.2391	5305	99.48
m21038_250911_051612/96864328/ccs	0.999997	55.2288	4647	99.81
m21038_250911_051612/73073444/ccs	0.999836	37.8516	14641	99.88
m21038_250911_051612/173737972/ccs	0.999979	46.7778	5432	99.71
m21038_251024_072723/244386168/ccs	0.999879	39.1721	15646	99.56
m21038_251024_072723/72418949/ccs	1	60	5123	99.92
m21038_250911_051612/193202336/ccs	0.999994	52.2185	6863	99.71
m21038_250911_051612/164500910/ccs	1	60	4396	99.70
m21038_250911_051612/40112265/ccs	0.999025	30.11	21191	99.94
m21038_250911_051612/156435467/ccs	0.999166	30.7883	3970	99.77
m21038_250911_051612/37885831/ccs	0.999287	31.4691	3912	99.69
m21038_251024_072723/98965331/ccs	0.999931	41.6115	6223	99.94
m21038_251024_072723/133039150/ccs	0.997692	26.3676	36519	99.96
m21038_250911_051612/167776939/ccs	0.998748	29.024	4205	99.76
m21038_250911_051612/108922954/ccs	0.999991	50.4576	8284	99.94
m21038_251024_072723/243925113/ccs	0.99999	50	5765	99.79
m21038_250911_051612/17239651/ccs	0.999826	37.5945	8147	99.68
m21038_250911_051612/134088163/ccs	0.998288	27.665	22067	99.65
m21038_251024_072723/229509343/ccs	0.999897	39.8716	8218	99.79
m21038_250911_051612/223346814/ccs	0.99999	50	7910	99.94
m21038_250911_051612/257755752/ccs	0.999952	43.1876	12554	99.95
m21038_250911_051612/102433652/ccs	0.999992	50.9691	4113	99.73
m21038_250911_051612/172232859/ccs	1	60	3140	99.94
m21038_250911_051612/146673003/ccs	0.999302	31.5614	7242	99.67
m21038_250911_051612/125110286/ccs	0.9996	33.9794	22798	99.96
m21038_250911_051612/154668684/ccs	0.994368	22.4934	22155	99.96
m21038_250911_051612/92279851/ccs	0.99928	31.4267	30063	99.63
m21038_251024_072723/84153468/ccs	0.999417	32.3433	10624	99.59
m21038_251024_072723/236456728/ccs	0.999829	37.67	8934	99.76
m21038_250911_051612/143984990/ccs	0.999947	42.7572	7175	99.94
m21038_251024_072723/100472410/ccs	0.99993	41.549	15644	99.94
m21038_251024_072723/40240805/ccs	1	60	4586	99.83
m21038_250911_051612/104730493/ccs	0.998851	29.3968	21188	99.96
m21038_251024_072723/136386274/ccs	0.999923	41.1351	3324	99.79
m21038_251024_072723/75039444/ccs	0.9996	33.9794	11569	99.93
m21038_251024_072723/115802848/ccs	0.99995	43.0103	11104	99.95
m21038_250911_051612/42210301/ccs	0.999999	60	5424	99.96
m21038_250911_051612/38535378/ccs	0.999497	32.9843	11114	99.93
m21038_250911_051612/85656938/ccs	1	60	3555	99.80
m21038_251024_072723/101254571/ccs	0.999983	47.6955	4616	99.63
m21038_251024_072723/52626709/ccs	0.998999	29.9957	21953	99.49
m21038_251024_072723/115738204/ccs	0.999725	35.6067	10108	99.74
m21038_250911_051612/123535514/ccs	0.999171	30.8145	4114	99.65
m21038_251024_072723/61998399/ccs	1	60	4454	99.91
m21038_250911_051612/53547208/ccs	0.999652	34.5842	5518	99.95
m21038_250911_051612/199821299/ccs	0.99994	42.2185	6522	99.63
m21038_250911_051612/102895673/ccs	0.999965	44.5593	6442	99.63
m21038_251024_072723/113251772/ccs	1	60	4865	99.79
m21038_251024_072723/27135736/ccs	0.999981	47.2125	5399	99.59
m21038_250911_051612/89197134/ccs	0.999992	50.9691	3383	99.82
m21038_250911_051612/32966520/ccs	0.993184	21.6647	27698	99.49
m21038_250911_051612/78186464/ccs	1	60	3845	99.82
m21038_251024_072723/108135804/ccs	0.999998	56.9897	2963	99.93
m21038_251024_072723/23664119/ccs	0.999673	34.8545	21791	99.63
m21038_250911_051612/58000821/ccs	0.997782	26.5404	20433	99.49
m21038_251024_072723/127010583/ccs	0.997581	26.1636	29527	99.93
m21038_250911_051612/230425578/ccs	0.998743	29.0066	26489	99.94
m21038_251024_072723/146082533/ccs	0.999999	60	5603	99.80
m21038_250911_051612/214633399/ccs	0.99987	38.8606	16103	99.96
m21038_251024_072723/40502224/ccs	0.996653	24.7534	21285	99.93
m21038_251024_072723/206833156/ccs	0.998242	27.5498	26037	99.48
m21038_251024_072723/110957004/ccs	0.999936	41.9382	6410	99.53
m21038_250911_051612/44762557/ccs	0.999811	37.2354	14719	99.71
m21038_251024_072723/3540309/ccs	0.999883	39.3181	5435	99.65
m21038_250911_051612/5308561/ccs	0.998543	28.3654	8235	99.48
m21038_251024_072723/23070204/ccs	0.994551	22.6368	13207	99.47
m21038_250911_051612/16779819/ccs	0.999802	37.0333	11108	99.50
m21038_250911_051612/6751849/ccs	0.999944	42.5181	3785	99.92
m21038_250911_051612/58329585/ccs	0.999965	44.5593	8372	99.74
m21038_251024_072723/99616854/ccs	0.999962	44.2022	5956	99.92
m21038_250911_051612/16978895/ccs	0.998477	28.173	23151	99.94
m21038_251024_072723/116856250/ccs	0.999945	42.5964	4401	99.93
m21038_251024_072723/99027248/ccs	0.999993	51.549	4660	99.63
m21038_251024_072723/67043699/ccs	0.999907	40.3152	7132	99.51
m21038_251024_072723/11867107/ccs	0.999027	30.1189	4247	99.76
m21038_250911_051612/80549530/ccs	0.999968	44.9485	6594	99.77
m21038_250911_051612/124125267/ccs	0.996721	24.8426	30089	99.96
m21038_251024_072723/75830182/ccs	0.999081	30.3668	21559	99.60
m21038_250911_051612/256772967/ccs	0.990597	20.2673	17375	99.38
m21038_251024_072723/28378942/ccs	0.997669	26.3246	21407	99.94
m21038_250911_051612/155911514/ccs	0.999998	56.9897	3279	99.79
m21038_251024_072723/64686204/ccs	0.999968	44.9485	5329	99.70
m21038_250911_051612/7672192/ccs	0.995728	23.6937	10761	99.65
m21038_251024_072723/145033845/ccs	0.999904	40.1773	15746	99.98
m21038_251024_072723/72351872/ccs	0.999946	42.6761	14596	99.62
m21038_250911_051612/63046347/ccs	0.999977	46.3827	3274	99.97
m21038_251024_072723/45225044/ccs	0.999548	33.4486	18990	99.99
m21038_251024_072723/23924674/ccs	0.999092	30.4191	5924	99.70
m21038_250911_051612/78708928/ccs	0.999729	35.6703	17377	99.83
m21038_250911_051612/122292200/ccs	0.994745	22.7943	24894	99.92
m21038_250911_051612/166529536/ccs	0.999994	52.2185	5249	99.98
m21038_250911_051612/84873884/ccs	0.999604	34.023	22838	99.93
m21038_251024_072723/134352475/ccs	0.99981	37.2125	20753	99.94
m21038_250911_051612/89915710/ccs	0.999928	41.4267	14998	99.94
m21038_251024_072723/19533431/ccs	0.999901	40.0436	11082	99.64
m21038_251024_072723/159254243/ccs	0.997044	25.293	26913	99.94
m21038_250911_051612/145687521/ccs	0.999973	45.6864	7627	99.80
m21038_251024_072723/219285017/ccs	0.999909	40.4096	14572	99.94
m21038_251024_072723/186319887/ccs	0.999897	39.8716	4956	99.98
m21038_250911_051612/169808477/ccs	0.999816	37.3518	11776	99.85
m21038_250911_051612/85790246/ccs	1	60	3624	99.72
m21038_250911_051612/90050527/ccs	0.999853	38.3268	7313	99.92
m21038_250911_051612/16912904/ccs	0.999793	36.8403	5919	99.66
m21038_251024_072723/36181284/ccs	0.999976	46.1979	9668	99.98
m21038_250911_051612/47907706/ccs	0.997709	26.3997	3729	99.70
m21038_250911_051612/235996405/ccs	0.999991	50.4576	4253	99.65
m21038_251024_072723/255525624/ccs	0.998407	27.9778	13043	99.95
m21038_251024_072723/89262533/ccs	0.999547	33.439	10586	99.97
m21038_250911_051612/142606883/ccs	0.99999	50	5129	100.00
m21038_251024_072723/265160873/ccs	0.995533	23.4998	18449	99.92
m21038_250911_051612/74515322/ccs	0.999883	39.3181	14511	99.56
m21038_250911_051612/153947631/ccs	0.999026	30.1144	16849	99.96
m21038_250911_051612/148439446/ccs	0.999865	38.6967	10970	99.57
m21038_250911_051612/132319721/ccs	0.999968	44.9485	9613	99.63
m21038_251024_072723/22217082/ccs	0.997266	25.632	21006	99.96
m21038_251024_072723/77661636/ccs	1	60	2795	100.00
m21038_250911_051612/13047341/ccs	0.999134	30.6248	16749	99.96
m21038_250911_051612/266339885/ccs	0.999871	38.8941	14296	99.97
m21038_251024_072723/60688914/ccs	0.999455	32.636	20540	99.94
m21038_250911_051612/27395536/ccs	0.998294	27.6802	20801	99.94
m21038_250911_051612/22610158/ccs	0.999133	30.6198	26354	99.99
m21038_251024_072723/219416705/ccs	0.999279	31.4206	5118	99.63
m21038_250911_051612/151388552/ccs	0.993642	21.9668	26467	99.88
m21038_250911_051612/2294834/ccs	0.99728	25.6543	23012	99.91
m21038_251024_072723/61410884/ccs	0.999265	31.3371	17999	99.94
m21038_251024_072723/24384139/ccs	0.997939	26.8592	24579	99.97
m21038_251024_072723/6819956/ccs	0.998759	29.0623	6859	99.99
m21038_250911_051612/143591585/ccs	0.999957	43.6653	8458	99.98
m21038_251024_072723/147719965/ccs	0.999013	30.0568	6268	99.68
m21038_250911_051612/10227674/ccs	0.999953	43.279	3352	100.00
m21038_250911_051612/43849538/ccs	0.999999	60	3257	99.72
m21038_250911_051612/125769051/ccs	0.99939	32.1467	27942	99.99
m21038_250911_051612/100599016/ccs	0.999982	47.4473	7539	99.65
m21038_251024_072723/32835037/ccs	0.999867	38.7615	7084	99.99
m21038_251024_072723/67767408/ccs	0.999065	30.2919	5616	99.68
m21038_251024_072723/250413499/ccs	0.999307	31.5927	15214	99.97
m21038_250911_051612/81663824/ccs	0.999986	48.5387	2854	99.96
m21038_251024_072723/174982704/ccs	0.997966	26.9165	10316	99.48
m21038_250911_051612/25102816/ccs	0.999989	49.5861	11814	99.53
m21038_251024_072723/76219425/ccs	0.999938	42.0761	4594	100.00
m21038_250911_051612/20907389/ccs	0.999908	40.3621	7242	99.63
m21038_251024_072723/37618527/ccs	0.999985	48.2391	4161	99.93
m21038_250911_051612/12914943/ccs	0.999955	43.4679	3709	100.00
m21038_250911_051612/15471609/ccs	0.999999	60	4099	99.63
m21038_250911_051612/18484347/ccs	0.998791	29.1757	4104	100.00
m21038_251024_072723/122554174/ccs	0.999932	41.6749	9911	99.97
m21038_251024_072723/258017038/ccs	0.997614	26.2233	19548	99.93
m21038_251024_072723/54200805/ccs	0.99993	41.549	5797	100.00
m21038_251024_072723/51840793/ccs	0.999841	37.986	10281	99.55
m21038_250911_051612/37225593/ccs	0.999174	30.8302	8264	99.53
m21038_250911_051612/67704159/ccs	0.999895	39.7881	6928	99.54
m21038_250911_051612/25365300/ccs	0.999235	31.1634	4987	100.00
m21038_251024_072723/33099287/ccs	0.999991	50.4576	5162	100.00
m21038_251024_072723/247399731/ccs	0.99999	50	8805	99.54
m21038_250911_051612/177933130/ccs	0.999956	43.5655	8678	99.97
m21038_250911_051612/114299454/ccs	0.999993	51.549	3398	100.00
m21038_251024_072723/118621920/ccs	0.999778	36.5365	6752	99.51
m21038_251024_072723/131339388/ccs	0.998869	29.4654	5334	99.96
m21038_250911_051612/2558186/ccs	0.999445	32.5571	8895	99.53
m21038_251024_072723/28050359/ccs	1	60	4371	100.00
m21038_250911_051612/53875991/ccs	0.995842	23.8112	4585	99.98
m21038_250911_051612/158794985/ccs	0.999785	36.6756	7276	99.99
m21038_250911_051612/252510600/ccs	0.999952	43.1876	7412	99.53
m21038_250911_051612/45879143/ccs	0.999708	35.3462	14314	99.96
m21038_250911_051612/130353476/ccs	0.996266	24.2783	24070	99.97
m21038_250911_051612/81199600/ccs	0.999519	33.1785	6970	99.99
m21038_250911_051612/69601081/ccs	0.999998	56.9897	3403	99.62
m21038_250911_051612/109843037/ccs	0.999903	40.1323	4671	99.59
m21038_250911_051612/20780341/ccs	0.999306	31.5864	17683	99.98
m21038_251024_072723/23727425/ccs	0.999986	48.5387	6759	99.99
m21038_251024_072723/115412777/ccs	0.999987	48.8606	3536	99.97
m21038_251024_072723/105449115/ccs	0.999802	37.0333	11386	99.96
m21038_251024_072723/134222824/ccs	0.999942	42.3657	8406	99.95
m21038_250911_051612/69471984/ccs	0.999927	41.3668	5714	99.98
m21038_251024_072723/163972352/ccs	0.999934	41.8046	8348	99.51
m21038_250911_051612/220333932/ccs	0.999898	39.914	4917	99.98
m21038_251024_072723/237765325/ccs	0.999901	40.0436	17999	99.94
m21038_251024_072723/241896207/ccs	1	60	3491	99.63
m21038_251024_072723/53084462/ccs	0.999691	35.1004	6323	99.46
m21038_250911_051612/14812444/ccs	0.996386	24.4201	21620	99.86
m21038_251024_072723/38474789/ccs	0.999524	33.2239	21173	99.96
m21038_251024_072723/255853698/ccs	0.99903	30.1323	20562	99.98
m21038_250911_051612/69206108/ccs	0.995873	23.8437	21183	99.94
m21038_251024_072723/213976778/ccs	0.999969	45.0864	10446	99.94
m21038_250911_051612/153948044/ccs	0.999917	40.8092	3960	99.95
m21038_251024_072723/134415915/ccs	0.99959	33.8722	5159	99.49
m21038_250911_051612/203818930/ccs	0.994197	22.3635	4030	99.93
m21038_251024_072723/130483511/ccs	0.999555	33.5164	6226	99.95
m21038_251024_072723/123605053/ccs	0.997198	25.5253	17048	99.96
m21038_251024_072723/193987759/ccs	0.999992	50.9691	5130	99.51
m21038_250911_051612/157554464/ccs	0.999999	60	4860	99.38
m21038_250911_051612/10227115/ccs	0.999786	36.6959	8722	99.91
m21038_251024_072723/56623763/ccs	0.999965	44.5593	3768	99.97
m21038_250911_051612/59770310/ccs	0.997568	26.1404	8665	99.98
m21038_250911_051612/191431868/ccs	0.999958	43.7675	3693	99.95
m21038_250911_051612/116458386/ccs	0.999998	56.9897	5427	99.94
m21038_251024_072723/34014408/ccs	1	60	3098	99.48
m21038_250911_051612/13962395/ccs	0.999113	30.5208	3113	99.42
m21038_250911_051612/65541412/ccs	1	60	2824	99.47
m21038_251024_072723/161743114/ccs	0.996715	24.8346	17732	99.96
m21038_251024_072723/249170105/ccs	0.999935	41.8709	16298	99.98
