read_id	rq	qv	read_length	iden
m21038_250918_083927/199035227/ccs	0.996746	24.8758	32763	99.24
m21038_251020_022241/233701454/ccs	0.990005	20.0022	29834	99.18
m21038_251020_022241/120263346/ccs	0.995674	23.6391	19475	99.72
m21038_251020_022241/200475508/ccs	0.991795	20.8592	11557	98.86
m21038_251020_022241/156899218/ccs	0.999684	35.0031	10152	98.87
m21038_250918_083927/159191979/ccs	0.999975	46.0206	5799	99.07
m21038_251020_022241/132190855/ccs	0.999938	42.0761	7697	99.94
m21038_250918_083927/161223862/ccs	0.999938	42.0761	7982	99.94
m21038_250918_083927/160634586/ccs	0.999987	48.8606	7029	99.93
m21038_251020_022241/250089195/ccs	0.999979	46.7778	11826	98.93
m21038_250918_083927/79431463/ccs	0.999818	37.3993	14531	99.50
m21038_250918_083927/66781299/ccs	1	60	4775	99.90
m21038_251020_022241/21303382/ccs	0.999992	50.9691	6415	98.65
m21038_250918_083927/110236097/ccs	0.999562	33.5853	6981	98.67
m21038_251020_022241/50267073/ccs	0.990869	20.3948	8566	99.71
m21038_250918_083927/261030459/ccs	0.999969	45.0864	8195	99.89
m21038_250918_083927/30872247/ccs	0.999919	40.9151	15027	99.73
m21038_250918_083927/135533990/ccs	0.999806	37.122	8479	99.27
m21038_250918_083927/265422517/ccs	0.999981	47.2125	5650	99.93
m21038_250918_083927/48174933/ccs	0.998774	29.1151	7319	98.89
m21038_250918_083927/233376198/ccs	0.99725	25.6067	3519	99.00
m21038_250918_083927/180686330/ccs	0.999527	33.2514	14211	99.73
m21038_250918_083927/25823986/ccs	0.996634	24.7289	10151	99.54
m21038_250918_083927/136252651/ccs	0.99994	42.2185	13736	99.72
m21038_251020_022241/9506321/ccs	0.99933	31.7393	11011	99.66
m21038_251020_022241/92930199/ccs	0.999692	35.1145	20724	98.86
m21038_250918_083927/137233844/ccs	1	60	3545	99.38
m21038_250918_083927/116002813/ccs	0.999979	46.7778	4943	99.41
m21038_250918_083927/187372846/ccs	0.999963	44.318	5831	99.38
m21038_251020_022241/255526927/ccs	0.99829	27.67	27272	99.82
m21038_251020_022241/266212007/ccs	0.999759	36.1798	13979	98.97
m21038_250918_083927/216204391/ccs	0.999973	45.6864	9540	98.88
m21038_250918_083927/173478993/ccs	0.999906	40.2687	5236	99.25
m21038_250918_083927/101518156/ccs	1	60	5779	99.08
m21038_250918_083927/182388993/ccs	0.999998	56.9897	6464	99.81
m21038_250918_083927/104929178/ccs	0.999773	36.4397	16039	99.81
m21038_250918_083927/102762610/ccs	0.999812	37.2584	3430	99.39
m21038_250918_083927/172622968/ccs	0.999744	35.9176	23947	99.83
m21038_251020_022241/28382055/ccs	0.998768	29.0939	26326	99.90
m21038_250918_083927/174721574/ccs	0.997544	26.0977	23763	99.89
m21038_251020_022241/132715891/ccs	0.99894	29.7469	31054	99.91
m21038_250918_083927/78710498/ccs	0.998782	29.1435	26292	99.72
m21038_250918_083927/114496705/ccs	0.998497	28.2304	21647	99.92
m21038_250918_083927/12387142/ccs	0.995866	23.8363	24320	99.66
m21038_251020_022241/181208428/ccs	0.998073	27.1512	32142	99.75
m21038_251020_022241/67112226/ccs	0.999968	44.9485	9075	99.94
m21038_250918_083927/258081376/ccs	0.993799	22.0754	27694	99.35
m21038_251020_022241/242619515/ccs	0.999563	33.5952	24388	99.77
m21038_251020_022241/128128258/ccs	0.999314	31.6368	21503	99.76
m21038_250918_083927/172167509/ccs	0.999882	39.2812	17409	99.90
m21038_251020_022241/257624615/ccs	0.99771	26.4016	22358	99.76
m21038_251020_022241/137560855/ccs	0.999381	32.0831	22548	99.77
m21038_251020_022241/130748304/ccs	0.998571	28.4497	28818	99.91
m21038_250918_083927/36111214/ccs	0.998294	27.6802	16799	99.87
m21038_250918_083927/211353977/ccs	0.999774	36.4589	24089	99.77
m21038_251020_022241/66587687/ccs	0.998318	27.7417	30354	99.80
m21038_250918_083927/11404206/ccs	0.99377	22.0551	21264	99.81
m21038_250918_083927/194646612/ccs	0.999254	31.2726	28536	99.80
m21038_251020_022241/263132262/ccs	0.999727	35.6384	25675	99.55
m21038_251020_022241/236459662/ccs	0.99975	36.0206	18626	99.90
m21038_250918_083927/63903397/ccs	0.999374	32.0343	23632	99.90
m21038_251020_022241/142280683/ccs	0.999812	37.2584	22314	99.92
m21038_251020_022241/63767237/ccs	0.99729	25.6703	19057	99.92
m21038_251020_022241/142937828/ccs	0.999956	43.5655	12520	99.77
m21038_251020_022241/149427602/ccs	0.999052	30.2319	32126	99.81
m21038_250918_083927/180883341/ccs	0.99988	39.2082	9810	99.89
m21038_250918_083927/37816414/ccs	0.999377	32.0551	20185	99.90
m21038_251020_022241/221382818/ccs	0.999916	40.7572	12434	99.86
m21038_251020_022241/46208407/ccs	0.999828	37.6447	19131	99.92
m21038_250918_083927/47842155/ccs	0.999707	35.3313	16912	99.86
m21038_250918_083927/146867717/ccs	0.999744	35.9176	15018	99.89
m21038_251020_022241/218240151/ccs	0.998413	27.9942	21529	99.93
m21038_251020_022241/138744642/ccs	0.997805	26.5857	38258	99.83
m21038_251020_022241/56429149/ccs	0.999966	44.6852	12730	99.91
m21038_250918_083927/158007540/ccs	0.999421	32.3732	17872	99.94
m21038_250918_083927/193990367/ccs	0.999721	35.544	23957	99.72
m21038_251020_022241/254411172/ccs	0.999607	34.0561	17426	99.94
m21038_250918_083927/32573732/ccs	0.99969	35.0864	16293	99.93
m21038_250918_083927/47645366/ccs	0.992529	21.2662	28075	99.53
m21038_251020_022241/69665555/ccs	0.995725	23.6906	26217	99.92
m21038_251020_022241/71308082/ccs	0.998766	29.0868	21088	99.95
m21038_250918_083927/78124841/ccs	0.999744	35.9176	8479	99.95
m21038_250918_083927/9181062/ccs	0.999492	32.9414	15132	99.72
m21038_251020_022241/139072377/ccs	0.999971	45.376	11113	99.95
m21038_250918_083927/167711173/ccs	0.998995	29.9783	6673	99.97
m21038_251020_022241/193069933/ccs	0.999429	32.4336	15276	99.95
m21038_250918_083927/70522806/ccs	0.999925	41.2494	13419	99.95
m21038_250918_083927/22218287/ccs	0.999771	36.4016	17004	99.95
m21038_250918_083927/102892811/ccs	0.999798	36.9465	21727	99.95
m21038_250918_083927/247006908/ccs	0.999833	37.7728	11040	99.75
m21038_250918_083927/123667760/ccs	0.999156	30.7366	33034	99.85
m21038_250918_083927/100467327/ccs	0.9993	31.549	13444	99.94
m21038_250918_083927/199557934/ccs	0.997558	26.1225	19760	99.94
m21038_251020_022241/242291510/ccs	0.999969	45.0864	12068	99.80
m21038_250918_083927/191433884/ccs	0.992642	21.3324	23210	99.66
m21038_250918_083927/210900586/ccs	0.997406	25.8603	9606	99.93
m21038_250918_083927/131602018/ccs	0.999762	36.2342	19761	99.95
m21038_250918_083927/167776092/ccs	0.999991	50.4576	5252	99.96
m21038_251020_022241/105189644/ccs	0.997206	25.5377	23607	99.91
m21038_250918_083927/113772722/ccs	0.999974	45.8503	6911	99.96
m21038_251020_022241/259003224/ccs	0.999934	41.8046	18403	99.86
m21038_250918_083927/103944910/ccs	0.999876	39.0658	4534	99.98
m21038_250918_083927/144512893/ccs	0.999843	38.041	14743	99.80
m21038_251020_022241/244188841/ccs	0.999676	34.8945	19612	99.86
m21038_250918_083927/175637140/ccs	0.999746	35.9517	22042	99.95
m21038_250918_083927/167646404/ccs	0.999232	31.1464	10421	99.91
m21038_250918_083927/154670371/ccs	0.999999	60	5386	99.94
m21038_251020_022241/36307683/ccs	0.995455	23.4247	25745	99.66
m21038_251020_022241/120652149/ccs	0.999983	47.6955	8609	99.94
m21038_250918_083927/47451380/ccs	0.999988	49.2082	5784	99.95
m21038_250918_083927/106433594/ccs	0.998097	27.2056	25910	99.66
m21038_250918_083927/150476261/ccs	0.999961	44.0894	18515	99.93
m21038_251020_022241/72549066/ccs	0.999781	36.5956	18756	99.93
m21038_250918_083927/182455047/ccs	0.998421	28.0162	19026	99.79
m21038_250918_083927/59835415/ccs	0.997485	25.9946	29284	99.92
m21038_250918_083927/62132598/ccs	0.999958	43.7675	4650	99.74
m21038_251020_022241/123082211/ccs	1	60	9590	99.89
m21038_250918_083927/150536468/ccs	1	60	6905	99.75
m21038_251020_022241/58922076/ccs	0.999917	40.8092	10556	99.88
m21038_250918_083927/84609004/ccs	0.99918	30.8619	23526	99.94
m21038_250918_083927/32771624/ccs	0.999018	30.0789	19224	99.80
m21038_251020_022241/60690962/ccs	0.997115	25.3985	16043	99.74
m21038_251020_022241/22352246/ccs	0.999911	40.5061	5837	99.95
m21038_251020_022241/44175605/ccs	0.99918	30.8619	16343	99.93
m21038_251020_022241/31131562/ccs	0.998035	27.0664	14152	99.95
m21038_250918_083927/38273729/ccs	1	60	3823	99.95
m21038_250918_083927/13829079/ccs	0.998327	27.765	5024	99.92
m21038_251020_022241/119341247/ccs	0.999866	38.729	19323	99.93
m21038_250918_083927/7603094/ccs	0.993483	21.8595	13836	99.67
m21038_251020_022241/51446031/ccs	0.999509	33.0892	26848	99.54
m21038_250918_083927/156504176/ccs	0.999999	60	4844	99.75
m21038_250918_083927/138543862/ccs	0.999995	53.0103	8928	99.87
m21038_251020_022241/250876582/ccs	0.999838	37.9048	17467	99.95
m21038_250918_083927/94505863/ccs	0.999988	49.2082	4016	99.95
m21038_250918_083927/128123184/ccs	0.998101	27.2148	7628	99.79
m21038_251020_022241/77271481/ccs	0.999995	53.0103	3492	99.89
m21038_250918_083927/22812146/ccs	0.999811	37.2354	12034	99.94
m21038_251020_022241/82316178/ccs	0.999941	42.2915	6633	99.76
m21038_250918_083927/35064325/ccs	0.998749	29.0274	16891	99.77
m21038_250918_083927/92408468/ccs	0.996413	24.4527	4039	99.63
m21038_251020_022241/149621417/ccs	0.999873	38.962	18529	99.82
m21038_250918_083927/249300066/ccs	0.998981	29.9183	13202	99.77
m21038_250918_083927/222823010/ccs	0.999901	40.0436	19416	99.92
m21038_251020_022241/59184380/ccs	0.99997	45.2288	7869	99.92
m21038_250918_083927/18940444/ccs	0.99889	29.5468	16515	99.84
m21038_250918_083927/178785110/ccs	0.99921	31.0237	6322	99.78
m21038_251020_022241/171184185/ccs	0.998589	28.5047	25785	99.81
m21038_251020_022241/199626108/ccs	1	60	7154	99.93
m21038_251020_022241/120719569/ccs	0.998927	29.694	16929	99.93
m21038_250918_083927/123475910/ccs	0.999764	36.2709	8103	99.81
m21038_251020_022241/78647129/ccs	0.998611	28.573	28954	99.95
m21038_250918_083927/53548491/ccs	0.999984	47.9588	14717	99.82
m21038_250918_083927/36769439/ccs	0.99564	23.6051	22349	99.91
m21038_250918_083927/8653340/ccs	0.996091	24.0793	29135	99.91
m21038_250918_083927/53874061/ccs	0.999988	49.2082	5674	99.86
m21038_250918_083927/80085875/ccs	0.998752	29.0379	15875	99.93
m21038_250918_083927/93652988/ccs	1	60	2776	99.89
m21038_250918_083927/15468769/ccs	0.996652	24.7521	11203	99.79
m21038_250918_083927/120916614/ccs	0.999989	49.5861	5483	99.93
m21038_250918_083927/202051472/ccs	1	60	5580	99.91
m21038_250918_083927/202445702/ccs	0.999917	40.8092	3047	99.80
m21038_250918_083927/9573213/ccs	0.99922	31.0791	24744	99.81
m21038_250918_083927/59378955/ccs	0.998591	28.5109	21302	99.87
m21038_251020_022241/92735714/ccs	0.998626	28.6201	28703	99.79
m21038_251020_022241/169937290/ccs	1	60	7362	99.80
m21038_251020_022241/72881782/ccs	0.999982	47.4473	6381	99.94
m21038_251020_022241/151525038/ccs	0.99984	37.9588	22616	99.95
m21038_250918_083927/151525057/ccs	0.999388	32.1325	23622	99.42
m21038_250918_083927/55710210/ccs	0.999772	36.4207	18922	99.83
m21038_250918_083927/4263137/ccs	0.999832	37.7469	16746	99.94
m21038_250918_083927/204277650/ccs	1	60	3302	99.91
m21038_251020_022241/35131548/ccs	0.99455	22.636	23060	99.90
m21038_250918_083927/57017833/ccs	0.999455	32.636	16562	99.92
m21038_251020_022241/123211292/ccs	0.99956	33.5655	13388	99.84
m21038_251020_022241/108663985/ccs	0.998566	28.4345	11924	99.82
m21038_250918_083927/70389026/ccs	0.999992	50.9691	8562	99.79
m21038_251020_022241/221511919/ccs	0.999713	35.4212	24258	99.81
m21038_250918_083927/120522906/ccs	0.999999	60	4927	99.86
m21038_251020_022241/159257401/ccs	0.999973	45.6864	8315	99.95
m21038_250918_083927/226101948/ccs	0.99971	35.376	20334	99.50
m21038_250918_083927/173411501/ccs	0.995958	23.934	7740	99.91
m21038_251020_022241/170397586/ccs	0.999971	45.376	11102	99.94
m21038_251020_022241/66455424/ccs	0.999299	31.5428	28019	99.94
m21038_251020_022241/93787281/ccs	0.999532	33.2975	7503	99.96
m21038_250918_083927/85658941/ccs	1	60	4713	99.94
m21038_251020_022241/158076638/ccs	0.999999	60	6425	99.77
m21038_250918_083927/152375423/ccs	1	60	3870	99.79
m21038_250918_083927/48103949/ccs	0.996222	24.2274	7946	99.87
m21038_251020_022241/151328151/ccs	0.998182	27.4041	22522	99.77
m21038_250918_083927/56690999/ccs	0.999993	51.549	11292	99.72
m21038_251020_022241/15141890/ccs	0.998996	29.9827	18623	99.81
m21038_251020_022241/214632853/ccs	0.990625	20.2803	11278	99.52
m21038_251020_022241/177607319/ccs	0.999692	35.1145	25571	99.81
m21038_251020_022241/108861034/ccs	0.999892	39.6658	18397	99.80
m21038_250918_083927/140641699/ccs	0.99682	24.9757	31515	99.80
m21038_250918_083927/8063470/ccs	0.994927	22.9474	25535	99.86
m21038_250918_083927/168690196/ccs	0.994761	22.8075	14679	99.88
m21038_250918_083927/104926050/ccs	0.999979	46.7778	8544	99.94
m21038_250918_083927/154997717/ccs	0.997345	25.7594	10882	99.88
m21038_250918_083927/259786803/ccs	0.999991	50.4576	9960	99.70
m21038_250918_083927/104271461/ccs	0.998749	29.0274	5200	99.90
m21038_250918_083927/100403453/ccs	0.991869	20.8986	15028	99.83
m21038_250918_083927/46272927/ccs	0.999684	35.0031	17234	99.95
m21038_250918_083927/73335221/ccs	0.996646	24.7444	24150	99.92
m21038_250918_083927/196611199/ccs	0.999715	35.4516	10651	99.94
m21038_250918_083927/110432714/ccs	0.999953	43.279	11294	99.60
m21038_250918_083927/237634938/ccs	0.99999	50	7618	99.97
m21038_250918_083927/196411973/ccs	0.997679	26.3432	7074	99.96
m21038_250918_083927/68555813/ccs	1	60	3890	99.77
m21038_250918_083927/47846240/ccs	0.999838	37.9048	10854	99.95
m21038_250918_083927/112919307/ccs	0.998781	29.14	30941	99.92
m21038_251020_022241/81270650/ccs	0.998619	28.5981	34715	99.93
m21038_250918_083927/193790244/ccs	0.999704	35.2871	20643	99.95
m21038_251020_022241/116462659/ccs	0.999328	31.7263	26932	99.95
m21038_250918_083927/154012636/ccs	0.999988	49.2082	7917	99.61
m21038_251020_022241/58854085/ccs	0.999997	55.2288	6987	99.93
m21038_250918_083927/57607988/ccs	0.99996	43.9794	9967	99.94
m21038_251020_022241/140055361/ccs	0.99746	25.9517	24779	99.84
m21038_250918_083927/205197103/ccs	0.999859	38.5078	20248	99.82
m21038_250918_083927/203295819/ccs	0.999058	30.2595	4595	99.80
m21038_250918_083927/118164202/ccs	0.99372	22.0204	13281	99.86
m21038_250918_083927/150476114/ccs	0.999995	53.0103	7094	99.93
m21038_250918_083927/120980847/ccs	0.999937	42.0066	8434	99.86
m21038_251020_022241/75174450/ccs	0.994013	22.2279	26241	99.93
m21038_251020_022241/41618614/ccs	0.999905	40.2228	12315	99.94
m21038_250918_083927/118165626/ccs	0.999981	47.2125	7665	99.92
m21038_250918_083927/187238129/ccs	0.999982	47.4473	11026	99.79
m21038_250918_083927/111675909/ccs	0.995777	23.7438	7022	99.89
m21038_250918_083927/241764878/ccs	0.999537	33.3442	14175	99.94
m21038_250918_083927/76616772/ccs	0.999284	31.4509	6920	99.93
m21038_251020_022241/228196823/ccs	0.999421	32.3732	8042	99.93
m21038_251020_022241/224267918/ccs	0.999996	53.9794	6320	99.87
m21038_250918_083927/102372097/ccs	0.999502	33.0277	18301	99.95
m21038_250918_083927/266667877/ccs	0.993171	21.6564	19284	99.78
m21038_250918_083927/116788843/ccs	0.999726	35.6225	7804	99.92
m21038_251020_022241/54659748/ccs	1	60	2334	99.87
m21038_250918_083927/131730461/ccs	0.998066	27.1354	14010	99.96
m21038_251020_022241/79760937/ccs	0.999346	31.8442	23624	99.86
m21038_251020_022241/2752988/ccs	0.995938	23.9126	31844	99.81
m21038_251020_022241/159843329/ccs	0.999842	38.0134	13221	99.95
m21038_250918_083927/40044804/ccs	0.999266	31.343	8433	99.95
m21038_251020_022241/34081960/ccs	0.999933	41.7393	7568	99.80
m21038_250918_083927/248252387/ccs	0.999696	35.1713	11609	99.97
m21038_250918_083927/119342285/ccs	0.99949	32.9243	9396	99.79
m21038_250918_083927/63897727/ccs	0.999864	38.6646	14274	99.96
m21038_250918_083927/89526308/ccs	0.999765	36.2893	7515	99.95
m21038_251020_022241/158860070/ccs	0.998851	29.3968	10598	99.96
m21038_251020_022241/231347480/ccs	0.998119	27.2561	31431	99.93
m21038_250918_083927/16979753/ccs	0.999799	36.968	23775	99.94
m21038_250918_083927/115344561/ccs	0.993337	21.7633	26232	99.87
m21038_250918_083927/221842224/ccs	0.999935	41.8709	7340	99.96
m21038_251020_022241/110101180/ccs	0.99992	40.9691	5961	99.95
m21038_251020_022241/74974246/ccs	0.999399	32.2113	23846	99.94
m21038_251020_022241/39129775/ccs	0.999966	44.6852	4639	99.70
m21038_251020_022241/113578121/ccs	0.998691	28.8306	19757	99.92
m21038_251020_022241/148704570/ccs	0.999996	53.9794	4846	99.67
m21038_250918_083927/257754868/ccs	0.999895	39.7881	5505	99.95
m21038_250918_083927/237635121/ccs	0.995081	23.0812	31751	99.94
m21038_250918_083927/149881375/ccs	0.99941	32.2915	6261	99.76
m21038_250918_083927/51516934/ccs	0.999934	41.8046	6765	99.97
m21038_250918_083927/195888359/ccs	0.999759	36.1798	20019	99.93
m21038_250918_083927/86117990/ccs	0.999993	51.549	5328	99.96
m21038_250918_083927/236454401/ccs	0.997428	25.8973	22505	99.91
m21038_251020_022241/61739469/ccs	0.999275	31.3966	26267	99.87
m21038_250918_083927/24252608/ccs	0.99992	40.9691	12007	99.97
m21038_251020_022241/77599984/ccs	0.999109	30.5012	9032	99.93
m21038_250918_083927/127140739/ccs	0.999955	43.4679	8040	99.95
m21038_251020_022241/79495936/ccs	0.997675	26.3358	23091	99.92
m21038_251020_022241/130550054/ccs	0.998279	27.6422	26981	99.85
m21038_250918_083927/24056203/ccs	0.999947	42.7572	7463	99.95
m21038_250918_083927/37359404/ccs	0.999903	40.1323	13226	99.97
m21038_250918_083927/158142070/ccs	0.991921	20.9264	5759	99.63
m21038_250918_083927/74517915/ccs	0.996931	25.13	15908	99.91
m21038_251020_022241/152634232/ccs	0.999849	38.2102	12886	99.96
m21038_250918_083927/224070230/ccs	0.997681	26.347	7413	99.92
m21038_251020_022241/81661686/ccs	0.999509	33.0892	20982	99.93
m21038_250918_083927/55837742/ccs	0.998161	27.3542	4203	99.95
m21038_250918_083927/183833335/ccs	0.999017	30.0745	21238	99.90
m21038_250918_083927/89721630/ccs	1	60	4112	99.95
m21038_250918_083927/236324097/ccs	0.996952	25.1599	23713	99.86
m21038_250918_083927/124585236/ccs	0.999991	50.4576	4439	99.95
m21038_250918_083927/141953592/ccs	0.99998	46.9897	3106	99.97
m21038_250918_083927/108139898/ccs	0.99597	23.9469	29512	99.92
m21038_251020_022241/225250397/ccs	0.999882	39.2812	19355	99.91
m21038_251020_022241/216274246/ccs	0.999155	30.7314	20545	99.91
m21038_250918_083927/135140625/ccs	0.998633	28.6423	18824	99.91
m21038_251020_022241/98833874/ccs	0.999843	38.041	16180	99.93
m21038_250918_083927/16717199/ccs	0.99566	23.6251	25174	99.88
m21038_250918_083927/262212570/ccs	0.998735	28.9791	13448	99.91
m21038_250918_083927/78709475/ccs	0.999941	42.2915	13459	99.89
m21038_250918_083927/174722809/ccs	0.999791	36.7985	19250	99.90
m21038_250918_083927/207754239/ccs	0.999895	39.7881	6582	99.91
m21038_250918_083927/159452592/ccs	0.999987	48.8606	9678	99.91
m21038_251020_022241/169545517/ccs	0.998894	29.5624	11132	99.87
m21038_250918_083927/85262818/ccs	0.999874	38.9963	5361	100.00
m21038_250918_083927/202838030/ccs	0.999834	37.7989	13370	99.92
m21038_250918_083927/91687905/ccs	0.990564	20.2521	5771	100.00
m21038_251020_022241/67306456/ccs	0.999968	44.9485	10336	99.92
m21038_251020_022241/82317869/ccs	0.999495	32.9671	9256	99.91
m21038_250918_083927/185008320/ccs	0.999234	31.1577	15620	99.92
m21038_250918_083927/19862787/ccs	0.999997	55.2288	5181	100.00
m21038_250918_083927/115544962/ccs	0.999948	42.84	16136	99.91
m21038_251020_022241/4523245/ccs	0.999551	33.4775	12258	99.92
m21038_250918_083927/67114761/ccs	0.999133	30.6198	6515	99.88
m21038_251020_022241/166727687/ccs	0.999644	34.4855	26797	99.90
m21038_251020_022241/240780988/ccs	0.998017	27.0268	31898	99.89
m21038_251020_022241/216405847/ccs	0.999755	36.1083	22389	99.94
m21038_250918_083927/234489319/ccs	0.999938	42.0761	7889	99.91
m21038_251020_022241/60427622/ccs	0.999646	34.51	7822	99.90
m21038_250918_083927/46011084/ccs	0.999601	33.9903	4095	100.00
m21038_250918_083927/115021247/ccs	0.999647	34.5223	21545	99.88
m21038_250918_083927/139461757/ccs	0.9935	21.8709	6970	99.84
m21038_250918_083927/76744649/ccs	0.999987	48.8606	3974	99.79
m21038_251020_022241/22352605/ccs	0.999901	40.0436	11622	99.91
m21038_250918_083927/185336378/ccs	0.999179	30.8566	4520	99.82
m21038_250918_083927/116789947/ccs	0.999819	37.4232	6048	99.85
m21038_251020_022241/199037704/ccs	0.99993	41.549	13245	99.88
m21038_250918_083927/81857358/ccs	0.996733	24.8585	23107	99.89
m21038_250918_083927/181077200/ccs	0.999606	34.045	21489	99.93
m21038_250918_083927/137105484/ccs	0.999993	51.549	3067	99.74
m21038_250918_083927/236586110/ccs	0.999879	39.1721	16010	99.86
m21038_251020_022241/190711769/ccs	0.996632	24.7263	29721	99.91
m21038_251020_022241/81138517/ccs	0.998921	29.6698	32878	99.92
m21038_250918_083927/101189429/ccs	1	60	3399	99.91
m21038_250918_083927/53414383/ccs	0.99752	26.0555	18329	99.95
m21038_251020_022241/239538210/ccs	0.999469	32.7491	20713	99.55
m21038_251020_022241/218956411/ccs	0.998969	29.8674	18278	99.96
m21038_251020_022241/212405877/ccs	0.999826	37.5945	9078	99.97
m21038_250918_083927/213324855/ccs	0.995003	23.0129	30408	99.59
m21038_251020_022241/172622694/ccs	0.999137	30.6399	27789	99.95
m21038_251020_022241/206442069/ccs	0.999056	30.2503	19631	99.56
m21038_251020_022241/48696284/ccs	0.99975	36.0206	11263	99.97
m21038_250918_083927/216008790/ccs	0.99957	33.6653	14758	99.96
m21038_250918_083927/104797310/ccs	0.999758	36.1618	3220	99.97
m21038_251020_022241/106632601/ccs	0.998745	29.0136	29385	99.69
m21038_250918_083927/115869261/ccs	0.996629	24.7224	34659	99.69
m21038_251020_022241/193069187/ccs	0.997275	25.6463	18198	99.55
m21038_250918_083927/244648584/ccs	0.998907	29.6138	23571	99.65
m21038_251020_022241/248386454/ccs	0.999521	33.1966	19903	99.96
m21038_251020_022241/218764498/ccs	0.994701	22.7581	19233	99.52
m21038_251020_022241/166135566/ccs	0.999933	41.7393	9502	99.86
m21038_250918_083927/200606642/ccs	0.999958	43.7675	15682	99.89
m21038_250918_083927/167249534/ccs	0.999699	35.2143	11253	99.96
m21038_250918_083927/154341072/ccs	0.999995	53.0103	5359	99.96
m21038_250918_083927/162925688/ccs	0.997618	26.2306	23091	99.66
m21038_250918_083927/129700913/ccs	0.998402	27.9642	17320	99.95
m21038_250918_083927/110892131/ccs	0.99691	25.1004	20517	99.96
m21038_251020_022241/144642770/ccs	0.999357	31.9179	14905	99.97
m21038_251020_022241/108139510/ccs	0.999263	31.3253	3767	99.97
m21038_251020_022241/166729027/ccs	0.999984	47.9588	7100	99.97
m21038_251020_022241/242684712/ccs	0.999103	30.4721	9752	99.97
m21038_250918_083927/229572997/ccs	0.999346	31.8442	19868	99.64
m21038_250918_083927/214503496/ccs	0.999354	31.8977	2638	98.75
m21038_250918_083927/49283141/ccs	0.999441	32.5259	17808	99.61
m21038_251020_022241/74254429/ccs	0.999654	34.6092	23427	99.64
m21038_251020_022241/197397284/ccs	0.998429	28.0382	29927	99.93
m21038_250918_083927/140642581/ccs	0.999071	30.3198	11482	99.86
m21038_250918_083927/106237083/ccs	0.996012	23.9924	17718	99.94
m21038_250918_083927/13636956/ccs	0.993279	21.7257	26038	99.88
m21038_251020_022241/211555309/ccs	1	60	3572	99.97
m21038_251020_022241/261559388/ccs	0.999203	30.9854	29011	99.94
m21038_250918_083927/7016608/ccs	0.997853	26.6817	20098	99.95
m21038_251020_022241/189006547/ccs	0.999797	36.925	21244	99.66
m21038_250918_083927/245760104/ccs	0.999417	32.3433	19408	99.88
m21038_251020_022241/32642701/ccs	0.998076	27.1579	21508	99.95
m21038_250918_083927/245367993/ccs	0.999998	56.9897	6091	99.84
m21038_251020_022241/31853801/ccs	0.999553	33.4969	25196	99.95
m21038_251020_022241/85655725/ccs	0.992131	21.0408	22846	99.53
m21038_251020_022241/227873538/ccs	0.999311	31.6178	18452	99.88
m21038_250918_083927/78186455/ccs	0.996106	24.096	17960	99.59
m21038_251020_022241/145358946/ccs	0.999497	32.9843	19588	99.95
m21038_251020_022241/51185852/ccs	0.999699	35.2143	22036	99.97
m21038_250918_083927/205525968/ccs	0.996862	25.0335	27886	99.91
m21038_250918_083927/6098624/ccs	0.999486	32.8904	13617	99.54
m21038_251020_022241/235999874/ccs	0.999899	39.9568	13636	99.96
m21038_250918_083927/67571228/ccs	0.999988	49.2082	7750	99.81
m21038_251020_022241/135730227/ccs	0.999985	48.2391	8493	99.95
m21038_250918_083927/115409670/ccs	0.999971	45.376	5351	99.81
m21038_251020_022241/115476660/ccs	0.999166	30.7883	26551	99.74
m21038_251020_022241/212801051/ccs	0.999204	30.9909	20954	99.87
m21038_250918_083927/184617354/ccs	0.999877	39.1009	6552	99.77
m21038_250918_083927/44762273/ccs	0.998593	28.5171	25548	99.72
m21038_250918_083927/67896774/ccs	0.999821	37.4715	11169	99.59
m21038_250918_083927/187564410/ccs	0.996719	24.8399	7244	99.81
m21038_251020_022241/223938969/ccs	0.999366	31.9791	22103	99.87
m21038_250918_083927/216989795/ccs	0.995788	23.7551	19112	99.83
m21038_250918_083927/261752772/ccs	0.991913	20.9221	18740	99.95
m21038_250918_083927/80155325/ccs	0.997578	26.1583	26455	99.73
m21038_250918_083927/24643314/ccs	1	60	5091	99.94
m21038_251020_022241/205588990/ccs	0.99977	36.3827	18387	99.73
m21038_250918_083927/85594368/ccs	0.999969	45.0864	8873	99.88
m21038_250918_083927/141361717/ccs	0.997999	26.9875	16692	99.67
m21038_251020_022241/53870778/ccs	0.996225	24.2308	28303	99.92
m21038_251020_022241/31002176/ccs	0.999605	34.034	26107	99.70
m21038_251020_022241/254219744/ccs	0.9977	26.3827	23097	99.69
m21038_251020_022241/106630871/ccs	0.999912	40.5552	10234	99.57
m21038_250918_083927/70192048/ccs	0.999809	37.1897	19758	99.96
m21038_251020_022241/129503944/ccs	0.999872	38.9279	17655	99.74
m21038_251020_022241/224922316/ccs	0.99919	30.9151	17399	99.74
m21038_251020_022241/193005643/ccs	0.999624	34.2481	6899	99.94
m21038_251020_022241/220008367/ccs	1	60	5994	99.93
m21038_251020_022241/124720625/ccs	0.999862	38.6012	21346	99.58
m21038_251020_022241/142611604/ccs	0.99991	40.4576	20378	99.94
m21038_250918_083927/203623924/ccs	0.999081	30.3668	7670	99.58
m21038_250918_083927/21565941/ccs	0.998737	28.986	20709	99.90
m21038_250918_083927/140447945/ccs	0.999678	34.9214	5598	99.59
m21038_250918_083927/102503226/ccs	0.999834	37.7989	21312	99.78
m21038_250918_083927/232917355/ccs	0.999354	31.8977	14785	99.91
m21038_250918_083927/171051226/ccs	0.998842	29.3629	22835	99.92
m21038_250918_083927/5379178/ccs	0.999821	37.4715	16073	99.81
m21038_251020_022241/6554013/ccs	0.999134	30.6248	22772	99.94
m21038_250918_083927/176035648/ccs	0.999708	35.3462	25977	99.93
m21038_250918_083927/39846989/ccs	0.99999	50	4794	99.96
m21038_250918_083927/64490310/ccs	0.995604	23.5694	25842	99.78
m21038_251020_022241/5507874/ccs	0.993174	21.6583	28428	99.74
m21038_251020_022241/197136527/ccs	1	60	5171	99.96
m21038_250918_083927/52761563/ccs	0.998349	27.8225	4435	99.68
m21038_250918_083927/160434602/ccs	0.995041	23.0461	9618	99.87
m21038_250918_083927/156305744/ccs	0.999934	41.8046	6045	99.97
m21038_251020_022241/171575992/ccs	0.999983	47.6955	9217	99.72
m21038_250918_083927/64362383/ccs	0.999923	41.1351	10167	99.91
m21038_251020_022241/138351853/ccs	0.999805	37.0997	9816	99.83
m21038_250918_083927/57609610/ccs	0.999954	43.3724	9063	99.82
m21038_250918_083927/231342276/ccs	0.999687	35.0446	13931	99.92
m21038_251020_022241/134418982/ccs	0.99997	45.2288	6262	99.86
m21038_251020_022241/152964498/ccs	0.999885	39.393	20096	99.94
m21038_251020_022241/165220292/ccs	0.997833	26.6414	15386	99.96
m21038_250918_083927/87757352/ccs	0.999894	39.7469	12786	99.98
m21038_250918_083927/266864326/ccs	0.999686	35.0307	16231	99.86
m21038_251020_022241/9109616/ccs	0.999464	32.7084	7864	99.80
m21038_251020_022241/224728348/ccs	0.999133	30.6198	19042	99.94
m21038_250918_083927/124326901/ccs	0.99999	50	6792	99.82
m21038_250918_083927/244252968/ccs	0.999985	48.2391	4868	99.79
m21038_250918_083927/201462629/ccs	0.999398	32.204	17347	99.95
m21038_250918_083927/44438095/ccs	0.995241	23.2248	15421	99.50
m21038_250918_083927/61607252/ccs	0.999141	30.6601	19046	99.86
m21038_250918_083927/170003239/ccs	0.991366	20.6379	7917	99.90
m21038_251020_022241/91619755/ccs	0.99998	46.9897	10011	99.89
m21038_251020_022241/212014451/ccs	0.99887	29.4692	26261	99.92
m21038_250918_083927/6821261/ccs	0.999998	56.9897	8637	99.98
m21038_250918_083927/217192009/ccs	0.999218	31.0679	23729	99.93
m21038_250918_083927/129368340/ccs	0.997655	26.2986	26090	99.77
m21038_250918_083927/63770471/ccs	0.999973	45.6864	6220	99.98
m21038_250918_083927/237832486/ccs	0.999674	34.8678	20103	99.93
m21038_251020_022241/31068268/ccs	0.998831	29.3219	10301	99.88
m21038_251020_022241/135792197/ccs	0.99977	36.3827	18997	99.83
m21038_250918_083927/73798251/ccs	1	60	5242	99.98
m21038_251020_022241/226561151/ccs	0.992434	21.2113	25240	99.45
m21038_250918_083927/146607799/ccs	0.999986	48.5387	3867	100.00
m21038_251020_022241/170136710/ccs	0.999966	44.6852	4365	100.00
m21038_251020_022241/261363380/ccs	0.998874	29.4846	19969	99.82
m21038_250918_083927/91554429/ccs	0.999999	60	8897	99.88
m21038_250918_083927/161092464/ccs	0.999799	36.968	4492	99.84
m21038_250918_083927/169349435/ccs	0.996211	24.2148	4686	99.80
m21038_250918_083927/56297871/ccs	0.999891	39.6257	16817	99.93
m21038_251020_022241/259724316/ccs	0.999571	33.6754	22035	99.77
m21038_250918_083927/28972964/ccs	0.999942	42.3657	19253	99.93
m21038_250918_083927/164561700/ccs	1	60	3966	99.97
m21038_250918_083927/195037700/ccs	0.999997	55.2288	6859	99.87
m21038_251020_022241/172233628/ccs	0.999707	35.3313	16992	99.81
m21038_251020_022241/83034429/ccs	0.999991	50.4576	11555	99.84
m21038_250918_083927/100926073/ccs	0.999914	40.655	8785	99.95
m21038_250918_083927/115146962/ccs	0.99616	24.1567	31402	99.86
m21038_250918_083927/196870214/ccs	0.999485	32.8819	20949	99.81
m21038_251020_022241/66912644/ccs	0.997647	26.2838	31522	99.86
m21038_251020_022241/170787394/ccs	0.999678	34.9214	10843	99.83
m21038_250918_083927/26742838/ccs	0.999986	48.5387	3878	99.95
m21038_250918_083927/198513079/ccs	0.99979	36.7778	12479	99.92
m21038_250918_083927/103092417/ccs	0.998426	28.03	4335	99.86
m21038_250918_083927/142672408/ccs	0.999992	50.9691	8372	99.94
m21038_250918_083927/193664161/ccs	0.999385	32.1112	5372	99.89
m21038_251020_022241/192809577/ccs	0.999964	44.437	13421	99.84
m21038_251020_022241/58853355/ccs	0.999129	30.5998	25412	99.92
m21038_250918_083927/15341050/ccs	0.99859	28.5078	10490	99.78
m21038_251020_022241/50462889/ccs	1	60	3265	99.82
m21038_250918_083927/46663916/ccs	0.999993	51.549	6455	99.89
m21038_250918_083927/81790183/ccs	0.999978	46.5758	11491	99.83
m21038_250918_083927/49614512/ccs	1	60	3983	99.92
m21038_250918_083927/139137687/ccs	0.999785	36.6756	3693	99.86
m21038_250918_083927/186780603/ccs	0.999883	39.3181	7693	99.87
m21038_251020_022241/147263570/ccs	0.999984	47.9588	7050	99.94
m21038_250918_083927/258409990/ccs	0.999539	33.363	7393	99.81
m21038_250918_083927/90834295/ccs	0.999652	34.5842	8684	99.88
m21038_250918_083927/60166955/ccs	0.999899	39.9568	4564	99.96
m21038_251020_022241/129042010/ccs	0.999824	37.5449	18965	99.76
m21038_250918_083927/30609842/ccs	0.999196	30.9474	14634	99.81
m21038_251020_022241/142149377/ccs	0.999977	46.3827	12099	99.92
m21038_250918_083927/37819349/ccs	0.996606	24.6929	21080	99.74
m21038_250918_083927/44040857/ccs	0.997484	25.9929	2863	99.90
m21038_250918_083927/16056924/ccs	0.999938	42.0761	8367	99.93
m21038_251020_022241/88807122/ccs	0.998953	29.8005	31244	99.83
m21038_250918_083927/133370249/ccs	1	60	3688	99.95
m21038_251020_022241/185730975/ccs	0.999985	48.2391	10464	99.83
m21038_250918_083927/106173249/ccs	0.999987	48.8606	3612	99.83
m21038_250918_083927/49807471/ccs	0.999265	31.3371	13405	99.90
m21038_250918_083927/150344292/ccs	0.998991	29.9611	8259	99.90
m21038_250918_083927/184095124/ccs	0.998341	27.8015	7379	99.90
m21038_250918_083927/206311562/ccs	0.995833	23.8018	20110	99.87
m21038_250918_083927/207099545/ccs	0.998632	28.6391	25201	99.76
m21038_251020_022241/158667962/ccs	0.999562	33.5853	17722	99.71
m21038_250918_083927/82577912/ccs	0.999932	41.6749	7278	99.89
m21038_250918_083927/245564111/ccs	0.999751	36.038	9704	99.91
m21038_250918_083927/51251501/ccs	0.990691	20.311	12495	99.59
m21038_251020_022241/58789047/ccs	0.999801	37.0115	15056	99.81
m21038_250918_083927/170332169/ccs	0.999999	60	5919	99.92
m21038_251020_022241/182851007/ccs	0.994805	22.8441	9274	99.74
m21038_250918_083927/96606100/ccs	0.999956	43.5655	10937	99.92
m21038_250918_083927/238487473/ccs	0.996702	24.8175	10704	99.88
m21038_251020_022241/200151837/ccs	0.999723	35.5752	6434	99.91
m21038_250918_083927/184812244/ccs	0.999724	35.5909	17281	99.80
m21038_250918_083927/187040632/ccs	0.999796	36.9037	10963	99.74
m21038_251020_022241/86839955/ccs	0.991421	20.6656	36042	99.45
m21038_251020_022241/227874036/ccs	0.999787	36.7162	9864	99.91
m21038_250918_083927/102307089/ccs	0.999925	41.2494	2705	99.85
m21038_250918_083927/54857283/ccs	0.999974	45.8503	10516	99.75
m21038_250918_083927/118362143/ccs	0.99946	32.6761	24668	99.72
m21038_251020_022241/189534403/ccs	0.999996	53.9794	7341	99.84
m21038_251020_022241/115672882/ccs	0.99891	29.6257	11335	99.88
m21038_250918_083927/153162589/ccs	0.999387	32.1254	23214	99.70
m21038_250918_083927/164235874/ccs	0.999925	41.2494	5156	99.88
m21038_250918_083927/125635019/ccs	0.994949	22.9662	16215	99.72
m21038_250918_083927/2099996/ccs	0.997001	25.2302	7627	99.80
m21038_251020_022241/215222423/ccs	0.99904	30.1773	10356	99.65
m21038_250918_083927/159127413/ccs	0.990745	20.3362	27998	99.69
m21038_251020_022241/40834492/ccs	0.999873	38.962	9860	99.88
m21038_250918_083927/168302458/ccs	0.999862	38.6012	7325	99.75
m21038_250918_083927/46273841/ccs	0.997824	26.6234	29819	99.73
m21038_251020_022241/222433736/ccs	0.997917	26.8131	7683	99.53
m21038_251020_022241/125638492/ccs	0.999501	33.019	15811	99.91
m21038_250918_083927/172495225/ccs	1	60	3298	99.88
m21038_250918_083927/21435844/ccs	1	60	3846	99.90
m21038_251020_022241/121313114/ccs	0.999841	37.986	18849	99.91
m21038_251020_022241/263328193/ccs	0.999915	40.7058	15199	99.90
m21038_250918_083927/79435161/ccs	0.998762	29.0728	25697	99.78
m21038_251020_022241/168955596/ccs	0.992138	21.0447	25053	99.61
m21038_250918_083927/82450167/ccs	0.999969	45.0864	6086	99.88
m21038_250918_083927/72745420/ccs	0.998539	28.3535	6036	99.77
m21038_250918_083927/95682698/ccs	0.997747	26.4724	26311	99.73
m21038_250918_083927/92013971/ccs	0.999605	34.034	10544	99.70
m21038_251020_022241/18221200/ccs	0.999815	37.3283	17533	99.69
m21038_251020_022241/127342512/ccs	0.999977	46.3827	8445	99.76
m21038_250918_083927/179508245/ccs	0.999966	44.6852	3983	99.85
m21038_251020_022241/7738683/ccs	0.999644	34.4855	9881	99.70
m21038_251020_022241/46207214/ccs	0.999995	53.0103	6364	99.91
m21038_250918_083927/98959858/ccs	0.999104	30.4769	15689	99.90
m21038_250918_083927/218565043/ccs	0.998242	27.5498	35223	99.65
m21038_250918_083927/151915617/ccs	0.99999	50	6960	99.66
m21038_250918_083927/248318655/ccs	0.998517	28.2886	4503	99.73
m21038_250918_083927/207492331/ccs	0.997887	26.751	17120	99.82
m21038_251020_022241/15794621/ccs	0.999535	33.3255	18054	99.77
m21038_250918_083927/167188259/ccs	0.999064	30.2872	3029	99.90
m21038_251020_022241/57152890/ccs	0.992824	21.4412	22917	99.63
m21038_251020_022241/133038679/ccs	0.999899	39.9568	8112	99.93
m21038_250918_083927/127801139/ccs	0.999746	35.9517	2741	99.89
m21038_251020_022241/92474315/ccs	0.999459	32.668	3048	99.90
m21038_250918_083927/167580656/ccs	0.999944	42.5181	3508	99.91
m21038_251020_022241/75370705/ccs	0.999948	42.84	4783	99.90
m21038_250918_083927/67441458/ccs	0.999821	37.4715	2837	99.89
m21038_250918_083927/241631393/ccs	0.999434	32.4718	6676	99.69
m21038_250918_083927/34608941/ccs	0.9942	22.3657	17980	99.73
m21038_250918_083927/22218659/ccs	0.999919	40.9151	10584	99.90
m21038_250918_083927/65410019/ccs	0.99998	46.9897	3292	99.76
m21038_251020_022241/147854811/ccs	0.993328	21.7574	11669	99.60
m21038_250918_083927/123864518/ccs	0.99615	24.1454	15714	99.75
m21038_251020_022241/266604027/ccs	0.99972	35.5284	13157	99.82
m21038_251020_022241/117443876/ccs	0.999868	38.7943	6567	99.72
m21038_251020_022241/196805469/ccs	0.999353	31.891	21880	99.62
m21038_250918_083927/16519173/ccs	0.999785	36.6756	6380	99.78
m21038_250918_083927/7804586/ccs	0.999946	42.6761	7249	99.73
m21038_250918_083927/188156502/ccs	0.998407	27.9778	3747	99.95
m21038_251020_022241/59703396/ccs	0.997834	26.6434	11610	99.81
m21038_250918_083927/246874755/ccs	0.994974	22.9878	9636	99.71
m21038_250918_083927/191235972/ccs	0.999931	41.6115	3842	99.95
m21038_251020_022241/119932281/ccs	0.999949	42.9243	9475	99.84
m21038_250918_083927/143922631/ccs	0.999524	33.2239	15150	99.65
m21038_251020_022241/41487118/ccs	0.999228	31.1238	9886	99.76
m21038_250918_083927/214438957/ccs	1	60	4730	99.71
m21038_251020_022241/192088276/ccs	1	60	4087	99.67
m21038_251020_022241/260838065/ccs	0.999877	39.1009	7394	99.70
m21038_250918_083927/41358935/ccs	0.999949	42.9243	4832	99.65
m21038_250918_083927/171835548/ccs	0.999917	40.8092	12678	99.50
m21038_250918_083927/148772401/ccs	0.996296	24.3133	4930	99.35
m21038_250918_083927/139990943/ccs	0.99999	50	6755	99.99
m21038_250918_083927/106693980/ccs	0.999984	47.9588	3018	100.00
m21038_250918_083927/42996202/ccs	0.999385	32.1112	6720	99.85
m21038_250918_083927/4393059/ccs	0.999529	33.2698	26602	99.80
m21038_250918_083927/121701635/ccs	0.998939	29.7428	23979	99.83
m21038_250918_083927/77988411/ccs	0.999442	32.5337	16237	99.88
m21038_251020_022241/221446211/ccs	0.999592	33.8934	19403	99.89
m21038_250918_083927/206114448/ccs	0.999992	50.9691	3401	99.97
m21038_251020_022241/80614248/ccs	0.999993	51.549	4995	100.00
m21038_251020_022241/165024104/ccs	0.999146	30.6854	23144	99.85
m21038_251020_022241/219678721/ccs	0.999962	44.2022	12161	99.92
m21038_250918_083927/175048275/ccs	0.999838	37.9048	4093	99.93
m21038_250918_083927/98436600/ccs	0.99999	50	9646	99.91
m21038_250918_083927/80350850/ccs	0.999371	32.0135	16844	99.84
m21038_250918_083927/88607387/ccs	0.999505	33.0539	20499	99.83
m21038_250918_083927/187565003/ccs	0.999163	30.7727	6145	99.89
m21038_251020_022241/245372598/ccs	0.997517	26.0502	8955	99.85
m21038_251020_022241/237244426/ccs	0.99996	43.9794	8581	99.88
m21038_251020_022241/105846266/ccs	0.999978	46.5758	7137	99.58
m21038_250918_083927/242876881/ccs	0.999841	37.986	4191	99.93
m21038_251020_022241/204932603/ccs	0.999934	41.8046	4017	99.85
m21038_251020_022241/173086475/ccs	0.997287	25.6655	30541	99.43
m21038_250918_083927/65606182/ccs	0.999935	41.8709	3498	99.94
m21038_251020_022241/157944746/ccs	0.999999	60	3197	99.84
m21038_250918_083927/224987932/ccs	0.99934	31.8046	8061	99.85
m21038_250918_083927/135270409/ccs	0.999991	50.4576	3872	99.87
m21038_250918_083927/253692288/ccs	1	60	2689	99.69
m21038_251020_022241/102109641/ccs	0.991158	20.5345	7222	99.15
m21038_250918_083927/201392877/ccs	0.990021	20.0091	14701	99.25
m21038_250918_083927/8652258/ccs	0.996977	25.1956	14433	98.00
m21038_251020_022241/7864860/ccs	0.999968	44.9485	9420	99.65
m21038_250918_083927/37620913/ccs	0.999943	42.4413	13618	98.03
m21038_250918_083927/36378489/ccs	0.999942	42.3657	7730	97.58
m21038_250918_083927/87623150/ccs	0.999599	33.9686	20056	98.20
m21038_250918_083927/28181189/ccs	0.999492	32.9414	15682	98.20
m21038_251020_022241/20124169/ccs	0.99516	23.1515	14834	98.11
m21038_250918_083927/24184332/ccs	0.999109	30.5012	9400	98.26
m21038_251020_022241/265492187/ccs	0.999919	40.9151	15659	98.66
m21038_250918_083927/110300879/ccs	0.999501	33.019	5465	99.63
m21038_251020_022241/251136497/ccs	0.997422	25.8872	13660	98.72
m21038_251020_022241/31266110/ccs	0.999884	39.3554	13290	98.83
m21038_250918_083927/167513537/ccs	0.999989	49.5861	6722	99.11
m21038_250918_083927/164304113/ccs	1	60	5817	99.10
m21038_251020_022241/256773405/ccs	0.999997	55.2288	5238	99.06
m21038_250918_083927/106497233/ccs	0.999937	42.0066	5034	99.12
m21038_250918_083927/67701946/ccs	0.999984	47.9588	7730	99.00
m21038_250918_083927/226297089/ccs	0.994259	22.4101	11360	98.74
m21038_251020_022241/80088203/ccs	0.999987	48.8606	5513	99.24
m21038_251020_022241/14222334/ccs	0.99972	35.5284	5360	99.27
m21038_250918_083927/30676345/ccs	1	60	4641	99.35
m21038_250918_083927/42996967/ccs	0.999981	47.2125	10674	98.47
m21038_250918_083927/199950409/ccs	0.999942	42.3657	11644	98.50
m21038_251020_022241/70914089/ccs	0.99577	23.7366	20651	98.49
m21038_250918_083927/120131659/ccs	0.999369	31.9997	9509	98.49
m21038_251020_022241/52696830/ccs	0.999999	60	7610	98.59
m21038_250918_083927/178258455/ccs	0.999999	60	7376	98.56
m21038_251020_022241/154866499/ccs	0.999973	45.6864	6765	98.56
m21038_250918_083927/113837760/ccs	0.999999	60	7056	98.44
m21038_251020_022241/174854354/ccs	0.996082	24.0694	6011	98.65
m21038_251020_022241/223221556/ccs	1	60	4071	98.70
m21038_250918_083927/161486437/ccs	1	60	3805	98.61
m21038_250918_083927/206899303/ccs	1	60	5298	98.45
m21038_250918_083927/134349132/ccs	0.99998	46.9897	7292	98.02
m21038_250918_083927/98634981/ccs	0.999982	47.4473	4582	99.96
m21038_250918_083927/240124568/ccs	0.999954	43.3724	4397	98.06
m21038_250918_083927/88474802/ccs	0.99063	20.2826	13535	97.98
m21038_251020_022241/150080847/ccs	0.99777	26.517	10032	98.13
m21038_250918_083927/15992696/ccs	0.996929	25.1272	4954	98.04
m21038_250918_083927/91951161/ccs	0.99983	37.6955	10037	98.14
m21038_250918_083927/125962000/ccs	0.999989	49.5861	4846	98.59
m21038_250918_083927/150669076/ccs	0.999945	42.5964	4597	99.89
m21038_250918_083927/173803700/ccs	0.999914	40.655	9047	98.20
m21038_250918_083927/186320027/ccs	0.999905	40.2228	7756	98.23
m21038_250918_083927/143393975/ccs	0.999747	35.9688	14240	98.20
m21038_250918_083927/191107801/ccs	0.998553	28.3953	3683	99.18
m21038_250918_083927/180359458/ccs	0.999499	33.0016	16979	99.62
m21038_250918_083927/91034769/ccs	0.999553	33.4969	11266	99.67
m21038_250918_083927/211749189/ccs	0.995523	23.4901	22720	99.48
m21038_250918_083927/135659968/ccs	0.998793	29.1829	18888	99.55
m21038_251020_022241/92475872/ccs	0.999743	35.9007	13037	99.65
m21038_250918_083927/87756853/ccs	0.998099	27.2102	9599	99.60
m21038_250918_083927/55120578/ccs	1	60	3109	99.57
m21038_250918_083927/123143663/ccs	0.999251	31.2552	26556	99.53
m21038_250918_083927/54985244/ccs	0.996552	24.6243	9242	99.65
m21038_251020_022241/58460121/ccs	0.999964	44.437	7805	99.77
m21038_250918_083927/81330469/ccs	0.999988	49.2082	10483	99.49
m21038_251020_022241/173675100/ccs	0.999705	35.3018	18502	99.57
m21038_250918_083927/25367153/ccs	0.9998	36.9897	14113	99.62
m21038_250918_083927/17961908/ccs	0.998336	27.7885	26186	99.85
m21038_251020_022241/168559261/ccs	0.99839	27.9317	6231	99.63
m21038_250918_083927/84805922/ccs	0.999249	31.2436	4997	99.88
m21038_250918_083927/168234570/ccs	1	60	3970	99.60
m21038_251020_022241/26217537/ccs	0.999785	36.6756	13877	99.60
m21038_251020_022241/115281991/ccs	0.999983	47.6955	5037	99.50
m21038_250918_083927/169349761/ccs	0.996295	24.3121	23557	99.57
m21038_250918_083927/58199129/ccs	0.999989	49.5861	5984	99.70
m21038_250918_083927/197399271/ccs	0.998996	29.9827	6083	99.67
m21038_250918_083927/73926013/ccs	0.999159	30.752	15580	99.66
m21038_251020_022241/182976686/ccs	0.99936	31.9382	11528	99.70
m21038_251020_022241/214831102/ccs	0.99951	33.098	24402	99.64
m21038_250918_083927/235209891/ccs	0.999981	47.2125	6376	99.73
m21038_250918_083927/91165358/ccs	0.999327	31.7198	27386	99.63
m21038_251020_022241/32052069/ccs	0.999859	38.5078	14708	99.71
m21038_250918_083927/250151624/ccs	0.99959	33.8722	9115	99.68
m21038_250918_083927/206900327/ccs	0.999751	36.038	8724	99.75
m21038_250918_083927/30016223/ccs	0.999878	39.1364	11496	99.63
m21038_251020_022241/48108725/ccs	0.99995	43.0103	8551	99.78
m21038_250918_083927/255591699/ccs	0.999996	53.9794	8016	99.81
m21038_250918_083927/137498676/ccs	0.999991	50.4576	8065	99.68
m21038_250918_083927/33166304/ccs	0.998243	27.5523	12082	99.53
m21038_251020_022241/232723595/ccs	0.998006	27.0027	13754	99.74
m21038_251020_022241/144773221/ccs	0.995179	23.1686	25192	99.56
m21038_250918_083927/92477197/ccs	0.999867	38.7615	23987	99.63
m21038_250918_083927/16583668/ccs	0.999848	38.1816	6210	99.82
m21038_250918_083927/176231330/ccs	0.998694	28.8406	9768	99.75
m21038_251020_022241/60494183/ccs	0.999289	31.4813	24753	99.60
m21038_251020_022241/204539690/ccs	0.998003	26.9962	3187	99.75
m21038_250918_083927/156175208/ccs	0.999808	37.167	20816	99.67
m21038_251020_022241/63636307/ccs	0.998363	27.8595	14736	99.61
m21038_250918_083927/185273086/ccs	0.997754	26.4859	24341	99.47
m21038_251020_022241/127341119/ccs	0.994021	22.2337	18385	99.86
m21038_251020_022241/151916707/ccs	0.997097	25.3715	10662	99.73
m21038_250918_083927/226101419/ccs	0.99741	25.867	21182	99.55
m21038_250918_083927/13830597/ccs	0.99934	31.8046	22257	99.62
m21038_251020_022241/66456222/ccs	0.999957	43.6653	10239	99.70
m21038_250918_083927/47514221/ccs	0.999534	33.3161	19539	99.63
m21038_251020_022241/230687109/ccs	0.999872	38.9279	12988	99.70
m21038_250918_083927/32443775/ccs	0.999588	33.851	4327	99.65
m21038_251020_022241/173016816/ccs	0.999802	37.0333	17200	99.49
m21038_250918_083927/201722036/ccs	0.999239	31.1862	15971	99.64
m21038_251020_022241/137235665/ccs	0.994129	22.3129	22348	99.85
m21038_250918_083927/15795601/ccs	0.999869	38.8273	13195	99.51
m21038_250918_083927/86181632/ccs	0.999998	56.9897	4700	99.64
m21038_250918_083927/25560834/ccs	0.999127	30.5899	5413	99.78
m21038_250918_083927/173736856/ccs	0.994057	22.2599	31529	99.89
m21038_251020_022241/6161460/ccs	0.998669	28.7582	16180	99.96
m21038_250918_083927/186057108/ccs	0.9997	35.2288	18840	99.47
m21038_250918_083927/60229542/ccs	0.996585	24.6661	21374	99.91
m21038_251020_022241/31395664/ccs	0.998087	27.1829	21986	99.44
m21038_250918_083927/112264510/ccs	0.999878	39.1364	16230	99.65
m21038_250918_083927/163448637/ccs	0.999986	48.5387	5404	99.50
m21038_250918_083927/85921664/ccs	0.999917	40.8092	7717	99.95
m21038_251020_022241/104076933/ccs	0.99985	38.2391	19702	99.52
m21038_250918_083927/94244286/ccs	1	60	2906	99.83
m21038_251020_022241/150801450/ccs	0.99959	33.8722	5620	99.75
m21038_250918_083927/4784670/ccs	0.99916	30.7572	9657	99.60
m21038_251020_022241/23205032/ccs	0.999901	40.0436	14467	99.97
m21038_250918_083927/240913390/ccs	0.999959	43.8722	16009	99.63
m21038_250918_083927/165613264/ccs	0.99882	29.2812	6877	99.94
m21038_251020_022241/132714641/ccs	0.999891	39.6257	16517	99.94
m21038_250918_083927/197659698/ccs	0.99911	30.5061	11788	99.57
m21038_250918_083927/184877269/ccs	0.998271	27.6221	13731	99.60
m21038_251020_022241/74712044/ccs	0.999353	31.891	15057	99.58
m21038_250918_083927/10816729/ccs	0.999011	30.048	9509	99.92
m21038_250918_083927/85461653/ccs	0.998671	28.7648	4655	99.74
m21038_250918_083927/259719923/ccs	0.993273	21.7218	10695	99.49
m21038_250918_083927/183502363/ccs	0.99986	38.5387	7297	99.56
m21038_250918_083927/117051226/ccs	0.999603	34.0121	4714	99.53
m21038_250918_083927/183699693/ccs	0.999868	38.7943	14367	99.97
m21038_250918_083927/5049922/ccs	0.996664	24.7677	8570	99.52
m21038_251020_022241/254482315/ccs	0.999832	37.7469	13076	99.48
m21038_250918_083927/177213544/ccs	0.999984	47.9588	7846	99.63
m21038_251020_022241/105189504/ccs	0.996027	24.0088	3241	99.56
m21038_250918_083927/146081630/ccs	0.999821	37.4715	5274	99.98
m21038_250918_083927/218041700/ccs	0.999989	49.5861	3910	99.97
m21038_250918_083927/69342903/ccs	0.999498	32.993	7778	99.63
m21038_251020_022241/14815143/ccs	0.999832	37.7469	14936	99.54
m21038_251020_022241/82053859/ccs	0.99735	25.7675	21476	99.91
m21038_250918_083927/130026694/ccs	0.994399	22.5173	10324	99.44
m21038_250918_083927/44764251/ccs	0.999992	50.9691	3886	99.64
m21038_250918_083927/60495682/ccs	0.998848	29.3855	5962	99.54
m21038_251020_022241/20514263/ccs	0.999479	32.8316	24763	99.94
m21038_250918_083927/159386626/ccs	0.999947	42.7572	10326	99.95
m21038_250918_083927/136905190/ccs	0.999926	41.3077	19502	99.93
m21038_251020_022241/18745002/ccs	0.9998	36.9897	13582	99.94
m21038_250918_083927/115149854/ccs	0.996279	24.2934	5122	99.98
m21038_250918_083927/67114461/ccs	0.998972	29.8801	15345	99.90
m21038_250918_083927/190186659/ccs	0.996681	24.7899	11783	99.91
m21038_250918_083927/172295138/ccs	0.999997	55.2288	2895	99.93
m21038_251020_022241/234227881/ccs	0.995337	23.3133	12073	99.87
m21038_250918_083927/110822661/ccs	0.999966	44.6852	13264	99.90
m21038_250918_083927/68944621/ccs	0.999942	42.3657	10698	99.90
m21038_251020_022241/26744125/ccs	0.999731	35.7025	11729	99.91
m21038_250918_083927/218563611/ccs	0.999135	30.6298	5291	98.25
m21038_251020_022241/202574507/ccs	0.998981	29.9183	8301	98.70
m21038_250918_083927/49157402/ccs	0.991832	20.8788	16304	99.24
m21038_251020_022241/86837844/ccs	0.991958	20.9464	14314	99.18
m21038_251020_022241/154208250/ccs	0.999957	43.6653	4499	97.20
m21038_251020_022241/206115447/ccs	0.999967	44.8149	4787	99.09
m21038_250918_083927/207030475/ccs	0.999983	47.6955	5719	99.65
m21038_251020_022241/121179156/ccs	0.998542	28.3624	2118	99.86
m21038_251020_022241/187894619/ccs	0.999972	45.5284	3305	99.64
m21038_250918_083927/22024110/ccs	0.999953	43.279	3348	99.31
m21038_250918_083927/30675179/ccs	0.999901	40.0436	16276	99.52
m21038_250918_083927/30804434/ccs	0.999426	32.4109	3280	100.00
m21038_251020_022241/139859106/ccs	0.99982	37.4473	10818	99.51
m21038_250918_083927/194579622/ccs	0.999986	48.5387	6130	99.62
m21038_250918_083927/238618717/ccs	0.999498	32.993	17131	99.21
m21038_250918_083927/68682726/ccs	0.999938	42.0761	5717	99.63
m21038_250918_083927/52037992/ccs	0.999504	33.0452	11458	99.38
m21038_250918_083927/191366704/ccs	0.999973	45.6864	13541	99.49
m21038_251020_022241/170787622/ccs	0.997709	26.3997	24114	99.57
m21038_251020_022241/51058235/ccs	0.998054	27.1086	18743	99.83
m21038_251020_022241/97846207/ccs	0.999977	46.3827	8888	99.52
m21038_250918_083927/69144122/ccs	0.999741	35.867	7425	99.41
m21038_251020_022241/204608593/ccs	0.999961	44.0894	9259	99.98
m21038_251020_022241/88215758/ccs	0.999509	33.0892	7244	99.25
m21038_250918_083927/116721120/ccs	0.999976	46.1979	8610	99.37
m21038_250918_083927/82314784/ccs	0.995961	23.9373	6890	99.18
m21038_250918_083927/147850047/ccs	0.999873	38.962	3951	100.00
m21038_250918_083927/167253558/ccs	0.999108	30.4964	3957	99.15
m21038_250918_083927/22744794/ccs	0.993208	21.68	15950	99.59
m21038_250918_083927/168821086/ccs	0.999386	32.1183	14709	99.71
m21038_250918_083927/202507222/ccs	0.999856	38.4164	12439	99.56
m21038_250918_083927/62457349/ccs	0.999982	47.4473	9807	99.56
m21038_250918_083927/138220412/ccs	1	60	3500	99.73
m21038_251020_022241/48174839/ccs	0.996704	24.8201	30245	99.70
m21038_250918_083927/236062045/ccs	0.995114	23.1105	23318	99.60
m21038_250918_083927/22222346/ccs	0.999015	30.0656	9462	99.59
m21038_251020_022241/65801140/ccs	0.995774	23.7407	6219	99.63
m21038_250918_083927/235471638/ccs	0.999991	50.4576	7871	99.76
m21038_250918_083927/89985925/ccs	1	60	4106	99.81
m21038_250918_083927/108860253/ccs	0.999959	43.8722	9675	99.64
m21038_250918_083927/216797761/ccs	0.999609	34.0782	17305	99.61
m21038_250918_083927/129567403/ccs	1	60	3953	99.80
m21038_250918_083927/217056379/ccs	0.999972	45.5284	7284	99.60
m21038_251020_022241/247728433/ccs	0.997326	25.7284	22078	99.62
m21038_251020_022241/23070266/ccs	0.999968	44.9485	14863	99.60
m21038_250918_083927/113446347/ccs	0.999865	38.6967	7057	99.53
m21038_251020_022241/140645443/ccs	0.997398	25.8469	9462	99.54
m21038_250918_083927/179375963/ccs	0.997029	25.271	12455	99.69
m21038_251020_022241/174785909/ccs	0.996166	24.1635	19003	99.58
m21038_250918_083927/206504072/ccs	0.999707	35.3313	22989	99.68
m21038_251020_022241/187892752/ccs	1	60	3710	99.43
m21038_251020_022241/129763255/ccs	0.994024	22.2359	11203	99.50
m21038_250918_083927/42992703/ccs	0.999987	48.8606	5786	99.45
m21038_251020_022241/160106366/ccs	0.99965	34.5593	11034	99.54
m21038_250918_083927/215291110/ccs	0.999552	33.4872	16477	99.64
m21038_250918_083927/13700410/ccs	0.999283	31.4448	16119	99.59
m21038_250918_083927/230228176/ccs	0.993005	21.5521	18408	99.60
m21038_250918_083927/171118408/ccs	0.99698	25.1999	16020	99.67
m21038_250918_083927/9376349/ccs	0.999548	33.4486	16546	99.68
m21038_250918_083927/35718453/ccs	0.999721	35.544	18950	99.68
m21038_250918_083927/256379163/ccs	0.999992	50.9691	10844	99.66
m21038_250918_083927/208339952/ccs	0.999341	31.8111	22837	99.49
m21038_250918_083927/195691937/ccs	0.999944	42.5181	9336	99.62
m21038_251020_022241/205785584/ccs	0.999915	40.7058	8927	99.61
m21038_250918_083927/5705768/ccs	0.99976	36.1979	19122	99.73
m21038_251020_022241/68752797/ccs	0.997389	25.8319	7817	99.58
m21038_250918_083927/65997864/ccs	0.999057	30.2549	10163	99.65
m21038_250918_083927/192090811/ccs	0.999444	32.5493	26545	99.54
m21038_251020_022241/229900809/ccs	0.9954	23.3724	18021	99.64
m21038_250918_083927/251855935/ccs	0.998281	27.6472	28872	99.52
m21038_251020_022241/169349887/ccs	0.999886	39.431	16493	99.68
m21038_251020_022241/207356557/ccs	0.999943	42.4413	15845	99.69
m21038_250918_083927/60031357/ccs	0.99984	37.9588	20521	99.50
m21038_251020_022241/163643808/ccs	0.994739	22.7893	33260	99.52
m21038_250918_083927/171052994/ccs	0.990393	20.1741	25007	99.62
m21038_251020_022241/101777823/ccs	0.999567	33.6351	13259	99.85
m21038_251020_022241/241635179/ccs	0.999916	40.7572	11678	99.85
m21038_251020_022241/143197087/ccs	0.999382	32.0901	24814	99.89
m21038_250918_083927/28315442/ccs	0.995821	23.7893	28563	99.54
m21038_250918_083927/244711660/ccs	0.993215	21.6845	23958	99.68
m21038_250918_083927/41554219/ccs	0.999121	30.5601	19501	99.77
m21038_251020_022241/147065532/ccs	0.99999	50	8436	99.91
m21038_251020_022241/137236284/ccs	0.996575	24.6534	26050	99.77
m21038_251020_022241/89719596/ccs	0.999867	38.7615	18040	99.90
m21038_250918_083927/86972232/ccs	0.999672	34.8413	16341	99.91
m21038_250918_083927/43325083/ccs	0.994015	22.2294	19051	99.68
m21038_251020_022241/262278693/ccs	0.998979	29.9097	21568	99.78
m21038_250918_083927/162268200/ccs	0.997604	26.2051	15924	99.91
m21038_251020_022241/62785225/ccs	0.999833	37.7728	6220	99.94
m21038_251020_022241/257821230/ccs	0.999957	43.6653	10160	99.92
m21038_251020_022241/23662688/ccs	0.999951	43.098	6382	99.78
m21038_251020_022241/60425496/ccs	0.999446	32.5649	20447	99.53
m21038_251020_022241/23596086/ccs	0.997767	26.5111	13569	99.89
m21038_251020_022241/16254719/ccs	0.999881	39.2445	17519	99.90
m21038_250918_083927/102307308/ccs	0.998073	27.1512	4889	99.82
m21038_250918_083927/84410873/ccs	0.999387	32.1254	8106	99.46
m21038_250918_083927/157681267/ccs	0.999297	31.5304	22399	99.63
m21038_251020_022241/200084596/ccs	0.999922	41.0791	5835	99.91
m21038_250918_083927/27462567/ccs	0.99355	21.9044	2457	99.80
m21038_250918_083927/80416721/ccs	0.99271	21.3727	27883	99.54
m21038_250918_083927/69342186/ccs	0.999667	34.7756	10751	99.90
m21038_250918_083927/185601909/ccs	0.998858	29.4233	19022	99.71
m21038_250918_083927/154272820/ccs	0.998169	27.3731	11451	99.89
m21038_251020_022241/68223523/ccs	0.999685	35.0169	16156	99.90
m21038_251020_022241/222626995/ccs	0.999872	38.9279	16563	99.90
m21038_251020_022241/16847503/ccs	0.999586	33.83	19699	99.79
m21038_250918_083927/65864807/ccs	0.998502	28.2449	17055	99.69
m21038_250918_083927/199033630/ccs	0.996981	25.2014	22648	99.71
m21038_250918_083927/233112123/ccs	0.999777	36.517	20276	99.70
m21038_251020_022241/259528470/ccs	0.999937	42.0066	17442	99.89
m21038_250918_083927/39781422/ccs	0.994865	22.8946	34488	99.63
m21038_251020_022241/76153626/ccs	0.995514	23.4814	16993	99.66
m21038_250918_083927/162333800/ccs	0.999503	33.0364	15584	99.89
m21038_250918_083927/102242031/ccs	0.99844	28.0688	10974	99.86
m21038_250918_083927/219219076/ccs	0.999888	39.5078	11175	99.89
m21038_250918_083927/214177357/ccs	0.996207	24.2102	18330	99.78
m21038_250918_083927/173999487/ccs	0.995823	23.7914	34863	99.68
m21038_250918_083927/139658853/ccs	0.999841	37.986	16187	99.71
m21038_250918_083927/214831917/ccs	0.998901	29.59	13073	99.70
m21038_250918_083927/108336730/ccs	0.999011	30.048	22311	99.72
m21038_250918_083927/89788117/ccs	0.999802	37.0333	14567	99.70
m21038_251020_022241/239076776/ccs	0.999804	37.0774	18161	99.68
m21038_251020_022241/92605512/ccs	0.999688	35.0585	16907	99.77
m21038_250918_083927/62718942/ccs	0.998318	27.7417	7675	99.78
m21038_251020_022241/6886509/ccs	0.997722	26.4245	23172	99.68
m21038_251020_022241/179967261/ccs	0.999955	43.4679	3818	99.90
m21038_250918_083927/159255638/ccs	0.999969	45.0864	6392	99.87
m21038_250918_083927/54395181/ccs	0.997208	25.5408	14999	99.72
m21038_250918_083927/195430436/ccs	0.999978	46.5758	10669	99.83
m21038_251020_022241/11078977/ccs	0.999313	31.6304	6170	99.84
m21038_250918_083927/144639591/ccs	0.998078	27.1625	14292	99.74
m21038_250918_083927/195433521/ccs	1	60	3820	99.90
m21038_250918_083927/160830383/ccs	1	60	7080	99.92
m21038_250918_083927/128781778/ccs	0.999337	31.7849	5036	99.84
m21038_251020_022241/44240682/ccs	0.999496	32.9757	14514	99.56
m21038_250918_083927/56431614/ccs	0.999997	55.2288	5481	99.67
m21038_250918_083927/109906136/ccs	0.999901	40.0436	10670	99.76
m21038_250918_083927/252971722/ccs	1	60	4825	99.85
m21038_250918_083927/96932207/ccs	0.999936	41.9382	11919	99.76
m21038_250918_083927/199493935/ccs	0.999992	50.9691	6228	99.87
m21038_250918_083927/36640416/ccs	0.999987	48.8606	5706	99.89
m21038_250918_083927/49352051/ccs	0.993964	22.1925	22579	99.57
m21038_251020_022241/42403713/ccs	0.999936	41.9382	11727	99.63
m21038_251020_022241/149357650/ccs	0.996262	24.2736	31472	99.64
m21038_250918_083927/187633255/ccs	0.999985	48.2391	4411	99.89
m21038_251020_022241/184881687/ccs	1	60	3645	99.84
m21038_250918_083927/256442525/ccs	0.998378	27.8995	28568	99.60
m21038_250918_083927/30737831/ccs	0.999798	36.9465	8550	99.51
m21038_250918_083927/72683839/ccs	0.993905	22.1503	32396	99.45
m21038_251020_022241/182650703/ccs	0.99685	25.0169	6770	99.70
m21038_251020_022241/111742005/ccs	0.999994	52.2185	7162	99.62
m21038_250918_083927/158337649/ccs	0.999366	31.9791	4119	99.81
m21038_251020_022241/118424313/ccs	0.995573	23.5389	27286	99.49
m21038_250918_083927/53220506/ccs	0.99851	28.2681	29809	99.48
m21038_250918_083927/46731742/ccs	0.999955	43.4679	4315	99.56
m21038_250918_083927/84806288/ccs	0.999997	55.2288	4321	99.03
m21038_250918_083927/103944241/ccs	0.999864	38.6646	5025	99.07
m21038_251020_022241/19467496/ccs	0.999956	43.5655	3837	99.17
m21038_250918_083927/36442709/ccs	0.999999	60	4415	99.12
m21038_251020_022241/4000417/ccs	0.994341	22.4726	16911	99.29
m21038_251020_022241/196478772/ccs	0.999606	34.045	19743	99.70
m21038_251020_022241/183768380/ccs	0.999998	56.9897	7049	99.30
m21038_250918_083927/207689103/ccs	0.999927	41.3668	14133	99.28
m21038_250918_083927/15007917/ccs	0.998675	28.7778	10846	99.50
m21038_251020_022241/9047393/ccs	0.996062	24.0472	23319	99.29
m21038_250918_083927/92932253/ccs	0.999796	36.9037	18108	99.56
m21038_251020_022241/68882173/ccs	0.998248	27.5647	13379	99.65
m21038_250918_083927/221251672/ccs	0.992935	21.5089	15337	99.50
m21038_251020_022241/245958610/ccs	0.999817	37.3755	17810	99.55
m21038_251020_022241/27398029/ccs	0.999285	31.4569	15473	99.60
m21038_251020_022241/138745161/ccs	0.993668	21.9846	16801	99.50
m21038_251020_022241/33292416/ccs	0.99997	45.2288	12347	99.61
m21038_250918_083927/110102741/ccs	0.999999	60	9393	99.67
m21038_250918_083927/89915951/ccs	0.999999	60	4371	99.79
m21038_250918_083927/126489478/ccs	0.999756	36.1261	9215	99.57
m21038_250918_083927/79172096/ccs	0.999443	32.5414	4135	99.59
m21038_251020_022241/22021055/ccs	0.999954	43.3724	8086	99.63
m21038_251020_022241/197465657/ccs	1	60	5825	99.66
m21038_250918_083927/63836447/ccs	0.999987	48.8606	4841	99.77
m21038_251020_022241/127402915/ccs	1	60	4531	99.85
m21038_251020_022241/51839462/ccs	1	60	3794	99.92
m21038_250918_083927/266339357/ccs	0.999921	41.0237	8834	99.76
m21038_250918_083927/266142329/ccs	0.998097	27.2056	15661	99.67
m21038_250918_083927/111416927/ccs	0.999932	41.6749	8063	99.75
m21038_250918_083927/41943126/ccs	0.999743	35.9007	4743	99.79
m21038_250918_083927/186914064/ccs	0.99874	28.9963	32798	99.47
m21038_250918_083927/133173685/ccs	0.999892	39.6658	5293	99.75
m21038_251020_022241/28905731/ccs	0.999544	33.4104	21606	99.48
m21038_250918_083927/181733204/ccs	0.998257	27.587	22581	99.56
m21038_251020_022241/42538225/ccs	0.999075	30.3386	22640	99.59
m21038_250918_083927/131208987/ccs	0.997735	26.4493	31044	99.69
m21038_250918_083927/193465057/ccs	0.999809	37.1897	9094	99.54
m21038_250918_083927/148506945/ccs	0.999985	48.2391	9974	99.58
m21038_251020_022241/22088720/ccs	0.996865	25.0376	21593	99.69
m21038_251020_022241/263263900/ccs	0.999858	38.4771	17793	99.68
m21038_250918_083927/142018487/ccs	0.998804	29.2227	33900	99.69
m21038_251020_022241/120394145/ccs	0.999047	30.2091	15164	99.68
m21038_251020_022241/261885576/ccs	0.999922	41.0791	14018	99.45
m21038_250918_083927/151260756/ccs	0.996355	24.383	11565	99.34
m21038_250918_083927/261816917/ccs	0.99586	23.83	27679	99.75
m21038_250918_083927/131534245/ccs	0.998672	28.768	10272	99.51
m21038_250918_083927/182584315/ccs	0.999782	36.6154	14970	99.73
m21038_250918_083927/155519651/ccs	0.996445	24.4916	13689	99.68
m21038_251020_022241/48108108/ccs	0.99968	34.9485	15598	99.79
m21038_251020_022241/51511991/ccs	0.997811	26.5975	7879	99.64
m21038_251020_022241/96079320/ccs	0.999802	37.0333	19797	99.81
m21038_251020_022241/30609786/ccs	0.999597	33.9469	5315	99.60
m21038_250918_083927/41814864/ccs	0.999967	44.8149	14771	99.78
m21038_250918_083927/111673713/ccs	0.998412	27.9915	12232	99.79
m21038_251020_022241/224466058/ccs	0.999997	55.2288	5630	99.68
m21038_251020_022241/240585922/ccs	0.999966	44.6852	12197	99.81
m21038_250918_083927/64230043/ccs	0.999965	44.5593	4305	99.81
m21038_250918_083927/60097364/ccs	0.99391	22.1538	15527	99.76
m21038_251020_022241/33688981/ccs	0.999875	39.0309	9413	99.89
m21038_251020_022241/81199424/ccs	0.994886	22.9124	8782	99.75
m21038_250918_083927/25297665/ccs	0.999905	40.2228	5723	99.81
m21038_250918_083927/137627801/ccs	0.999499	33.0016	14549	99.90
m21038_250918_083927/97125449/ccs	0.999524	33.2239	10178	99.81
m21038_250918_083927/90837835/ccs	0.999988	49.2082	3438	99.88
m21038_250918_083927/26482547/ccs	0.999998	56.9897	4018	99.85
m21038_251020_022241/232723063/ccs	0.999958	43.7675	8399	99.82
m21038_250918_083927/185471965/ccs	0.99997	45.2288	4708	99.91
m21038_250918_083927/90047620/ccs	0.999893	39.7062	7074	99.89
m21038_250918_083927/140055552/ccs	0.9998	36.9897	8488	99.89
m21038_251020_022241/50727786/ccs	0.999976	46.1979	4638	99.91
m21038_250918_083927/38671479/ccs	0.999981	47.2125	2735	99.93
m21038_250918_083927/161812122/ccs	0.999857	38.4466	14079	99.86
m21038_251020_022241/10162720/ccs	0.997201	25.53	17765	99.81
m21038_251020_022241/231737981/ccs	0.999269	31.3608	6650	99.89
m21038_250918_083927/161088973/ccs	0.999205	30.9963	10973	99.84
m21038_250918_083927/83170637/ccs	0.999915	40.7058	11054	99.98
m21038_250918_083927/111216522/ccs	0.999939	42.1467	6165	99.84
m21038_251020_022241/15210023/ccs	0.999996	53.9794	3424	99.97
m21038_250918_083927/81003469/ccs	0.999693	35.1286	6568	99.92
