read_id	rq	qv	read_length	iden
m21038_250916_080352/148050639/ccs	0.992687	21.359	16319	99.15
m21038_251017_072935/106498758/ccs	0.990544	20.2429	18383	99.20
m21038_251017_072935/75498518/ccs	0.993837	22.1021	19179	99.19
m21038_251017_072935/204276408/ccs	0.995332	23.3087	20011	99.21
m21038_251017_072935/47056268/ccs	0.999746	35.9517	10890	99.87
m21038_251017_072935/76941192/ccs	0.999745	35.9346	9522	99.89
m21038_250916_080352/61739392/ccs	0.991424	20.6672	4555	98.95
m21038_251017_072935/160235696/ccs	0.999995	53.0103	5450	99.04
m21038_250916_080352/70845604/ccs	0.999929	41.4874	5415	99.91
m21038_250916_080352/76218714/ccs	0.998949	29.784	5234	99.90
m21038_251017_072935/109516509/ccs	0.999385	32.1112	21150	99.79
m21038_251017_072935/151323347/ccs	0.999983	47.6955	8730	99.92
m21038_251017_072935/35523293/ccs	0.999992	50.9691	7299	99.93
m21038_250916_080352/221579577/ccs	0.997275	25.6463	18480	99.40
m21038_250916_080352/155910872/ccs	0.99935	31.8709	21115	99.37
m21038_250916_080352/103416972/ccs	0.999983	47.6955	8249	99.92
m21038_251017_072935/239667885/ccs	0.999995	53.0103	8317	98.37
m21038_250916_080352/77534527/ccs	0.993148	21.6418	10517	99.84
m21038_250916_080352/124715747/ccs	0.997568	26.1404	8830	99.88
m21038_250916_080352/126094100/ccs	0.999993	51.549	8744	99.61
m21038_251017_072935/27657058/ccs	0.999968	44.9485	11523	99.57
m21038_251017_072935/207554029/ccs	0.999968	44.9485	5010	99.90
m21038_251017_072935/255919996/ccs	0.995833	23.8018	22393	99.33
m21038_250916_080352/244648568/ccs	0.995689	23.6542	20949	99.73
m21038_251017_072935/30870508/ccs	0.999836	37.8516	7815	98.66
m21038_251017_072935/3413424/ccs	0.999988	49.2082	7699	98.68
m21038_251017_072935/103551848/ccs	0.994825	22.8609	3969	98.48
m21038_250916_080352/39520694/ccs	0.999841	37.986	10861	99.57
m21038_250916_080352/141953749/ccs	0.999924	41.1919	7520	99.65
m21038_251017_072935/12324466/ccs	0.999129	30.5998	6145	98.63
m21038_251017_072935/193398776/ccs	0.998907	29.6138	5200	99.61
m21038_251017_072935/6815958/ccs	0.999977	46.3827	12076	99.71
m21038_251017_072935/211683039/ccs	0.999997	55.2288	4025	99.00
m21038_251017_072935/181273014/ccs	0.990711	20.3203	8821	99.75
m21038_250916_080352/139855760/ccs	0.999676	34.8945	3797	99.68
m21038_251017_072935/193069829/ccs	1	60	3630	99.70
m21038_250916_080352/102043391/ccs	1	60	4802	98.85
m21038_251017_072935/108790145/ccs	0.999913	40.6048	17486	99.31
m21038_251017_072935/60296697/ccs	0.999756	36.1261	10181	99.56
m21038_251017_072935/59115008/ccs	1	60	4390	98.88
m21038_250916_080352/138024836/ccs	0.999681	34.9621	9781	99.65
m21038_251017_072935/51447482/ccs	0.998955	29.8088	13410	99.41
m21038_250916_080352/76484218/ccs	0.999965	44.5593	3981	99.80
m21038_251017_072935/264111516/ccs	0.99994	42.2185	5568	99.87
m21038_250916_080352/132647976/ccs	1	60	4866	99.92
m21038_251017_072935/260965062/ccs	1	60	3354	99.94
m21038_250916_080352/229116028/ccs	0.996525	24.5905	6226	99.73
m21038_250916_080352/197593579/ccs	1	60	4171	99.83
m21038_250916_080352/78383324/ccs	1	60	3847	99.82
m21038_251017_072935/34083104/ccs	0.999305	31.5802	10813	99.68
m21038_251017_072935/133890563/ccs	0.999999	60	4806	98.25
m21038_251017_072935/16649245/ccs	0.996979	25.1985	27634	99.78
m21038_251017_072935/97259028/ccs	0.999994	52.2185	5382	98.46
m21038_250916_080352/42796928/ccs	0.99832	27.7469	8882	98.60
m21038_250916_080352/126684279/ccs	1	60	7312	99.30
m21038_250916_080352/119014288/ccs	0.999084	30.381	4715	99.34
m21038_251017_072935/135201207/ccs	0.999994	52.2185	7003	98.69
m21038_251017_072935/43650000/ccs	0.99964	34.437	10815	98.78
m21038_251017_072935/104270802/ccs	1	60	4230	98.63
m21038_251017_072935/148242864/ccs	0.999988	49.2082	4002	99.33
m21038_251017_072935/50531555/ccs	0.999283	31.4448	26698	99.82
m21038_250916_080352/90118035/ccs	0.998921	29.6698	10451	99.71
m21038_250916_080352/161743991/ccs	0.999235	31.1634	7367	98.87
m21038_250916_080352/48042182/ccs	0.999512	33.1158	4909	99.27
m21038_250916_080352/14029523/ccs	0.999968	44.9485	5793	99.67
m21038_251017_072935/228133343/ccs	0.994231	22.389	23192	99.91
m21038_250916_080352/213191014/ccs	0.99992	40.9691	10523	99.93
m21038_251017_072935/92213556/ccs	0.997634	26.2599	33740	99.92
m21038_251017_072935/191956464/ccs	0.998847	29.3817	29934	99.92
m21038_250916_080352/208208984/ccs	0.990341	20.1507	24918	99.89
m21038_251017_072935/210371944/ccs	0.998734	28.9757	24904	99.92
m21038_251017_072935/262145253/ccs	0.998936	29.7306	22869	99.73
m21038_250916_080352/97321125/ccs	0.9965	24.5593	19905	99.68
m21038_251017_072935/3539358/ccs	0.999696	35.1713	17742	99.92
m21038_250916_080352/237570855/ccs	0.995826	23.7945	24355	99.70
m21038_251017_072935/26609296/ccs	0.999837	37.8781	16425	99.71
m21038_250916_080352/91623675/ccs	0.995925	23.8987	24166	99.91
m21038_251017_072935/21763866/ccs	0.999775	36.4782	26983	99.93
m21038_250916_080352/245566066/ccs	0.995049	23.0531	34093	99.74
m21038_250916_080352/78578070/ccs	0.994416	22.5305	27802	99.77
m21038_251017_072935/53938191/ccs	0.999195	30.942	22551	99.78
m21038_251017_072935/247465808/ccs	0.998053	27.1063	18461	99.90
m21038_251017_072935/96600466/ccs	0.999462	32.6922	21413	99.92
m21038_251017_072935/97850789/ccs	0.998879	29.5039	16873	99.77
m21038_251017_072935/186975648/ccs	0.999039	30.1728	23184	99.92
m21038_251017_072935/136446608/ccs	0.999944	42.5181	13637	99.74
m21038_251017_072935/74517704/ccs	0.999114	30.5257	19896	99.79
m21038_251017_072935/206308658/ccs	0.999941	42.2915	13810	99.76
m21038_251017_072935/241698939/ccs	0.999934	41.8046	12906	99.92
m21038_251017_072935/234292373/ccs	0.999961	44.0894	14322	99.92
m21038_250916_080352/17829690/ccs	0.998613	28.5792	24096	99.92
m21038_250916_080352/10031517/ccs	0.998765	29.0833	18763	99.91
m21038_251017_072935/123471473/ccs	0.999859	38.5078	17439	99.91
m21038_250916_080352/164497983/ccs	1	60	2993	99.80
m21038_250916_080352/33624373/ccs	0.999814	37.3049	12025	99.82
m21038_251017_072935/14747565/ccs	0.998408	27.9806	29090	99.92
m21038_251017_072935/12190314/ccs	0.99846	28.1248	10034	99.79
m21038_250916_080352/207620965/ccs	0.998351	27.8278	10281	99.90
m21038_250916_080352/101913786/ccs	0.999835	37.8252	9165	99.95
m21038_251017_072935/17109224/ccs	0.999547	33.439	11005	99.94
m21038_250916_080352/177998080/ccs	0.999543	33.4008	17723	99.94
m21038_251017_072935/256901349/ccs	0.997449	25.9329	22169	99.94
m21038_250916_080352/43188771/ccs	0.999389	32.1396	6619	99.95
m21038_250916_080352/4457205/ccs	0.999851	38.2681	19426	99.91
m21038_251017_072935/6881451/ccs	0.999596	33.9362	15949	99.92
m21038_250916_080352/71239523/ccs	0.99999	50	11423	99.96
m21038_250916_080352/25497814/ccs	0.999944	42.5181	7610	99.96
m21038_250916_080352/137106404/ccs	0.999549	33.4582	5724	99.97
m21038_251017_072935/112660621/ccs	0.993532	21.8923	5942	99.85
m21038_250916_080352/129699516/ccs	0.999885	39.393	9278	99.97
m21038_250916_080352/110365209/ccs	0.99981	37.2125	14482	99.94
m21038_251017_072935/188287797/ccs	0.99675	24.8812	12399	99.94
m21038_250916_080352/189662109/ccs	0.997831	26.6374	20935	99.86
m21038_250916_080352/158729041/ccs	0.999984	47.9588	8028	99.94
m21038_251017_072935/106370411/ccs	0.997671	26.3283	15422	99.94
m21038_251017_072935/49155986/ccs	0.997147	25.447	5975	99.97
m21038_250916_080352/128062657/ccs	0.999456	32.644	25828	99.95
m21038_250916_080352/137037354/ccs	0.998983	29.9268	5237	99.96
m21038_251017_072935/3080387/ccs	0.999893	39.7062	10516	99.97
m21038_251017_072935/128385574/ccs	0.99986	38.5387	15329	99.95
m21038_250916_080352/64688554/ccs	0.998684	28.8074	4739	99.96
m21038_250916_080352/91033809/ccs	0.999974	45.8503	3949	99.95
m21038_250916_080352/13635263/ccs	0.999678	34.9214	20680	99.95
m21038_250916_080352/50269058/ccs	0.997719	26.4187	13758	99.90
m21038_251017_072935/111806429/ccs	1	60	3951	99.97
m21038_250916_080352/39388328/ccs	0.999988	49.2082	10349	99.97
m21038_251017_072935/29168205/ccs	0.999998	56.9897	7784	99.97
m21038_251017_072935/79237757/ccs	0.999848	38.1816	6727	99.96
m21038_250916_080352/23531010/ccs	1	60	4428	99.95
m21038_251017_072935/242418611/ccs	0.99989	39.5861	5595	99.95
m21038_251017_072935/236651173/ccs	0.991396	20.653	10071	99.86
m21038_251017_072935/23794747/ccs	0.999698	35.1999	15221	99.95
m21038_250916_080352/127861470/ccs	0.999992	50.9691	5449	99.96
m21038_251017_072935/241501071/ccs	0.999983	47.6955	11474	99.96
m21038_250916_080352/83821185/ccs	0.999972	45.5284	9131	99.91
m21038_250916_080352/143528887/ccs	0.999532	33.2975	23587	99.94
m21038_250916_080352/154665178/ccs	0.999922	41.0791	12213	99.90
m21038_251017_072935/13437469/ccs	0.999774	36.4589	12901	99.90
m21038_250916_080352/154207105/ccs	1	60	3494	99.97
m21038_251017_072935/104404725/ccs	0.994884	22.9107	9544	99.78
m21038_250916_080352/38275447/ccs	0.999926	41.3077	8466	99.95
m21038_250916_080352/98178976/ccs	0.999916	40.7572	5674	99.95
m21038_250916_080352/256051475/ccs	0.99936	31.9382	14503	99.88
m21038_250916_080352/83695394/ccs	0.999952	43.1876	8168	99.94
m21038_251017_072935/43781006/ccs	1	60	4317	99.93
m21038_251017_072935/196150216/ccs	0.999996	53.9794	7741	99.95
m21038_251017_072935/222233320/ccs	0.999751	36.038	3572	99.91
m21038_250916_080352/23138615/ccs	0.997271	25.64	21440	99.81
m21038_251017_072935/33751687/ccs	0.999635	34.3771	25979	99.94
m21038_251017_072935/34870890/ccs	0.999974	45.8503	13324	99.93
m21038_251017_072935/26547426/ccs	0.996922	25.1173	9896	99.89
m21038_250916_080352/202049748/ccs	0.999781	36.5956	13256	99.87
m21038_251017_072935/92606771/ccs	0.999624	34.2481	24441	99.85
m21038_250916_080352/93982211/ccs	1	60	4506	99.93
m21038_251017_072935/82711409/ccs	0.993129	21.6298	13538	99.79
m21038_251017_072935/107483588/ccs	0.999544	33.4104	9861	99.86
m21038_251017_072935/154405589/ccs	1	60	7920	99.87
m21038_250916_080352/165544156/ccs	0.998821	29.2849	24656	99.94
m21038_250916_080352/72748844/ccs	0.999999	60	7944	99.92
m21038_250916_080352/72160517/ccs	0.999996	53.9794	2939	99.93
m21038_250916_080352/163971868/ccs	0.996139	24.133	15870	99.80
m21038_250916_080352/157680690/ccs	0.998638	28.6582	14754	99.84
m21038_251017_072935/227608942/ccs	0.999892	39.6658	17862	99.94
m21038_250916_080352/46141619/ccs	0.995246	23.2294	16519	99.81
m21038_250916_080352/17370925/ccs	0.999911	40.5061	3218	99.88
m21038_251017_072935/57213892/ccs	0.999981	47.2125	9702	99.94
m21038_250916_080352/23138105/ccs	0.999984	47.9588	3643	99.92
m21038_251017_072935/182781385/ccs	0.999451	32.6043	8503	99.92
m21038_250916_080352/42208101/ccs	0.999889	39.5468	11339	99.95
m21038_250916_080352/101258639/ccs	1	60	4126	99.93
m21038_251017_072935/35194375/ccs	1	60	4425	99.93
m21038_250916_080352/151194662/ccs	0.999927	41.3668	8370	99.84
m21038_251017_072935/63243500/ccs	0.999755	36.1083	10921	99.94
m21038_250916_080352/35653139/ccs	0.995561	23.5271	13401	99.74
m21038_251017_072935/103157788/ccs	0.999903	40.1323	17416	99.94
m21038_250916_080352/6885019/ccs	0.998621	28.6044	4035	99.85
m21038_251017_072935/37162673/ccs	0.99994	42.2185	15336	99.96
m21038_251017_072935/99161757/ccs	0.999926	41.3077	18454	99.95
m21038_250916_080352/144769932/ccs	0.999866	38.729	3961	99.95
m21038_250916_080352/63313386/ccs	1	60	4240	99.95
m21038_250916_080352/102503219/ccs	0.999999	60	5948	99.93
m21038_250916_080352/126946540/ccs	0.999642	34.4612	6328	99.94
m21038_250916_080352/212599185/ccs	0.994331	22.4649	14655	99.92
m21038_251017_072935/15663662/ccs	0.999884	39.3554	10803	99.94
m21038_251017_072935/192875035/ccs	0.999999	60	8462	99.85
m21038_251017_072935/18811390/ccs	0.999282	31.4388	12659	99.83
m21038_251017_072935/69800997/ccs	0.99948	32.84	5401	99.93
m21038_250916_080352/46994626/ccs	0.999998	56.9897	3160	99.87
m21038_250916_080352/98697417/ccs	0.999997	55.2288	9637	99.96
m21038_251017_072935/63967899/ccs	0.99977	36.3827	20861	99.94
m21038_250916_080352/155648476/ccs	0.99997	45.2288	6632	99.86
m21038_250916_080352/19599494/ccs	0.996825	24.9826	21459	99.88
m21038_251017_072935/55117970/ccs	0.996823	24.9798	18681	99.94
m21038_250916_080352/72811179/ccs	0.998422	28.0189	34358	99.83
m21038_251017_072935/90967463/ccs	0.997042	25.29	8256	99.94
m21038_250916_080352/53281166/ccs	0.996665	24.769	8333	99.93
m21038_250916_080352/118623484/ccs	1	60	4243	99.95
m21038_251017_072935/104796126/ccs	0.999995	53.0103	6689	99.94
m21038_251017_072935/40634965/ccs	0.995532	23.4989	12013	99.92
m21038_251017_072935/100406225/ccs	0.999991	50.4576	5310	99.85
m21038_250916_080352/83887719/ccs	0.998621	28.6044	7582	99.95
m21038_251017_072935/166857007/ccs	1	60	3268	99.94
m21038_250916_080352/20188892/ccs	1	60	3915	99.95
m21038_251017_072935/26284379/ccs	0.998112	27.24	25187	99.94
m21038_251017_072935/131535150/ccs	0.99977	36.3827	18259	99.95
m21038_250916_080352/51122708/ccs	0.999489	32.9158	7891	99.96
m21038_250916_080352/251791713/ccs	0.997831	26.6374	24100	99.79
m21038_251017_072935/220661759/ccs	0.999558	33.5458	6757	99.79
m21038_250916_080352/10884510/ccs	1	60	4310	99.98
m21038_250916_080352/87167706/ccs	0.999034	30.1502	4568	99.98
m21038_251017_072935/135796290/ccs	1	60	6572	99.98
m21038_250916_080352/234817300/ccs	0.993743	22.0363	31110	99.82
m21038_251017_072935/101318799/ccs	0.999988	49.2082	12601	99.94
m21038_250916_080352/82972488/ccs	0.994085	22.2805	2896	99.83
m21038_250916_080352/41028000/ccs	0.994015	22.2294	8111	99.93
m21038_251017_072935/102565496/ccs	1	60	4497	99.98
m21038_251017_072935/53286475/ccs	1	60	6099	99.98
m21038_250916_080352/251134831/ccs	0.99998	46.9897	6721	99.81
m21038_250916_080352/68884041/ccs	0.999989	49.5861	5151	99.98
m21038_251017_072935/80809651/ccs	0.999699	35.2143	10013	99.79
m21038_250916_080352/33161990/ccs	0.999942	42.3657	9822	99.94
m21038_250916_080352/137888266/ccs	0.999979	46.7778	3503	99.74
m21038_250916_080352/77464555/ccs	0.999986	48.5387	7849	99.97
m21038_251017_072935/75892736/ccs	0.999455	32.636	9915	99.81
m21038_251017_072935/93784130/ccs	1	60	7723	99.97
m21038_251017_072935/198773180/ccs	1	60	3192	99.97
m21038_251017_072935/45879224/ccs	0.999734	35.7512	15117	99.95
m21038_251017_072935/114626464/ccs	0.997298	25.6831	5228	99.94
m21038_250916_080352/43978616/ccs	0.999905	40.2228	3526	100.00
m21038_250916_080352/21565720/ccs	0.999206	31.0018	3179	100.00
m21038_250916_080352/45487377/ccs	0.998858	29.4233	21389	99.81
m21038_250916_080352/118096950/ccs	0.999977	46.3827	12480	99.85
m21038_250916_080352/204342867/ccs	0.999943	42.4413	8322	99.94
m21038_251017_072935/106759928/ccs	0.998242	27.5498	7639	99.93
m21038_250916_080352/211944341/ccs	0.999982	47.4473	9296	99.95
m21038_250916_080352/73928123/ccs	0.999858	38.4771	21298	99.94
m21038_250916_080352/159450012/ccs	0.999994	52.2185	10411	99.94
m21038_250916_080352/191761109/ccs	1	60	5242	99.81
m21038_250916_080352/29559186/ccs	0.998822	29.2885	15357	99.95
m21038_250916_080352/88017570/ccs	0.999891	39.6257	4103	99.98
m21038_251017_072935/31261344/ccs	0.999954	43.3724	9706	99.84
m21038_250916_080352/151590575/ccs	0.994093	22.2863	3030	99.83
m21038_251017_072935/211027207/ccs	0.998999	29.9957	14107	99.94
m21038_251017_072935/52104054/ccs	0.999956	43.5655	8430	99.94
m21038_250916_080352/10489644/ccs	0.990497	20.2214	21745	99.59
m21038_251017_072935/194512016/ccs	0.999986	48.5387	10074	99.85
m21038_250916_080352/213124734/ccs	0.999282	31.4388	25266	99.95
m21038_251017_072935/31528421/ccs	0.997996	26.981	22816	99.93
m21038_251017_072935/73138868/ccs	0.998801	29.2118	14575	99.93
m21038_250916_080352/105056370/ccs	0.999931	41.6115	4892	99.90
m21038_250916_080352/94831866/ccs	0.999203	30.9854	4714	99.89
m21038_250916_080352/29234063/ccs	0.998265	27.607	14443	99.77
m21038_250916_080352/112006627/ccs	0.99511	23.1069	24571	99.92
m21038_250916_080352/63177171/ccs	0.999942	42.3657	9343	99.91
m21038_251017_072935/47056044/ccs	0.99906	30.2687	19814	99.83
m21038_251017_072935/217581724/ccs	0.999264	31.3312	26552	99.93
m21038_250916_080352/229638277/ccs	0.999752	36.0555	16052	99.82
m21038_250916_080352/148506504/ccs	0.999881	39.2445	18959	99.94
m21038_251017_072935/30606975/ccs	0.999473	32.7819	9171	99.93
m21038_250916_080352/16909857/ccs	0.999906	40.2687	11276	99.92
m21038_250916_080352/157679949/ccs	0.999844	38.0688	14581	99.81
m21038_250916_080352/92997441/ccs	0.999267	31.349	6252	99.92
m21038_250916_080352/117246118/ccs	0.999758	36.1618	7058	99.82
m21038_250916_080352/256967628/ccs	0.999992	50.9691	9854	99.93
m21038_250916_080352/182061287/ccs	0.999991	50.4576	7706	99.92
m21038_251017_072935/21630892/ccs	0.999762	36.2342	23889	99.85
m21038_250916_080352/212271884/ccs	0.996591	24.6737	17221	99.92
m21038_250916_080352/111871099/ccs	0.999234	31.1577	19620	99.93
m21038_250916_080352/91753717/ccs	0.995263	23.245	24485	99.82
m21038_251017_072935/142475932/ccs	0.999324	31.7005	19001	99.94
m21038_251017_072935/158860526/ccs	0.996369	24.3997	6394	99.78
m21038_250916_080352/207290729/ccs	0.999975	46.0206	10433	99.93
m21038_251017_072935/42337657/ccs	0.999503	33.0364	8322	99.93
m21038_250916_080352/64685572/ccs	1	60	2332	99.74
m21038_250916_080352/248907930/ccs	0.995693	23.6583	8833	99.73
m21038_250916_080352/112530063/ccs	0.999946	42.6761	6111	99.93
m21038_251017_072935/105976167/ccs	0.998893	29.5585	14143	99.81
m21038_251017_072935/12978948/ccs	0.999974	45.8503	8349	99.95
m21038_251017_072935/44762926/ccs	0.999984	47.9588	7462	99.96
m21038_250916_080352/229116269/ccs	0.997213	25.5486	26648	99.92
m21038_251017_072935/76614517/ccs	0.999785	36.6756	14747	99.95
m21038_251017_072935/188613476/ccs	0.996416	24.4563	9208	99.80
m21038_251017_072935/11015368/ccs	0.998855	29.4119	14961	99.94
m21038_251017_072935/75632862/ccs	0.998702	28.8673	30485	99.95
m21038_250916_080352/26809599/ccs	0.997643	26.2764	6661	99.95
m21038_251017_072935/36374059/ccs	0.999988	49.2082	4448	99.89
m21038_250916_080352/219022312/ccs	0.999616	34.1567	20539	99.86
m21038_251017_072935/83826460/ccs	0.999934	41.8046	14407	99.95
m21038_251017_072935/215025346/ccs	0.999698	35.1999	10877	99.95
m21038_251017_072935/38868105/ccs	0.999594	33.9147	20791	99.93
m21038_250916_080352/234685893/ccs	0.999885	39.393	5127	99.96
m21038_250916_080352/129373242/ccs	0.999626	34.2713	6355	99.97
m21038_251017_072935/172164075/ccs	0.998281	27.6472	37871	99.86
m21038_251017_072935/208012259/ccs	0.999494	32.9585	12557	99.94
m21038_250916_080352/194708346/ccs	0.999574	33.7059	17013	99.96
m21038_251017_072935/192154486/ccs	0.99987	38.8606	3549	99.94
m21038_250916_080352/114887707/ccs	0.996047	24.0307	37878	99.93
m21038_251017_072935/123864649/ccs	0.999995	53.0103	7925	99.94
m21038_251017_072935/187434405/ccs	0.999927	41.3668	5121	99.79
m21038_251017_072935/189399814/ccs	0.999751	36.038	9588	99.79
m21038_251017_072935/36312019/ccs	0.994115	22.3025	4969	99.84
m21038_250916_080352/51315817/ccs	0.99647	24.5223	3454	99.94
m21038_251017_072935/60227846/ccs	0.999956	43.5655	13650	99.83
m21038_250916_080352/20775115/ccs	0.999681	34.9621	10638	99.95
m21038_250916_080352/150082681/ccs	0.999906	40.2687	20453	99.94
m21038_250916_080352/133173903/ccs	0.999996	53.9794	3255	99.75
m21038_250916_080352/106824751/ccs	0.999319	31.6685	26231	99.94
m21038_250916_080352/200213895/ccs	0.999877	39.1009	8898	99.97
m21038_250916_080352/104007201/ccs	0.999964	44.437	9056	99.79
m21038_251017_072935/97653935/ccs	0.999957	43.6653	3929	99.95
m21038_250916_080352/33953430/ccs	0.995283	23.2633	35483	99.92
m21038_251017_072935/201918667/ccs	0.998282	27.6498	21220	99.94
m21038_251017_072935/39125705/ccs	0.999815	37.3283	21184	99.86
m21038_250916_080352/57610849/ccs	0.999608	34.0671	28970	99.85
m21038_251017_072935/50660658/ccs	0.998955	29.8088	5759	99.70
m21038_250916_080352/46863548/ccs	0.997673	26.332	35238	99.83
m21038_250916_080352/131271017/ccs	1	60	3735	100.00
m21038_250916_080352/66917672/ccs	0.999113	30.5208	25026	99.88
m21038_251017_072935/98437497/ccs	0.999978	46.5758	4105	99.93
m21038_250916_080352/211616586/ccs	0.999503	33.0364	2831	99.68
m21038_250916_080352/80481041/ccs	1	60	4931	99.96
m21038_250916_080352/44240771/ccs	0.99991	40.4576	15395	99.87
m21038_251017_072935/265946838/ccs	0.997441	25.9193	20551	99.92
m21038_250916_080352/247269798/ccs	0.999618	34.1794	23044	99.94
m21038_250916_080352/129635435/ccs	0.999917	40.8092	3354	99.73
m21038_250916_080352/152438705/ccs	0.999928	41.4267	8652	99.95
m21038_250916_080352/102764337/ccs	0.999336	31.7783	5948	99.95
m21038_250916_080352/246613358/ccs	0.999993	51.549	6821	99.94
m21038_250916_080352/44566082/ccs	0.999195	30.942	4265	99.95
m21038_251017_072935/172491971/ccs	0.999968	44.9485	15899	99.87
m21038_250916_080352/94307235/ccs	0.999765	36.2893	7622	99.96
m21038_250916_080352/6362094/ccs	0.999978	46.5758	9052	99.87
m21038_251017_072935/127801051/ccs	0.998889	29.5429	23757	99.89
m21038_250916_080352/145951002/ccs	0.999636	34.389	5268	99.96
m21038_251017_072935/90116797/ccs	0.999681	34.9621	8753	99.86
m21038_250916_080352/90771921/ccs	0.999628	34.2946	5244	99.81
m21038_250916_080352/236126273/ccs	0.999981	47.2125	7063	99.93
m21038_251017_072935/111940474/ccs	0.999995	53.0103	7032	99.94
m21038_250916_080352/127536472/ccs	0.999956	43.5655	5537	99.84
m21038_250916_080352/64618814/ccs	0.999639	34.4249	4367	99.95
m21038_250916_080352/114493508/ccs	0.999774	36.4589	5646	99.91
m21038_251017_072935/64293727/ccs	0.999929	41.4874	12885	99.89
m21038_250916_080352/193004836/ccs	0.995449	23.4189	3439	99.71
m21038_251017_072935/75895868/ccs	0.996523	24.588	15391	99.90
m21038_251017_072935/125048286/ccs	0.999598	33.9577	7233	99.97
m21038_251017_072935/120194815/ccs	0.994151	22.3292	7931	99.80
m21038_251017_072935/207160929/ccs	0.99978	36.5758	5746	99.97
m21038_250916_080352/104665963/ccs	0.999924	41.1919	3206	100.00
m21038_251017_072935/24974889/ccs	0.99997	45.2288	9513	99.98
m21038_251017_072935/80678140/ccs	0.999533	33.3068	9935	99.91
m21038_251017_072935/223348955/ccs	0.996926	25.123	6150	99.95
m21038_250916_080352/221579244/ccs	0.999905	40.2228	5651	99.89
m21038_250916_080352/266537091/ccs	0.999976	46.1979	5591	99.96
m21038_251017_072935/30412427/ccs	0.999361	31.945	16851	99.94
m21038_251017_072935/143130730/ccs	0.999723	35.5752	24694	99.94
m21038_251017_072935/143657251/ccs	0.999999	60	4907	99.96
m21038_250916_080352/235276216/ccs	0.999855	38.3863	9753	99.98
m21038_250916_080352/34865957/ccs	0.999614	34.1341	13677	99.93
m21038_250916_080352/89199209/ccs	0.996445	24.4916	11234	99.91
m21038_251017_072935/223805814/ccs	0.999985	48.2391	13136	99.91
m21038_251017_072935/135468371/ccs	0.99992	40.9691	5049	99.96
m21038_250916_080352/20909510/ccs	1	60	3039	99.90
m21038_250916_080352/179897482/ccs	0.99655	24.6218	35368	99.87
m21038_251017_072935/115543475/ccs	0.999611	34.1005	22040	99.94
m21038_250916_080352/108794682/ccs	0.998226	27.5105	22966	99.94
m21038_250916_080352/36767871/ccs	0.998482	28.1873	7260	99.97
m21038_251017_072935/138413561/ccs	0.999998	56.9897	6938	99.97
m21038_251017_072935/183173539/ccs	0.99966	34.6852	26406	99.94
m21038_250916_080352/66130180/ccs	0.999678	34.9214	18408	99.93
m21038_251017_072935/186649464/ccs	0.9973	25.6864	19318	99.89
m21038_250916_080352/1376745/ccs	0.997857	26.6898	7395	99.91
m21038_250916_080352/189990578/ccs	0.999503	33.0364	4175	99.93
m21038_250916_080352/230622729/ccs	0.999217	31.0624	9976	99.92
m21038_250916_080352/166856868/ccs	0.999995	53.0103	6040	99.93
m21038_251017_072935/74383608/ccs	0.999986	48.5387	11711	99.92
m21038_250916_080352/173278914/ccs	0.999982	47.4473	9308	99.91
m21038_250916_080352/180487552/ccs	0.999747	35.9688	8315	99.91
m21038_250916_080352/18285506/ccs	0.994994	23.0051	2888	99.44
m21038_250916_080352/143461311/ccs	0.998037	27.0708	31596	99.93
m21038_250916_080352/113120459/ccs	0.999899	39.9568	12475	99.92
m21038_251017_072935/109448420/ccs	0.999721	35.544	18725	99.95
m21038_250916_080352/224134681/ccs	0.998953	29.8005	12915	99.93
m21038_251017_072935/218302428/ccs	0.999981	47.2125	7854	99.91
m21038_250916_080352/193267319/ccs	0.99491	22.9328	21739	99.92
m21038_251017_072935/34541134/ccs	0.997703	26.3884	3696	100.00
m21038_250916_080352/21630136/ccs	0.999991	50.4576	4607	100.00
m21038_251017_072935/36768085/ccs	0.999971	45.376	6490	99.92
m21038_250916_080352/218563710/ccs	0.997567	26.1386	5430	99.94
m21038_250916_080352/102368617/ccs	1	60	2977	100.00
m21038_250916_080352/122554039/ccs	0.999941	42.2915	4116	100.00
m21038_251017_072935/131863238/ccs	0.999972	45.5284	10888	99.92
m21038_251017_072935/4133316/ccs	0.999889	39.5468	10707	99.92
m21038_251017_072935/39392960/ccs	0.999998	56.9897	7349	99.92
m21038_250916_080352/218499467/ccs	0.999689	35.0724	3605	100.00
m21038_250916_080352/14882066/ccs	0.999747	35.9688	11539	99.92
m21038_251017_072935/147128503/ccs	0.999738	35.817	10415	99.92
m21038_251017_072935/29365714/ccs	0.998823	29.2922	20547	99.92
m21038_250916_080352/72617746/ccs	0.999984	47.9588	6461	99.89
m21038_251017_072935/199625532/ccs	0.999972	45.5284	4115	99.95
m21038_250916_080352/141888035/ccs	0.999933	41.7393	8240	99.91
m21038_251017_072935/22348946/ccs	0.999974	45.8503	9729	99.92
m21038_250916_080352/110757509/ccs	0.99862	28.6012	25168	99.92
m21038_250916_080352/148115156/ccs	0.999989	49.5861	6374	99.89
m21038_250916_080352/123081461/ccs	0.999938	42.0761	7780	99.91
m21038_250916_080352/27465411/ccs	0.999989	49.5861	5879	99.88
m21038_250916_080352/138674583/ccs	0.999872	38.9279	3050	100.00
m21038_250916_080352/49810598/ccs	0.998323	27.7547	18959	99.93
m21038_250916_080352/3279986/ccs	0.999976	46.1979	9283	99.90
m21038_251017_072935/2688778/ccs	0.999841	37.986	12759	99.93
m21038_250916_080352/35458069/ccs	0.999932	41.6749	8759	99.90
m21038_250916_080352/201917334/ccs	0.999979	46.7778	4642	99.85
m21038_250916_080352/82706796/ccs	0.999964	44.437	3486	99.91
m21038_250916_080352/96141437/ccs	0.99605	24.034	25942	99.91
m21038_250916_080352/56166250/ccs	0.999976	46.1979	3357	99.97
m21038_251017_072935/121767984/ccs	0.999976	46.1979	4317	99.91
m21038_251017_072935/179962934/ccs	0.999597	33.9469	20535	99.93
m21038_251017_072935/206309100/ccs	0.999962	44.2022	9594	99.89
m21038_250916_080352/170787522/ccs	0.999941	42.2915	5488	99.85
m21038_250916_080352/118228944/ccs	0.999695	35.157	5112	99.92
m21038_251017_072935/105713263/ccs	0.999892	39.6658	5486	99.87
m21038_250916_080352/79827499/ccs	0.999685	35.0169	25816	99.95
m21038_251017_072935/73599961/ccs	0.999991	50.4576	4587	99.84
m21038_251017_072935/125502332/ccs	0.99471	22.7654	4049	99.80
m21038_250916_080352/46995022/ccs	0.999982	47.4473	7700	99.88
m21038_251017_072935/122095829/ccs	0.998728	28.9551	24608	99.88
m21038_251017_072935/131928487/ccs	0.999909	40.4096	4981	99.86
m21038_250916_080352/231539921/ccs	0.999222	31.0902	8179	99.90
m21038_251017_072935/55313938/ccs	0.999956	43.5655	4727	99.83
m21038_250916_080352/135533672/ccs	0.999971	45.376	4977	99.86
m21038_251017_072935/116525392/ccs	0.999826	37.5945	14998	99.91
m21038_251017_072935/144772040/ccs	0.999983	47.6955	5865	99.79
m21038_250916_080352/258738995/ccs	0.997904	26.7861	23964	99.91
m21038_251017_072935/184158735/ccs	0.999991	50.4576	4113	99.81
m21038_250916_080352/101258852/ccs	0.999941	42.2915	17671	99.93
m21038_251017_072935/155190537/ccs	0.997907	26.7923	31227	99.55
m21038_251017_072935/171771379/ccs	0.999626	34.2713	21900	99.89
m21038_250916_080352/52957126/ccs	0.999721	35.544	4793	99.90
m21038_251017_072935/107352285/ccs	0.999999	60	4192	99.83
m21038_250916_080352/90573533/ccs	0.999992	50.9691	6685	99.87
m21038_250916_080352/139920091/ccs	0.995106	23.1034	31648	99.57
m21038_250916_080352/244058442/ccs	0.999478	32.8233	16563	99.95
m21038_250916_080352/223348998/ccs	0.99363	21.9586	20858	99.83
m21038_250916_080352/140710575/ccs	0.999991	50.4576	3179	100.00
m21038_250916_080352/68683247/ccs	0.994809	22.8475	8174	99.29
m21038_251017_072935/17565497/ccs	0.999934	41.8046	9013	99.41
m21038_251017_072935/147587965/ccs	0.999985	48.2391	4467	99.96
m21038_250916_080352/4325586/ccs	0.999854	38.3565	15166	99.87
m21038_250916_080352/99553165/ccs	0.998289	27.6675	23471	99.62
m21038_250916_080352/54071310/ccs	0.999375	32.0412	14946	99.95
m21038_251017_072935/33096050/ccs	0.997686	26.3564	17633	99.96
m21038_250916_080352/198575292/ccs	0.999739	35.8336	7539	98.73
m21038_251017_072935/36964653/ccs	0.999971	45.376	15053	99.87
m21038_250916_080352/137299784/ccs	0.999995	53.0103	3147	99.94
m21038_250916_080352/152568908/ccs	0.99985	38.2391	20114	99.61
m21038_251017_072935/210635294/ccs	1	60	6440	99.95
m21038_251017_072935/117179680/ccs	0.999899	39.9568	15421	99.53
m21038_251017_072935/157157686/ccs	0.999975	46.0206	10312	99.95
m21038_250916_080352/2949622/ccs	0.999223	31.0958	10293	99.96
m21038_251017_072935/53022935/ccs	0.996503	24.563	6963	98.70
m21038_250916_080352/118690266/ccs	0.999041	30.1818	28205	99.66
m21038_251017_072935/42274990/ccs	0.999801	37.0115	22430	99.96
m21038_251017_072935/116918703/ccs	0.999608	34.0671	20896	99.97
m21038_250916_080352/129372133/ccs	0.993381	21.7921	24259	99.79
m21038_250916_080352/247990623/ccs	1	60	5718	99.91
m21038_251017_072935/34605842/ccs	0.996322	24.3439	32910	99.64
m21038_250916_080352/50531919/ccs	1	60	3492	98.68
m21038_251017_072935/38013416/ccs	0.997309	25.7009	7051	99.72
m21038_250916_080352/4458753/ccs	0.99937	32.0066	12144	99.95
m21038_250916_080352/68029988/ccs	0.99997	45.2288	5691	99.89
m21038_251017_072935/9964426/ccs	0.99842	28.0134	19050	99.88
m21038_250916_080352/10161463/ccs	0.993412	21.8125	5230	99.87
m21038_250916_080352/66456469/ccs	0.999637	34.4009	4799	99.96
m21038_251017_072935/257163619/ccs	0.998085	27.1783	13980	99.95
m21038_250916_080352/251725453/ccs	0.999987	48.8606	8952	99.97
m21038_251017_072935/195626922/ccs	0.999516	33.1515	17252	99.97
m21038_250916_080352/259656224/ccs	0.99984	37.9588	19885	99.61
m21038_251017_072935/79430854/ccs	0.99451	22.6043	18273	99.96
m21038_250916_080352/143065128/ccs	0.999488	32.9073	19337	99.62
m21038_250916_080352/11278042/ccs	0.999672	34.8413	10340	99.95
m21038_251017_072935/148571180/ccs	0.999683	34.9894	4682	99.98
m21038_250916_080352/46859691/ccs	0.999904	40.1773	5224	99.81
m21038_250916_080352/30479767/ccs	0.999889	39.5468	3921	99.85
m21038_251017_072935/33624130/ccs	0.998797	29.1973	6536	99.94
m21038_250916_080352/262209846/ccs	0.998842	29.3629	8557	99.89
m21038_250916_080352/173211902/ccs	0.999954	43.3724	18223	99.87
m21038_251017_072935/258541412/ccs	0.996237	24.2447	29586	99.43
m21038_251017_072935/141494168/ccs	0.999985	48.2391	3372	99.97
m21038_250916_080352/124650260/ccs	0.999978	46.5758	3792	99.97
m21038_250916_080352/108070036/ccs	0.992141	21.0463	4380	99.89
m21038_250916_080352/22286585/ccs	0.999002	30.0087	35319	99.71
m21038_250916_080352/223677426/ccs	0.999972	45.5284	9048	99.82
m21038_250916_080352/193923625/ccs	0.995548	23.5144	17147	99.61
m21038_251017_072935/13043828/ccs	0.999878	39.1364	6223	99.81
m21038_250916_080352/54727755/ccs	1	60	4265	99.95
m21038_250916_080352/113709172/ccs	0.999986	48.5387	5024	99.78
m21038_250916_080352/136054928/ccs	0.999976	46.1979	4140	99.76
m21038_250916_080352/243729360/ccs	0.999927	41.3668	2853	99.96
m21038_251017_072935/106565530/ccs	0.999011	30.048	28855	99.69
m21038_250916_080352/106759483/ccs	0.999346	31.8442	12112	99.97
m21038_250916_080352/61603905/ccs	0.999742	35.8838	16848	99.66
m21038_250916_080352/16910827/ccs	0.999738	35.817	12748	99.87
m21038_250916_080352/39127320/ccs	0.999989	49.5861	9695	99.97
m21038_251017_072935/16061063/ccs	0.990637	20.2858	29095	99.54
m21038_251017_072935/115152071/ccs	0.999866	38.729	8207	99.96
m21038_250916_080352/244449331/ccs	1	60	5728	99.77
m21038_250916_080352/134943260/ccs	1	60	6087	99.95
m21038_250916_080352/43322633/ccs	0.999687	35.0446	12163	99.88
m21038_250916_080352/118887658/ccs	0.999815	37.3283	24343	99.94
m21038_251017_072935/110692766/ccs	0.999865	38.6967	21496	99.71
m21038_251017_072935/131207458/ccs	0.99947	32.7572	16674	99.69
m21038_250916_080352/184223436/ccs	0.999443	32.5414	6810	99.43
m21038_251017_072935/28119116/ccs	0.999855	38.3863	7425	99.45
m21038_251017_072935/101519584/ccs	0.999934	41.8046	7775	99.48
m21038_251017_072935/262997288/ccs	0.999073	30.3292	27486	99.72
m21038_250916_080352/29035174/ccs	0.99988	39.2082	17363	99.96
m21038_250916_080352/145293522/ccs	1	60	2804	99.36
m21038_250916_080352/235995825/ccs	0.997242	25.5941	26286	99.40
m21038_251017_072935/59378079/ccs	1	60	3140	99.97
m21038_251017_072935/89525896/ccs	0.999999	60	4855	99.88
m21038_251017_072935/85464199/ccs	0.999984	47.9588	9792	99.91
m21038_250916_080352/217189164/ccs	0.999989	49.5861	7633	99.95
m21038_251017_072935/27006867/ccs	0.999615	34.1454	4126	99.93
m21038_250916_080352/19665191/ccs	0.999977	46.3827	6239	99.95
m21038_250916_080352/14877576/ccs	0.999966	44.6852	13076	99.69
m21038_250916_080352/259326345/ccs	0.999901	40.0436	9055	99.67
m21038_251017_072935/129240600/ccs	0.999177	30.846	15644	99.74
m21038_250916_080352/12979148/ccs	0.999965	44.5593	14423	99.97
m21038_250916_080352/97192777/ccs	0.999976	46.1979	3047	99.84
m21038_251017_072935/59839435/ccs	0.999926	41.3077	12805	99.90
m21038_251017_072935/213977320/ccs	0.993285	21.7295	18049	99.78
m21038_251017_072935/93651927/ccs	0.999995	53.0103	7699	99.96
m21038_250916_080352/251790497/ccs	0.999952	43.1876	13700	99.72
m21038_250916_080352/116657934/ccs	0.999314	31.6368	10601	99.90
m21038_251017_072935/66978341/ccs	0.999998	56.9897	5208	99.48
m21038_250916_080352/154731227/ccs	0.999987	48.8606	5759	99.95
m21038_250916_080352/184615969/ccs	0.999988	49.2082	6591	99.91
m21038_250916_080352/117575351/ccs	1	60	2486	99.88
m21038_250916_080352/163514173/ccs	0.999752	36.0555	4834	99.52
m21038_251017_072935/255986485/ccs	0.996579	24.6585	13114	99.97
m21038_250916_080352/22152203/ccs	0.997775	26.5267	4428	99.57
m21038_250916_080352/127074336/ccs	0.998485	28.1959	30220	99.92
m21038_250916_080352/33294203/ccs	0.999436	32.4872	17068	99.78
m21038_250916_080352/132581277/ccs	0.999973	45.6864	3826	99.95
m21038_251017_072935/25757721/ccs	0.998716	28.9143	8731	99.77
m21038_250916_080352/210109809/ccs	0.999418	32.3508	6307	99.94
m21038_250916_080352/124257815/ccs	0.999957	43.6653	7322	99.97
m21038_250916_080352/135861082/ccs	0.997536	26.0836	9159	99.42
m21038_250916_080352/164889481/ccs	0.999977	46.3827	5034	99.82
m21038_251017_072935/177735333/ccs	0.999877	39.1009	9975	99.80
m21038_250916_080352/261032544/ccs	0.999939	42.1467	11421	99.48
m21038_250916_080352/200543100/ccs	0.996796	24.9431	3138	99.71
m21038_250916_080352/231934285/ccs	0.999182	30.8725	5013	100.00
m21038_251017_072935/200673184/ccs	0.999996	53.9794	5186	99.96
m21038_250916_080352/252183897/ccs	0.999841	37.986	18000	99.54
m21038_250916_080352/37553395/ccs	0.999999	60	3346	99.67
m21038_250916_080352/220071623/ccs	0.999993	51.549	6997	99.43
m21038_251017_072935/254348042/ccs	0.999571	33.6754	12148	99.85
m21038_251017_072935/2491512/ccs	0.999981	47.2125	10642	99.98
m21038_251017_072935/61082256/ccs	0.999963	44.318	8863	99.99
m21038_250916_080352/99943423/ccs	0.999581	33.7779	3453	99.39
m21038_250916_080352/166659159/ccs	0.999995	53.0103	9522	99.82
m21038_251017_072935/213385369/ccs	0.997243	25.5956	28716	99.78
m21038_251017_072935/82510466/ccs	0.990597	20.2673	19465	99.69
m21038_251017_072935/134550118/ccs	0.999988	49.2082	3333	99.97
m21038_251017_072935/115349310/ccs	0.999962	44.2022	8299	99.99
m21038_250916_080352/86118901/ccs	0.999961	44.0894	10346	99.55
m21038_250916_080352/7078248/ccs	0.999989	49.5861	3472	99.83
m21038_251017_072935/58725199/ccs	0.999945	42.5964	16682	99.83
m21038_250916_080352/105517967/ccs	0.999101	30.4624	5225	99.81
m21038_250916_080352/185207047/ccs	0.999993	51.549	5085	99.94
m21038_250916_080352/90179326/ccs	0.999988	49.2082	11135	99.92
m21038_250916_080352/80939839/ccs	0.99785	26.6756	35835	99.61
m21038_250916_080352/96666137/ccs	0.99996	43.9794	4790	99.96
m21038_250916_080352/71305030/ccs	0.999366	31.9791	5833	99.55
m21038_250916_080352/75566727/ccs	0.99906	30.2687	6679	99.99
m21038_250916_080352/34870340/ccs	0.993921	22.1617	14352	99.85
m21038_250916_080352/14159150/ccs	0.999939	42.1467	5304	99.92
m21038_250916_080352/83363032/ccs	0.999588	33.851	20622	99.82
m21038_250916_080352/41289449/ccs	0.999556	33.5262	15531	99.95
m21038_251017_072935/260769577/ccs	0.99853	28.3268	8310	99.86
m21038_250916_080352/193724869/ccs	0.99992	40.9691	16069	99.84
m21038_251017_072935/76616177/ccs	0.999672	34.8413	5976	99.88
m21038_251017_072935/55050774/ccs	0.998659	28.7257	22261	99.80
m21038_250916_080352/147722092/ccs	0.999998	56.9897	5877	99.90
m21038_251017_072935/126553303/ccs	0.999951	43.098	6021	99.88
m21038_251017_072935/77398583/ccs	0.991429	20.6697	20328	99.45
m21038_250916_080352/86054112/ccs	1	60	3886	100.00
m21038_251017_072935/115998839/ccs	0.999822	37.4958	19851	99.92
m21038_250916_080352/61346441/ccs	1	60	5019	99.90
m21038_251017_072935/216468008/ccs	0.999974	45.8503	8427	99.92
m21038_251017_072935/144835383/ccs	0.999979	46.7778	3180	99.97
m21038_251017_072935/255131841/ccs	0.995634	23.5992	41011	99.75
m21038_251017_072935/50138302/ccs	0.995395	23.3677	9630	99.89
m21038_250916_080352/109122768/ccs	0.999995	53.0103	4706	99.60
m21038_251017_072935/253429057/ccs	0.998862	29.4386	13323	99.95
m21038_251017_072935/239995481/ccs	1	60	3690	100.00
m21038_250916_080352/53936786/ccs	0.999873	38.962	9232	99.87
m21038_250916_080352/97719960/ccs	0.999998	56.9897	5163	99.88
m21038_250916_080352/92409150/ccs	0.999991	50.4576	3178	99.94
m21038_250916_080352/42865594/ccs	0.99926	31.3077	5553	99.91
m21038_251017_072935/189399096/ccs	0.999976	46.1979	9957	99.90
m21038_250916_080352/259260753/ccs	0.999998	56.9897	3975	99.90
m21038_250916_080352/54466238/ccs	0.999396	32.1896	7542	99.87
m21038_250916_080352/94115182/ccs	0.999885	39.393	9376	99.98
m21038_251017_072935/81396692/ccs	0.999958	43.7675	13396	99.93
m21038_250916_080352/122034009/ccs	0.99956	33.5655	10236	99.96
m21038_251017_072935/166331390/ccs	0.99969	35.0864	17841	99.81
m21038_250916_080352/176095994/ccs	0.999998	56.9897	3825	99.84
m21038_251017_072935/261161400/ccs	0.999959	43.8722	10228	99.85
m21038_251017_072935/135074576/ccs	0.999799	36.968	6161	99.89
m21038_250916_080352/266537396/ccs	0.999618	34.1794	9261	99.97
m21038_250916_080352/168299463/ccs	1	60	3977	99.87
m21038_251017_072935/116983623/ccs	0.999805	37.0997	17493	99.81
m21038_250916_080352/92082592/ccs	0.999999	60	4250	99.88
m21038_250916_080352/249891531/ccs	0.998042	27.0819	13701	99.93
m21038_250916_080352/32311805/ccs	0.999969	45.0864	11456	99.83
m21038_250916_080352/52496247/ccs	0.999922	41.0791	4585	99.87
m21038_251017_072935/57936738/ccs	0.99755	26.1083	22491	99.77
m21038_250916_080352/85398248/ccs	0.999995	53.0103	7825	99.86
m21038_251017_072935/19333375/ccs	0.999993	51.549	8131	99.95
m21038_251017_072935/105517631/ccs	0.999843	38.041	14361	99.82
m21038_250916_080352/120394229/ccs	1	60	4999	99.96
m21038_251017_072935/16057316/ccs	1	60	5369	99.85
m21038_250916_080352/114298423/ccs	0.999961	44.0894	2918	99.86
m21038_250916_080352/133763003/ccs	0.999977	46.3827	8775	99.93
m21038_251017_072935/116066844/ccs	0.999964	44.437	5229	99.89
m21038_251017_072935/64820514/ccs	0.996111	24.1016	9608	99.93
m21038_250916_080352/10424188/ccs	1	60	3317	99.88
m21038_250916_080352/254543997/ccs	0.999661	34.698	14504	99.92
m21038_251017_072935/142607752/ccs	0.999991	50.4576	2825	99.86
m21038_251017_072935/223937114/ccs	0.99927	31.3668	22174	99.72
m21038_251017_072935/82317794/ccs	0.99934	31.8046	21053	99.77
m21038_250916_080352/141296330/ccs	0.999977	46.3827	7884	99.95
m21038_250916_080352/55315781/ccs	0.998933	29.7184	17988	99.77
m21038_251017_072935/218498425/ccs	0.999986	48.5387	6025	99.97
m21038_250916_080352/153228611/ccs	0.999295	31.5181	22669	99.78
m21038_250916_080352/180420965/ccs	0.999992	50.9691	6137	99.90
m21038_251017_072935/87886937/ccs	0.999988	49.2082	12295	99.91
m21038_251017_072935/50794027/ccs	0.999122	30.5651	14232	99.91
m21038_250916_080352/212599177/ccs	0.995852	23.8216	3452	99.77
m21038_250916_080352/147458518/ccs	0.999948	42.84	10267	99.81
m21038_251017_072935/266210145/ccs	0.999919	40.9151	10949	99.82
m21038_251017_072935/50400404/ccs	0.994435	22.5453	4577	99.74
m21038_250916_080352/66654637/ccs	1	60	4231	99.86
m21038_250916_080352/72681699/ccs	0.999998	56.9897	5460	99.96
m21038_251017_072935/194709851/ccs	0.999877	39.1009	15433	99.90
m21038_250916_080352/101256118/ccs	0.999972	45.5284	6205	99.85
m21038_251017_072935/205917002/ccs	0.999983	47.6955	9549	99.93
m21038_251017_072935/166988786/ccs	0.999881	39.2445	4421	99.93
m21038_251017_072935/109188401/ccs	0.998927	29.694	22403	99.75
m21038_250916_080352/140313615/ccs	1	60	5728	99.84
m21038_250916_080352/145756170/ccs	1	60	3417	99.85
m21038_251017_072935/217777190/ccs	0.999826	37.5945	17386	99.77
m21038_250916_080352/89986841/ccs	1	60	3042	99.90
m21038_250916_080352/137564173/ccs	0.999949	42.9243	5950	99.85
m21038_250916_080352/6096075/ccs	0.999991	50.4576	7586	99.82
m21038_250916_080352/70781676/ccs	0.999989	49.5861	3163	99.94
m21038_250916_080352/117246934/ccs	1	60	2501	99.92
m21038_251017_072935/160828219/ccs	0.998045	27.0885	5165	99.92
m21038_250916_080352/123144850/ccs	1	60	3745	99.97
m21038_250916_080352/145752932/ccs	0.999987	48.8606	7994	99.89
m21038_251017_072935/202312353/ccs	0.999726	35.6225	4284	99.98
m21038_250916_080352/214631220/ccs	0.997633	26.258	7861	99.89
m21038_250916_080352/131007751/ccs	0.998739	28.9928	19109	99.89
m21038_250916_080352/134612078/ccs	0.999903	40.1323	4407	99.86
m21038_250916_080352/154600008/ccs	1	60	2623	99.92
m21038_250916_080352/63312757/ccs	1	60	2438	99.92
m21038_250916_080352/152242368/ccs	0.999989	49.5861	10924	99.89
m21038_251017_072935/115676961/ccs	0.995104	23.1016	20834	99.85
m21038_251017_072935/255067989/ccs	0.999953	43.279	9756	99.81
m21038_251017_072935/120983435/ccs	0.999805	37.0997	7923	99.92
m21038_250916_080352/112858906/ccs	0.99759	26.1798	7809	99.86
m21038_250916_080352/254479127/ccs	1	60	3580	99.86
m21038_250916_080352/48234668/ccs	0.995649	23.6141	10136	99.79
m21038_250916_080352/219938971/ccs	0.999658	34.6597	21607	99.76
m21038_250916_080352/78712992/ccs	0.999946	42.6761	10261	99.80
m21038_251017_072935/22219939/ccs	0.999897	39.8716	7414	99.81
m21038_251017_072935/47715740/ccs	0.998646	28.6838	16064	99.76
m21038_251017_072935/103153895/ccs	0.999859	38.5078	9938	99.79
m21038_250916_080352/112984131/ccs	0.999945	42.5964	8589	99.83
m21038_250916_080352/31266736/ccs	0.999974	45.8503	11473	99.75
m21038_251017_072935/163643557/ccs	0.999735	35.7675	14293	99.73
m21038_250916_080352/190515087/ccs	0.999963	44.318	12501	99.74
m21038_250916_080352/193528338/ccs	0.99993	41.549	8868	99.77
m21038_251017_072935/22675590/ccs	0.999867	38.7615	16241	99.74
m21038_251017_072935/170592533/ccs	0.999951	43.098	3335	99.91
m21038_251017_072935/263063969/ccs	0.996252	24.262	16343	99.73
m21038_251017_072935/166921279/ccs	0.995634	23.5992	11734	99.73
m21038_251017_072935/46077767/ccs	0.999951	43.098	10737	99.72
m21038_250916_080352/158860929/ccs	0.999906	40.2687	10765	99.72
m21038_250916_080352/33817751/ccs	0.999883	39.3181	4128	99.78
m21038_250916_080352/12124206/ccs	0.999192	30.9259	4094	99.76
m21038_251017_072935/254870115/ccs	0.993107	21.6159	8834	99.76
m21038_251017_072935/155125387/ccs	0.99966	34.6852	16140	99.61
m21038_251017_072935/149161727/ccs	0.999938	42.0761	11860	99.89
m21038_250916_080352/101389157/ccs	0.999996	53.9794	4124	99.78
m21038_250916_080352/112264407/ccs	0.999861	38.5699	6943	99.86
m21038_251017_072935/189202759/ccs	0.99998	46.9897	7247	99.89
m21038_250916_080352/86180913/ccs	0.999363	31.9586	10786	99.73
m21038_251017_072935/30212867/ccs	0.9998	36.9897	13705	99.65
m21038_250916_080352/21169536/ccs	0.999968	44.9485	10007	99.90
m21038_251017_072935/98502109/ccs	0.998604	28.5511	29887	99.73
m21038_250916_080352/107877694/ccs	0.999896	39.8297	19431	99.76
m21038_251017_072935/22938717/ccs	0.997059	25.315	23648	99.80
m21038_250916_080352/97652785/ccs	0.999997	55.2288	3154	99.87
m21038_251017_072935/77598639/ccs	0.997732	26.4436	8302	99.86
m21038_251017_072935/162857621/ccs	0.999758	36.1618	5634	99.64
m21038_250916_080352/53085156/ccs	0.999998	56.9897	5225	99.75
m21038_250916_080352/124323956/ccs	0.995521	23.4882	5280	99.75
m21038_250916_080352/134944447/ccs	0.99989	39.5861	5260	99.81
m21038_250916_080352/19661327/ccs	0.998589	28.5047	18032	99.90
m21038_251017_072935/245761134/ccs	0.99983	37.6955	17294	99.90
m21038_251017_072935/50204491/ccs	0.999788	36.7366	4725	99.77
m21038_250916_080352/157551124/ccs	0.994428	22.5399	17328	99.84
m21038_250916_080352/73405307/ccs	0.997129	25.4197	3514	99.77
m21038_250916_080352/149425762/ccs	0.99538	23.3536	32492	99.63
m21038_250916_080352/47845784/ccs	0.999945	42.5964	7892	99.68
m21038_250916_080352/161810715/ccs	1	60	2904	99.83
m21038_250916_080352/178520644/ccs	0.999248	31.2378	6052	99.74
m21038_250916_080352/83887920/ccs	0.999989	49.5861	4864	99.88
m21038_251017_072935/48763847/ccs	0.999606	34.045	16220	99.89
m21038_251017_072935/235210760/ccs	0.999382	32.0901	17341	99.39
m21038_251017_072935/59770761/ccs	0.999896	39.8297	6169	99.76
m21038_251017_072935/45355899/ccs	0.994926	22.9465	8783	99.85
m21038_250916_080352/220136068/ccs	0.999952	43.1876	8792	99.90
m21038_250916_080352/37163314/ccs	0.999575	33.7161	6925	99.87
m21038_251017_072935/38144545/ccs	0.999906	40.2687	5131	99.84
m21038_250916_080352/88936726/ccs	0.999982	47.4473	4094	99.88
m21038_250916_080352/140186522/ccs	0.999813	37.2816	9537	99.65
m21038_250916_080352/115543197/ccs	0.999914	40.655	6898	99.71
m21038_250916_080352/134485265/ccs	1	60	2583	99.81
m21038_250916_080352/238750675/ccs	0.999593	33.9041	3988	99.75
m21038_250916_080352/104661584/ccs	1	60	3990	99.77
m21038_251017_072935/79041291/ccs	0.999924	41.1919	7691	99.73
m21038_250916_080352/260573324/ccs	0.999985	48.2391	10507	99.75
m21038_251017_072935/196084341/ccs	0.999828	37.6447	4256	99.91
m21038_250916_080352/22876971/ccs	0.999984	47.9588	7162	99.90
m21038_250916_080352/57414235/ccs	0.999998	56.9897	5683	99.74
m21038_250916_080352/227738297/ccs	0.999843	38.041	8598	99.69
m21038_251017_072935/220334743/ccs	0.999629	34.3063	12378	99.92
m21038_250916_080352/62458946/ccs	0.999972	45.5284	3615	99.92
m21038_250916_080352/178457452/ccs	0.999534	33.3161	14894	99.90
m21038_250916_080352/242353798/ccs	1	60	3358	99.76
m21038_251017_072935/140642380/ccs	0.999506	33.0627	18968	99.74
m21038_250916_080352/65078838/ccs	0.999899	39.9568	17852	99.74
m21038_250916_080352/63313503/ccs	0.997919	26.8173	3487	99.77
m21038_251017_072935/194117818/ccs	0.998377	27.8968	4613	99.85
m21038_250916_080352/264505231/ccs	0.999618	34.1794	13905	99.74
m21038_250916_080352/60495084/ccs	0.999946	42.6761	9324	99.90
m21038_251017_072935/230557719/ccs	0.99995	43.0103	15705	99.72
m21038_250916_080352/100140355/ccs	0.999902	40.0877	4126	99.66
m21038_251017_072935/62197358/ccs	0.999834	37.7989	13199	99.74
m21038_251017_072935/21433987/ccs	0.999702	35.2578	4613	99.91
m21038_250916_080352/89067604/ccs	0.996037	24.0198	4443	99.82
m21038_250916_080352/51188865/ccs	0.999151	30.7109	8124	99.91
m21038_250916_080352/156635741/ccs	0.994876	22.9039	9931	99.59
m21038_251017_072935/201591387/ccs	0.999072	30.3245	19539	99.79
m21038_251017_072935/127798654/ccs	0.999707	35.3313	3393	99.88
m21038_251017_072935/90834359/ccs	0.998942	29.7551	24669	99.72
m21038_250916_080352/165349311/ccs	0.999963	44.318	3320	99.67
m21038_250916_080352/10555712/ccs	0.99986	38.5387	11529	99.57
m21038_251017_072935/116657278/ccs	0.999677	34.908	5469	99.89
m21038_251017_072935/72551564/ccs	0.999999	60	4942	99.70
m21038_251017_072935/100470149/ccs	0.99783	26.6354	2706	99.67
m21038_251017_072935/8262544/ccs	0.999965	44.5593	9314	99.91
m21038_250916_080352/103811491/ccs	0.999554	33.5067	3524	99.63
m21038_251017_072935/125044624/ccs	0.999934	41.8046	3280	99.85
m21038_250916_080352/220594320/ccs	0.999978	46.5758	9326	99.92
m21038_251017_072935/200410291/ccs	0.999669	34.8017	19625	99.74
m21038_250916_080352/101974645/ccs	1	60	3795	99.63
m21038_250916_080352/142411332/ccs	0.999986	48.5387	5995	99.93
m21038_251017_072935/87758609/ccs	0.999982	47.4473	10319	99.91
m21038_250916_080352/164692309/ccs	0.995973	23.9502	4352	99.54
m21038_250916_080352/246089018/ccs	0.998497	28.2304	27934	99.63
m21038_251017_072935/3411844/ccs	0.998771	29.1045	4676	99.74
m21038_250916_080352/122754870/ccs	0.999882	39.2812	4864	99.92
m21038_251017_072935/110696074/ccs	0.999726	35.6225	14978	99.83
m21038_251017_072935/56231890/ccs	0.999381	32.0831	26389	99.63
m21038_251017_072935/152764561/ccs	0.993996	22.2156	6876	99.64
m21038_250916_080352/71765785/ccs	0.999732	35.7187	8543	99.63
m21038_250916_080352/136581615/ccs	0.999979	46.7778	10014	99.77
m21038_251017_072935/211552503/ccs	0.999998	56.9897	5726	99.79
m21038_250916_080352/119341172/ccs	0.999261	31.3136	9219	99.74
m21038_251017_072935/13112450/ccs	0.992216	21.088	22598	99.56
m21038_250916_080352/120526082/ccs	0.99996	43.9794	6294	99.76
m21038_251017_072935/198640849/ccs	0.999961	44.0894	6332	99.94
m21038_250916_080352/176425245/ccs	0.999974	45.8503	4710	99.94
m21038_251017_072935/186975795/ccs	0.99994	42.2185	10101	99.93
m21038_250916_080352/152245944/ccs	1	60	4710	99.96
m21038_250916_080352/169673154/ccs	0.999078	30.3527	20143	99.69
m21038_250916_080352/245760991/ccs	0.999926	41.3077	10702	99.76
m21038_250916_080352/174000105/ccs	0.999668	34.7886	26472	99.63
m21038_250916_080352/103809914/ccs	1	60	4761	99.77
m21038_251017_072935/63965841/ccs	0.999999	60	3997	99.85
m21038_250916_080352/122748976/ccs	0.999761	36.216	20558	99.65
m21038_250916_080352/114491849/ccs	0.999819	37.4232	19480	99.67
m21038_251017_072935/90314071/ccs	0.99982	37.4473	3261	99.72
m21038_250916_080352/45747879/ccs	0.999992	50.9691	7486	99.92
m21038_251017_072935/95028431/ccs	0.999956	43.5655	10528	99.84
m21038_250916_080352/99028768/ccs	0.999993	51.549	4553	99.78
m21038_251017_072935/40703115/ccs	0.999651	34.5717	5030	99.70
m21038_251017_072935/12654481/ccs	0.999978	46.5758	7875	99.82
m21038_251017_072935/23004535/ccs	0.99925	31.2494	13081	99.71
m21038_251017_072935/84676420/ccs	0.992663	21.3448	32440	99.52
m21038_251017_072935/250152273/ccs	0.999736	35.784	15871	99.66
m21038_251017_072935/227345601/ccs	0.999929	41.4874	16654	99.65
m21038_250916_080352/100991033/ccs	0.999986	48.5387	9656	99.78
m21038_250916_080352/154732849/ccs	0.999702	35.2578	16882	99.61
m21038_251017_072935/23598562/ccs	0.999801	37.0115	9821	99.76
m21038_250916_080352/243402521/ccs	0.999646	34.51	11060	99.68
m21038_251017_072935/14488078/ccs	0.998449	28.0939	6389	99.70
m21038_251017_072935/18089274/ccs	0.999956	43.5655	6739	99.77
m21038_250916_080352/234030123/ccs	0.999521	33.1966	6699	99.77
m21038_251017_072935/33817376/ccs	0.999826	37.5945	11594	99.63
m21038_251017_072935/38541124/ccs	1	60	4535	99.91
m21038_250916_080352/153490430/ccs	1	60	4361	99.90
m21038_250916_080352/50856171/ccs	0.999957	43.6653	10327	99.62
m21038_251017_072935/79827164/ccs	0.999953	43.279	5424	98.58
m21038_250916_080352/91885150/ccs	0.999944	42.5181	9926	99.61
m21038_250916_080352/93062649/ccs	0.99994	42.2185	11816	99.53
m21038_251017_072935/31459573/ccs	0.999416	32.3359	4621	99.65
m21038_251017_072935/24581026/ccs	0.999172	30.8197	5431	99.32
m21038_251017_072935/158795560/ccs	0.999997	55.2288	5827	99.69
m21038_250916_080352/45351765/ccs	0.999982	47.4473	3701	99.64
m21038_251017_072935/38209980/ccs	0.999014	30.0612	4497	99.69
m21038_251017_072935/38539808/ccs	0.999961	44.0894	3214	99.63
m21038_251017_072935/79433923/ccs	0.999999	60	4880	100.00
m21038_251017_072935/182847434/ccs	0.999591	33.8828	20733	99.84
m21038_250916_080352/197329774/ccs	0.996867	25.0404	20539	99.81
m21038_250916_080352/9704352/ccs	0.999935	41.8709	16321	99.82
m21038_250916_080352/134092114/ccs	0.998029	27.0531	14601	99.66
m21038_251017_072935/166004430/ccs	0.999051	30.2273	4513	99.87
m21038_251017_072935/112855999/ccs	0.995175	23.165	9857	99.24
m21038_251017_072935/52625895/ccs	0.999591	33.8828	9621	99.13
m21038_250916_080352/108992031/ccs	0.999996	53.9794	4820	99.54
m21038_250916_080352/88412612/ccs	0.999999	60	3759	99.84
m21038_251017_072935/80283815/ccs	0.999999	60	4433	99.86
m21038_250916_080352/229836277/ccs	0.999988	49.2082	3719	99.81
m21038_251017_072935/100469799/ccs	0.999996	53.9794	4616	99.83
m21038_251017_072935/47780895/ccs	0.999938	42.0761	5100	99.59
m21038_251017_072935/11210345/ccs	0.993235	21.6973	9197	98.80
m21038_251017_072935/244844769/ccs	0.992455	21.2234	13296	99.85
m21038_250916_080352/180161408/ccs	0.995374	23.3479	13860	99.54
m21038_250916_080352/111084604/ccs	0.997447	25.9295	11992	99.56
m21038_250916_080352/266666961/ccs	0.997564	26.1332	5577	99.44
m21038_251017_072935/54791948/ccs	0.999977	46.3827	8918	99.59
m21038_250916_080352/30545571/ccs	0.990842	20.382	24529	98.45
m21038_250916_080352/31588383/ccs	0.999908	40.3621	5641	99.68
m21038_251017_072935/27332848/ccs	0.999211	31.0292	10455	99.56
m21038_251017_072935/230949662/ccs	0.991567	20.7402	22893	98.48
m21038_251017_072935/67962283/ccs	0.999762	36.2342	11400	99.45
m21038_251017_072935/85202367/ccs	0.999895	39.7881	8885	99.65
m21038_251017_072935/29427675/ccs	0.999943	42.4413	6374	99.61
m21038_251017_072935/216599172/ccs	0.999511	33.1069	7906	99.66
m21038_250916_080352/12781049/ccs	0.999124	30.575	18518	98.17
m21038_251017_072935/132255199/ccs	0.999814	37.3049	11601	97.78
m21038_251017_072935/242222683/ccs	0.997141	25.4379	18987	98.20
m21038_251017_072935/38732955/ccs	0.994661	22.7254	6771	99.60
m21038_251017_072935/208405084/ccs	0.99526	23.2422	11664	99.97
m21038_251017_072935/86251429/ccs	0.999626	34.2713	9940	99.52
m21038_251017_072935/181600579/ccs	0.999451	32.6043	9452	99.97
m21038_251017_072935/95360299/ccs	0.999995	53.0103	8798	99.65
m21038_250916_080352/86640337/ccs	0.999929	41.4874	8376	99.65
m21038_251017_072935/80811670/ccs	0.999985	48.2391	6914	99.61
m21038_250916_080352/195625456/ccs	0.999993	51.549	8457	99.65
m21038_250916_080352/110231667/ccs	0.997093	25.3655	5269	99.58
m21038_250916_080352/16320837/ccs	0.999968	44.9485	6837	99.96
m21038_251017_072935/152699719/ccs	0.999994	52.2185	7262	99.64
m21038_251017_072935/20580476/ccs	0.99978	36.5758	6285	99.70
m21038_250916_080352/157876679/ccs	0.999597	33.9469	20021	98.65
m21038_251017_072935/170918673/ccs	0.995185	23.174	7621	99.55
m21038_250916_080352/78778930/ccs	0.996966	25.1798	10308	98.79
m21038_251017_072935/72942093/ccs	0.999849	38.2102	8974	99.15
m21038_251017_072935/236650820/ccs	0.998087	27.1829	8290	99.16
m21038_250916_080352/33296856/ccs	0.999396	32.1896	8746	99.01
m21038_251017_072935/101388611/ccs	0.999999	60	6493	99.09
m21038_251017_072935/198444734/ccs	0.999963	44.318	5736	98.99
m21038_251017_072935/140053155/ccs	0.99773	26.4397	6184	99.29
m21038_251017_072935/54461948/ccs	0.999917	40.8092	8625	98.90
m21038_250916_080352/114167281/ccs	0.999966	44.6852	6137	99.10
m21038_251017_072935/74386212/ccs	0.991159	20.535	7618	98.78
m21038_250916_080352/179766432/ccs	0.999829	37.67	4099	99.22
m21038_251017_072935/122096994/ccs	1	60	4151	99.23
m21038_251017_072935/73338095/ccs	1	60	3742	99.14
m21038_250916_080352/117378583/ccs	0.999972	45.5284	11098	98.89
m21038_250916_080352/95557251/ccs	0.999678	34.9214	3927	99.24
m21038_250916_080352/12783034/ccs	0.999941	42.2915	8482	99.98
m21038_251017_072935/103683289/ccs	0.99962	34.2022	20446	98.99
m21038_250916_080352/68750024/ccs	0.999992	50.9691	9888	99.98
m21038_250916_080352/107747104/ccs	0.998061	27.1242	4261	99.22
m21038_250916_080352/246023704/ccs	1	60	3370	99.38
m21038_250916_080352/257163358/ccs	0.99978	36.5758	12879	98.53
m21038_251017_072935/84476015/ccs	0.999993	51.549	5849	99.98
m21038_250916_080352/118100513/ccs	0.99342	21.8177	3166	99.40
m21038_250916_080352/109841062/ccs	0.997433	25.9057	3945	99.52
m21038_250916_080352/246678230/ccs	0.999999	60	3960	100.00
m21038_250916_080352/202639776/ccs	1	60	7131	98.76
m21038_250916_080352/28577515/ccs	0.999975	46.0206	8834	98.50
m21038_250916_080352/79303672/ccs	0.999328	31.7263	8183	98.43
m21038_250916_080352/92999635/ccs	0.997623	26.2397	21199	98.46
m21038_251017_072935/117445145/ccs	0.999137	30.6399	4164	98.99
m21038_250916_080352/227542490/ccs	0.993457	21.8422	7940	98.67
m21038_250916_080352/166920706/ccs	0.999633	34.3533	1776	99.83
m21038_251017_072935/28511385/ccs	0.999814	37.3049	11715	98.83
m21038_251017_072935/232129801/ccs	0.999997	55.2288	5955	98.72
m21038_250916_080352/11014008/ccs	0.999976	46.1979	5085	98.50
m21038_250916_080352/105517154/ccs	0.99424	22.3958	19429	98.30
m21038_250916_080352/171640471/ccs	0.999768	36.3451	14922	98.34
m21038_251017_072935/263192781/ccs	0.999976	46.1979	10191	98.31
m21038_250916_080352/200214196/ccs	0.999688	35.0585	7899	99.99
m21038_250916_080352/66852438/ccs	0.99994	42.2185	14942	98.32
m21038_251017_072935/35656431/ccs	0.999999	60	5308	98.38
m21038_250916_080352/133171925/ccs	0.999995	53.0103	8406	98.65
m21038_251017_072935/238685126/ccs	1	60	5987	99.98
m21038_251017_072935/70325166/ccs	0.999959	43.8722	5095	99.98
m21038_250916_080352/223938638/ccs	0.999392	32.161	12928	98.17
m21038_251017_072935/155058238/ccs	0.992485	21.2407	24545	98.21
m21038_251017_072935/113904349/ccs	0.999925	41.2494	4254	100.00
m21038_251017_072935/82515323/ccs	0.999961	44.0894	7533	99.93
m21038_251017_072935/128586440/ccs	0.999466	32.7246	7539	98.35
m21038_250916_080352/69211751/ccs	0.99986	38.5387	3121	100.00
m21038_250916_080352/149291033/ccs	0.999076	30.3433	8289	100.00
m21038_251017_072935/72287712/ccs	0.999959	43.8722	3075	100.00
m21038_250916_080352/213254596/ccs	0.999741	35.867	22374	98.23
m21038_251017_072935/163448537/ccs	0.999969	45.0864	5431	99.93
m21038_251017_072935/115214667/ccs	0.99997	45.2288	8503	100.00
m21038_251017_072935/200149805/ccs	0.999569	33.6552	6703	100.00
m21038_250916_080352/109708005/ccs	0.999957	43.6653	4741	98.96
m21038_250916_080352/26153816/ccs	0.999606	34.045	2916	98.28
m21038_250916_080352/90638760/ccs	0.999973	45.6864	3330	99.04
m21038_251017_072935/209453771/ccs	0.999997	55.2288	4503	98.64
m21038_251017_072935/137234322/ccs	0.999977	46.3827	3373	100.00
m21038_251017_072935/99877240/ccs	1	60	4435	100.00
m21038_250916_080352/13566119/ccs	0.999997	55.2288	4558	100.00
m21038_250916_080352/215810921/ccs	0.999995	53.0103	4153	100.00
m21038_250916_080352/239799090/ccs	0.999804	37.0774	10723	98.26
m21038_251017_072935/55644166/ccs	0.999973	45.6864	10586	98.25
m21038_251017_072935/46402152/ccs	0.998838	29.3479	13085	98.25
m21038_251017_072935/174915855/ccs	1	60	1992	98.14
m21038_251017_072935/115148739/ccs	0.999992	50.9691	4478	98.38
m21038_250916_080352/41228059/ccs	0.999986	48.5387	14184	99.52
m21038_250916_080352/232654204/ccs	0.999958	43.7675	13989	99.49
m21038_250916_080352/233768623/ccs	0.999968	44.9485	8198	99.30
m21038_250916_080352/139921554/ccs	0.999723	35.5752	13555	99.50
m21038_250916_080352/107348185/ccs	0.995609	23.5744	7934	99.26
m21038_251017_072935/59642414/ccs	0.9998	36.9897	14277	99.51
m21038_250916_080352/245367000/ccs	0.999679	34.9349	20723	99.58
m21038_250916_080352/53609346/ccs	0.999685	35.0169	20268	99.57
m21038_250916_080352/77988302/ccs	0.999889	39.5468	15449	99.51
m21038_250916_080352/180291024/ccs	0.999281	31.4327	12715	99.51
m21038_251017_072935/161480891/ccs	0.999852	38.2974	17659	99.54
m21038_251017_072935/91816442/ccs	0.998842	29.3629	15484	99.52
m21038_251017_072935/104465135/ccs	0.998305	27.7083	10349	99.45
m21038_250916_080352/65474250/ccs	1	60	7202	99.32
m21038_250916_080352/62458546/ccs	0.999733	35.7349	8828	99.58
m21038_250916_080352/110625432/ccs	0.999927	41.3668	9313	99.60
m21038_250916_080352/85787449/ccs	0.998325	27.7599	11186	99.42
m21038_250916_080352/108855895/ccs	0.999991	50.4576	6945	99.51
m21038_251017_072935/266472225/ccs	0.996231	24.2377	24862	99.58
m21038_251017_072935/208668807/ccs	0.999984	47.9588	11777	99.63
m21038_250916_080352/134289026/ccs	0.999983	47.6955	11900	99.67
m21038_250916_080352/189072410/ccs	0.999871	38.8941	8957	99.63
m21038_250916_080352/174327708/ccs	0.999844	38.0688	12477	99.66
m21038_250916_080352/246220254/ccs	0.999984	47.9588	7557	99.56
m21038_250916_080352/122945982/ccs	0.999697	35.1856	10401	99.66
m21038_251017_072935/106236395/ccs	1	60	4983	99.56
m21038_251017_072935/58460327/ccs	0.999844	38.0688	18769	99.67
m21038_251017_072935/67437227/ccs	0.999672	34.8413	23841	99.63
m21038_251017_072935/36504812/ccs	0.999861	38.5699	3860	99.56
m21038_251017_072935/260901257/ccs	0.999828	37.6447	10719	99.76
m21038_250916_080352/136580103/ccs	0.999969	45.0864	2793	99.68
m21038_251017_072935/65342571/ccs	0.999993	51.549	10214	99.76
m21038_250916_080352/35128287/ccs	0.995958	23.934	4218	99.69
m21038_251017_072935/73335535/ccs	1	60	4264	99.72
m21038_251017_072935/203885001/ccs	1	60	7790	99.83
m21038_251017_072935/72422068/ccs	1	60	4253	99.72
m21038_250916_080352/248580605/ccs	0.999434	32.4718	4046	99.75
m21038_250916_080352/76285309/ccs	0.999965	44.5593	4501	99.71
m21038_250916_080352/78973431/ccs	0.999999	60	2594	99.77
m21038_250916_080352/56428894/ccs	0.99964	34.437	3586	99.69
m21038_251017_072935/49745238/ccs	0.998998	29.9913	25835	99.58
m21038_251017_072935/109251143/ccs	0.999509	33.0892	3506	99.71
m21038_251017_072935/223807906/ccs	0.996951	25.1584	24803	99.54
m21038_250916_080352/86049702/ccs	0.998566	28.4345	4917	99.73
m21038_250916_080352/7604896/ccs	0.999839	37.9317	18513	99.71
m21038_250916_080352/102108152/ccs	0.999473	32.7819	9823	99.77
m21038_250916_080352/90965840/ccs	0.999907	40.3152	6560	99.83
m21038_251017_072935/80349118/ccs	0.998909	29.6218	17456	99.71
m21038_251017_072935/75239594/ccs	0.998305	27.7083	6251	99.73
m21038_250916_080352/15930472/ccs	1	60	3577	99.78
m21038_250916_080352/37753996/ccs	0.998722	28.9347	26294	99.56
m21038_251017_072935/59181844/ccs	0.999612	34.1117	7759	99.82
m21038_251017_072935/113250948/ccs	0.99907	30.3152	20849	99.67
m21038_250916_080352/8459395/ccs	0.994666	22.7295	10397	99.75
m21038_251017_072935/134483274/ccs	0.999805	37.0997	19748	99.58
m21038_251017_072935/74060874/ccs	0.999958	43.7675	4770	99.81
m21038_251017_072935/137628623/ccs	1	60	4142	99.78
m21038_250916_080352/9638227/ccs	0.999576	33.7263	22389	99.59
m21038_250916_080352/104926095/ccs	0.999971	45.376	5316	99.39
