read_id	rq	qv	read_length	iden
m21038_250919_092912/98702437/ccs	0.992033	20.9871	35673	99.27
m21038_250919_092912/67047251/ccs	0.996614	24.7031	20783	99.74
m21038_250919_092912/19792857/ccs	0.999119	30.5502	11707	98.87
m21038_251021_063356/49549450/ccs	0.999788	36.7366	3240	99.94
m21038_251021_063356/88214697/ccs	0.99991	40.4576	9341	99.90
m21038_250919_092912/147456350/ccs	0.998247	27.5622	14387	99.80
m21038_251021_063356/102437174/ccs	0.993987	22.2091	3782	99.95
m21038_251021_063356/170593002/ccs	0.999898	39.914	8342	99.93
m21038_250919_092912/154206313/ccs	0.999989	49.5861	4696	99.00
m21038_251021_063356/123343547/ccs	0.999975	46.0206	12749	99.39
m21038_251021_063356/131536599/ccs	0.999924	41.1919	10729	99.93
m21038_250919_092912/93000397/ccs	0.999882	39.2812	6405	99.00
m21038_250919_092912/62330112/ccs	0.999419	32.3582	6354	99.02
m21038_250919_092912/69535565/ccs	0.999836	37.8516	18685	99.10
m21038_251021_063356/171381299/ccs	0.999759	36.1798	18521	99.10
m21038_251021_063356/51255082/ccs	0.999577	33.7366	12311	99.42
m21038_251021_063356/101061611/ccs	0.999901	40.0436	19053	99.69
m21038_250919_092912/23266589/ccs	0.999975	46.0206	11661	99.91
m21038_251021_063356/79168819/ccs	0.999978	46.5758	6727	99.94
m21038_251021_063356/12586546/ccs	0.999993	51.549	4193	99.93
m21038_250919_092912/184749121/ccs	0.999807	37.1444	11528	99.11
m21038_250919_092912/47385888/ccs	0.999277	31.4086	5271	99.11
m21038_251021_063356/195105494/ccs	0.999966	44.6852	3891	99.07
m21038_250919_092912/169937134/ccs	0.99107	20.4915	4525	99.82
m21038_250919_092912/165154043/ccs	0.999441	32.5259	8373	99.93
m21038_250919_092912/106104611/ccs	0.999998	56.9897	4940	99.05
m21038_250919_092912/146411483/ccs	0.997343	25.7561	7236	99.93
m21038_251021_063356/12719076/ccs	0.999994	52.2185	3242	99.94
m21038_250919_092912/127273685/ccs	0.995558	23.5242	12020	99.55
m21038_250919_092912/179112716/ccs	0.992649	21.3365	7032	99.93
m21038_250919_092912/27656552/ccs	0.999994	52.2185	6471	99.92
m21038_250919_092912/182522568/ccs	0.999706	35.3165	8326	99.92
m21038_250919_092912/115345018/ccs	0.992354	21.1657	14162	99.66
m21038_251021_063356/16253064/ccs	0.999972	45.5284	11004	99.85
m21038_251021_063356/187892099/ccs	1	60	4305	99.91
m21038_250919_092912/247529769/ccs	1	60	4860	99.92
m21038_250919_092912/104861757/ccs	0.999984	47.9588	10534	99.57
m21038_251021_063356/147523210/ccs	0.999545	33.4199	14710	99.72
m21038_251021_063356/176949587/ccs	1	60	3890	99.90
m21038_250919_092912/41619771/ccs	0.999829	37.67	5194	99.92
m21038_251021_063356/83690995/ccs	0.999986	48.5387	10399	99.83
m21038_250919_092912/9177247/ccs	0.999941	42.2915	14041	99.69
m21038_250919_092912/102761311/ccs	0.999538	33.3536	4522	99.91
m21038_250919_092912/91427014/ccs	0.999985	48.2391	3007	99.87
m21038_251021_063356/32050417/ccs	0.999798	36.9465	16310	99.74
m21038_250919_092912/77206625/ccs	0.999377	32.0551	9371	99.86
m21038_250919_092912/8719989/ccs	0.999993	51.549	7436	98.67
m21038_250919_092912/34931868/ccs	0.999982	47.4473	10148	99.54
m21038_250919_092912/13633000/ccs	0.999766	36.3078	8344	98.85
m21038_251021_063356/160172025/ccs	0.99746	25.9517	16267	99.63
m21038_251021_063356/212796695/ccs	0.999669	34.8017	13854	99.72
m21038_250919_092912/14550379/ccs	0.999325	31.707	13148	99.70
m21038_251021_063356/64094524/ccs	0.999927	41.3668	6977	99.90
m21038_250919_092912/222826390/ccs	0.999516	33.1515	5870	99.91
m21038_250919_092912/135400552/ccs	0.999911	40.5061	14288	99.71
m21038_251021_063356/26416064/ccs	0.998769	29.0974	6579	99.89
m21038_250919_092912/70522146/ccs	0.999552	33.4872	3982	99.90
m21038_250919_092912/146998305/ccs	0.999779	36.5561	6399	99.91
m21038_251021_063356/9967375/ccs	0.999999	60	7224	99.18
m21038_251021_063356/203296426/ccs	0.999886	39.431	9316	99.67
m21038_250919_092912/157417890/ccs	0.99992	40.9691	6050	99.12
m21038_251021_063356/158927795/ccs	1	60	4366	99.93
m21038_251021_063356/103681126/ccs	0.999567	33.6351	3598	98.77
m21038_251021_063356/240977251/ccs	0.999964	44.437	3790	98.83
m21038_251021_063356/60424531/ccs	1	60	3494	98.76
m21038_250919_092912/123013080/ccs	0.999987	48.8606	4018	99.06
m21038_250919_092912/229246765/ccs	0.99428	22.426	3434	99.24
m21038_251021_063356/141103940/ccs	0.999954	43.3724	4147	99.90
m21038_250919_092912/142413451/ccs	1	60	3595	99.94
m21038_250919_092912/71701246/ccs	0.999853	38.3268	5349	99.33
m21038_250919_092912/101059159/ccs	0.996991	25.2158	11896	99.65
m21038_251021_063356/42535420/ccs	1	60	4787	99.73
m21038_250919_092912/125109907/ccs	0.998466	28.1417	10007	99.65
m21038_250919_092912/219023642/ccs	0.996337	24.3616	3783	98.97
m21038_250919_092912/69211057/ccs	0.997641	26.2727	5412	98.48
m21038_250919_092912/199361520/ccs	0.999997	55.2288	4315	98.26
m21038_250919_092912/127406633/ccs	0.999529	33.2698	5342	99.01
m21038_250919_092912/102502352/ccs	0.999999	60	4039	99.18
m21038_251021_063356/44433567/ccs	0.994929	22.9491	30386	99.80
m21038_250919_092912/148115001/ccs	0.994501	22.5972	26821	99.80
m21038_251021_063356/235471484/ccs	0.999517	33.1605	22946	99.92
m21038_251021_063356/165090903/ccs	0.999451	32.6043	27829	99.92
m21038_251021_063356/39653001/ccs	0.998647	28.687	28170	99.71
m21038_251021_063356/155582901/ccs	0.99955	33.4679	23970	99.93
m21038_251021_063356/154865945/ccs	0.999597	33.9469	23208	99.93
m21038_251021_063356/177803955/ccs	0.999537	33.3442	19878	99.91
m21038_251021_063356/144840313/ccs	0.999728	35.6543	22162	99.92
m21038_250919_092912/81401344/ccs	0.99893	29.7062	3134	99.87
m21038_250919_092912/58856091/ccs	0.997074	25.3373	30504	99.90
m21038_251021_063356/89721421/ccs	0.99879	29.1721	32671	99.75
m21038_251021_063356/68094911/ccs	0.999575	33.7161	19977	99.92
m21038_250919_092912/125964758/ccs	0.998855	29.4119	7932	99.94
m21038_251021_063356/130356058/ccs	0.999828	37.6447	19642	99.92
m21038_250919_092912/50201738/ccs	0.999875	39.0309	8984	99.91
m21038_251021_063356/76222599/ccs	0.999797	36.925	16055	99.92
m21038_251021_063356/142415113/ccs	0.999756	36.1261	24318	99.93
m21038_250919_092912/23070038/ccs	0.9997	35.2288	22100	99.93
m21038_251021_063356/38666619/ccs	0.999715	35.4516	28848	99.93
m21038_251021_063356/214696664/ccs	0.994376	22.4995	21715	99.74
m21038_251021_063356/69141262/ccs	0.999606	34.045	18555	99.92
m21038_250919_092912/219480220/ccs	0.99994	42.2185	17016	99.94
m21038_250919_092912/104268531/ccs	0.998102	27.217	22979	99.77
m21038_251021_063356/267190795/ccs	0.996208	24.2113	19827	99.81
m21038_251021_063356/205196266/ccs	1	60	2936	98.36
m21038_251021_063356/162336682/ccs	1	60	5043	97.42
m21038_251021_063356/241435341/ccs	0.999961	44.0894	2832	100.00
m21038_251021_063356/145228916/ccs	0.997236	25.5846	7291	99.88
m21038_250919_092912/202380093/ccs	0.99996	43.9794	5310	99.91
m21038_251021_063356/84151312/ccs	0.990105	20.0458	20510	99.66
m21038_250919_092912/203625732/ccs	0.999812	37.2584	15928	99.93
m21038_250919_092912/178525286/ccs	0.995736	23.7018	3911	99.82
m21038_250919_092912/62915313/ccs	0.994607	22.6817	15887	99.85
m21038_251021_063356/195366082/ccs	0.999975	46.0206	8785	99.90
m21038_250919_092912/168234258/ccs	0.994573	22.6544	12106	99.85
m21038_251021_063356/113316518/ccs	0.992014	20.9767	16044	99.83
m21038_251021_063356/70058441/ccs	0.994081	22.2775	11705	99.63
m21038_251021_063356/154800141/ccs	0.998698	28.8539	29399	99.84
m21038_250919_092912/41486595/ccs	0.999682	34.9757	22728	99.85
m21038_250919_092912/204472965/ccs	0.999903	40.1323	12194	99.94
m21038_251021_063356/227346904/ccs	0.999663	34.7237	20660	99.93
m21038_251021_063356/190518958/ccs	0.997559	26.1243	10486	99.70
m21038_251021_063356/88937475/ccs	0.999929	41.4874	7300	99.95
m21038_251021_063356/223871206/ccs	0.999955	43.4679	4872	99.92
m21038_250919_092912/134873280/ccs	0.999941	42.2915	9718	99.95
m21038_250919_092912/83890177/ccs	0.999931	41.6115	3299	99.91
m21038_250919_092912/117506723/ccs	0.999476	32.8067	4057	99.93
m21038_250919_092912/1771282/ccs	0.998822	29.2885	29647	99.94
m21038_251021_063356/3736620/ccs	0.999944	42.5181	7182	99.97
m21038_250919_092912/215160119/ccs	0.999443	32.5414	23787	99.89
m21038_250919_092912/66257070/ccs	0.99982	37.4473	20991	99.95
m21038_251021_063356/41812648/ccs	0.999098	30.4479	23041	99.88
m21038_251021_063356/142739356/ccs	0.99858	28.4771	20532	99.94
m21038_251021_063356/202309860/ccs	0.99996	43.9794	16962	99.94
m21038_250919_092912/90374874/ccs	0.99998	46.9897	9364	99.97
m21038_251021_063356/102499675/ccs	0.999987	48.8606	7292	99.96
m21038_250919_092912/178061433/ccs	0.997654	26.2967	4336	99.98
m21038_251021_063356/238422450/ccs	0.999808	37.167	14001	99.96
m21038_250919_092912/76809608/ccs	0.999707	35.3313	16421	99.95
m21038_251021_063356/133567191/ccs	0.996797	24.9444	30222	99.93
m21038_250919_092912/20448568/ccs	0.999958	43.7675	10855	99.96
m21038_251021_063356/246023337/ccs	0.999841	37.986	4043	99.98
m21038_251021_063356/71505461/ccs	0.999902	40.0877	7609	99.97
m21038_250919_092912/215613928/ccs	0.996212	24.2159	7719	99.99
m21038_250919_092912/159189560/ccs	0.999995	53.0103	6430	99.97
m21038_251021_063356/133697186/ccs	0.998944	29.7634	20447	99.96
m21038_250919_092912/220206835/ccs	0.999656	34.6344	9808	99.97
m21038_251021_063356/154535287/ccs	0.993153	21.645	2599	99.88
m21038_250919_092912/124980165/ccs	0.999999	60	3425	99.97
m21038_250919_092912/162991064/ccs	0.999225	31.107	3237	100.00
m21038_251021_063356/109183105/ccs	0.999931	41.6115	17305	99.95
m21038_250919_092912/211421391/ccs	0.999879	39.1721	17336	99.95
m21038_251021_063356/178656420/ccs	0.99999	50	6082	99.98
m21038_251021_063356/162596708/ccs	0.999966	44.6852	11128	99.97
m21038_251021_063356/37492630/ccs	0.999859	38.5078	11277	99.96
m21038_251021_063356/114297815/ccs	0.999661	34.698	16207	99.95
m21038_251021_063356/115147932/ccs	0.999127	30.5899	18912	99.88
m21038_250919_092912/77201762/ccs	0.998609	28.5667	13409	99.96
m21038_251021_063356/234163133/ccs	0.999975	46.0206	11350	99.96
m21038_251021_063356/35195332/ccs	1	60	5074	99.98
m21038_250919_092912/78055803/ccs	0.999938	42.0761	12839	99.95
m21038_251021_063356/55643895/ccs	0.999949	42.9243	10677	99.95
m21038_250919_092912/166200494/ccs	0.997827	26.6294	25834	99.93
m21038_251021_063356/147918298/ccs	0.999885	39.393	8341	99.94
m21038_251021_063356/168496170/ccs	0.999905	40.2228	4397	99.98
m21038_251021_063356/149162141/ccs	0.99998	46.9897	5347	99.96
m21038_251021_063356/265488939/ccs	0.99999	50	6925	99.96
m21038_251021_063356/212536264/ccs	0.997018	25.2549	9329	99.90
m21038_251021_063356/116853304/ccs	0.998231	27.5227	13804	99.89
m21038_250919_092912/187826942/ccs	1	60	4091	99.95
m21038_251021_063356/40175522/ccs	0.999781	36.5956	17913	99.95
m21038_250919_092912/155128225/ccs	0.999208	31.0127	17164	99.85
m21038_250919_092912/186717545/ccs	1	60	4441	99.98
m21038_250919_092912/159779124/ccs	0.999999	60	4879	99.98
m21038_251021_063356/172299145/ccs	0.999675	34.8812	8760	99.89
m21038_251021_063356/143986937/ccs	1	60	5706	99.95
m21038_250919_092912/199754192/ccs	1	60	4301	99.95
m21038_250919_092912/203691151/ccs	0.999819	37.4232	5567	99.95
m21038_250919_092912/137106795/ccs	0.999732	35.7187	5723	99.95
m21038_250919_092912/115672596/ccs	0.999789	36.7572	12351	99.89
m21038_250919_092912/195887851/ccs	1	60	4327	99.93
m21038_251021_063356/128190771/ccs	1	60	3814	99.95
m21038_251021_063356/46073312/ccs	0.999125	30.5799	2714	99.96
m21038_250919_092912/100012581/ccs	0.999806	37.122	7934	99.94
m21038_251021_063356/198051893/ccs	0.999523	33.2148	18453	99.95
m21038_251021_063356/94638723/ccs	0.998848	29.3855	19920	99.86
m21038_250919_092912/104532299/ccs	0.999994	52.2185	5384	99.94
m21038_251021_063356/98961884/ccs	0.999921	41.0237	10838	99.93
m21038_251021_063356/102499244/ccs	0.999445	32.5571	4503	99.93
m21038_251021_063356/208929008/ccs	0.999623	34.2366	22143	99.94
m21038_250919_092912/42667430/ccs	0.999858	38.4771	12559	99.85
m21038_251021_063356/135728125/ccs	0.995128	23.1229	8399	99.83
m21038_251021_063356/25628670/ccs	0.999948	42.84	11040	99.87
m21038_250919_092912/22544955/ccs	0.999302	31.5614	23136	99.94
m21038_250919_092912/49353600/ccs	0.999796	36.9037	4093	99.93
m21038_251021_063356/151328582/ccs	0.999997	55.2288	5639	99.96
m21038_251021_063356/13631684/ccs	0.999874	38.9963	19416	99.95
m21038_250919_092912/24711070/ccs	0.999954	43.3724	4262	99.95
m21038_251021_063356/113115964/ccs	0.998487	28.2016	30307	99.91
m21038_250919_092912/6361047/ccs	0.99997	45.2288	10181	99.93
m21038_250919_092912/77073671/ccs	0.999993	51.549	9211	99.92
m21038_250919_092912/22875032/ccs	1	60	2608	99.92
m21038_250919_092912/150080860/ccs	0.999827	37.6195	15138	99.95
m21038_251021_063356/79369796/ccs	0.999687	35.0446	6105	99.89
m21038_250919_092912/231803448/ccs	0.996962	25.1741	22642	99.93
m21038_250919_092912/257886570/ccs	0.999987	48.8606	8883	99.92
m21038_251021_063356/246415601/ccs	0.999995	53.0103	4253	99.88
m21038_250919_092912/116002155/ccs	0.999857	38.4466	4234	99.86
m21038_250919_092912/128516832/ccs	0.999962	44.2022	4274	99.93
m21038_250919_092912/49284849/ccs	0.999991	50.4576	4429	99.82
m21038_251021_063356/34537931/ccs	0.999996	53.9794	3817	99.92
m21038_250919_092912/123213089/ccs	0.999114	30.5257	25090	99.94
m21038_250919_092912/194579490/ccs	0.999969	45.0864	10965	99.84
m21038_250919_092912/165025328/ccs	1	60	8456	99.93
m21038_250919_092912/88018492/ccs	0.996958	25.1684	8468	99.91
m21038_251021_063356/152113786/ccs	1	60	4423	99.82
m21038_250919_092912/161223849/ccs	0.999944	42.5181	17272	99.94
m21038_250919_092912/115937842/ccs	0.997596	26.1907	16623	99.82
m21038_250919_092912/42407642/ccs	0.99986	38.5387	4747	99.85
m21038_250919_092912/114756462/ccs	0.999742	35.8838	7074	99.84
m21038_250919_092912/10163192/ccs	0.99939	32.1467	5504	99.84
m21038_251021_063356/141038943/ccs	0.999994	52.2185	11742	99.82
m21038_251021_063356/104404866/ccs	0.999895	39.7881	5215	99.90
m21038_251021_063356/164823963/ccs	1	60	3396	99.82
m21038_250919_092912/81003133/ccs	0.999873	38.962	4137	99.95
m21038_250919_092912/196480356/ccs	0.99997	45.2288	8646	99.93
m21038_251021_063356/153423454/ccs	0.999261	31.3136	4933	99.90
m21038_250919_092912/69339053/ccs	1	60	4082	99.88
m21038_251021_063356/54464747/ccs	0.999615	34.1454	4543	99.80
m21038_250919_092912/7802951/ccs	0.999973	45.6864	2755	99.93
m21038_251021_063356/60754476/ccs	0.99914	30.655	8904	99.77
m21038_251021_063356/55315001/ccs	0.999954	43.3724	8435	99.94
m21038_250919_092912/62981331/ccs	0.992463	21.228	10608	99.68
m21038_251021_063356/12191863/ccs	0.999835	37.8252	12777	99.95
m21038_250919_092912/259982449/ccs	0.999984	47.9588	6690	99.93
m21038_251021_063356/72220783/ccs	0.999962	44.2022	7602	99.86
m21038_251021_063356/163320067/ccs	0.997857	26.6898	11260	99.82
m21038_251021_063356/16913327/ccs	0.999999	60	3593	99.92
m21038_250919_092912/21042281/ccs	0.999922	41.0791	13961	99.94
m21038_251021_063356/53280890/ccs	0.999998	56.9897	7195	99.85
m21038_251021_063356/7540434/ccs	0.999963	44.318	4487	99.84
m21038_251021_063356/14615072/ccs	0.999919	40.9151	8170	99.95
m21038_251021_063356/188224954/ccs	0.996624	24.716	4582	99.93
m21038_250919_092912/134746330/ccs	0.999991	50.4576	8137	99.95
m21038_250919_092912/110821704/ccs	0.99999	50	5139	99.92
m21038_251021_063356/235078186/ccs	0.999654	34.6092	10587	99.83
m21038_251021_063356/158600022/ccs	0.999978	46.5758	3589	99.92
m21038_251021_063356/155847201/ccs	0.999283	31.4448	17500	99.94
m21038_250919_092912/151979249/ccs	0.997046	25.2959	20405	99.94
m21038_250919_092912/218825860/ccs	0.999916	40.7572	3410	99.82
m21038_250919_092912/17045046/ccs	0.999999	60	4273	99.98
m21038_250919_092912/184096025/ccs	0.999513	33.1247	4518	99.98
m21038_251021_063356/52692648/ccs	0.999987	48.8606	5475	99.98
m21038_251021_063356/102433616/ccs	0.999973	45.6864	3047	99.97
m21038_251021_063356/124453228/ccs	0.999355	31.9044	21777	99.80
m21038_251021_063356/100667044/ccs	0.999952	43.1876	13315	99.83
m21038_250919_092912/120654683/ccs	0.99999	50	7942	99.97
m21038_251021_063356/232196456/ccs	0.999999	60	3380	99.85
m21038_250919_092912/73795186/ccs	0.999625	34.2597	11359	99.81
m21038_251021_063356/12521473/ccs	0.999479	32.8316	12555	99.83
m21038_251021_063356/32378290/ccs	0.999957	43.6653	4839	99.98
m21038_251021_063356/201196398/ccs	0.999997	55.2288	7109	99.82
m21038_251021_063356/57740210/ccs	0.999652	34.5842	5927	99.81
m21038_250919_092912/141235133/ccs	0.99998	46.9897	10703	99.80
m21038_251021_063356/76744164/ccs	0.996767	24.9039	4729	99.98
m21038_251021_063356/42206839/ccs	0.999995	53.0103	6725	99.81
m21038_250919_092912/221124091/ccs	0.999974	45.8503	10776	99.94
m21038_250919_092912/217387959/ccs	0.99998	46.9897	9301	99.94
m21038_251021_063356/142479186/ccs	0.999787	36.7162	3011	99.97
m21038_250919_092912/70847403/ccs	0.99968	34.9485	3897	99.97
m21038_251021_063356/238488416/ccs	0.999988	49.2082	7042	99.83
m21038_251021_063356/180684583/ccs	0.999973	45.6864	10131	99.82
m21038_250919_092912/211486633/ccs	0.99995	43.0103	12473	99.95
m21038_250919_092912/65278629/ccs	0.999943	42.4413	3628	100.00
m21038_250919_092912/177865066/ccs	0.999979	46.7778	5269	99.81
m21038_250919_092912/24446083/ccs	0.998883	29.5195	25996	99.95
m21038_251021_063356/170659704/ccs	0.997683	26.3507	4164	99.98
m21038_251021_063356/157354713/ccs	1	60	6285	99.82
m21038_250919_092912/187503731/ccs	0.995106	23.1034	18580	99.85
m21038_250919_092912/186122689/ccs	1	60	6264	99.97
m21038_251021_063356/45878216/ccs	1	60	5260	99.98
m21038_250919_092912/150212560/ccs	0.999956	43.5655	3640	99.97
m21038_251021_063356/131729857/ccs	0.999991	50.4576	6889	99.93
m21038_250919_092912/88281446/ccs	0.999996	53.9794	3912	99.97
m21038_250919_092912/154600266/ccs	0.999984	47.9588	10897	99.83
m21038_250919_092912/169612646/ccs	0.999933	41.7393	16657	99.80
m21038_250919_092912/225642536/ccs	0.998987	29.9439	25365	99.94
m21038_250919_092912/114364736/ccs	0.999287	31.4691	3391	99.97
m21038_250919_092912/236257937/ccs	0.999374	32.0343	23501	99.95
m21038_251021_063356/45551671/ccs	0.99995	43.0103	10252	99.87
m21038_251021_063356/138346726/ccs	0.999841	37.986	19083	99.82
m21038_251021_063356/95617364/ccs	0.99992	40.9691	5530	99.91
m21038_250919_092912/176490518/ccs	0.9991	30.4576	13211	99.95
m21038_250919_092912/157423093/ccs	0.999977	46.3827	6793	99.93
m21038_251021_063356/25630637/ccs	0.99995	43.0103	12141	99.94
m21038_250919_092912/48760697/ccs	0.998189	27.4208	5066	99.82
m21038_251021_063356/38928733/ccs	0.999573	33.6957	10158	99.85
m21038_250919_092912/222889754/ccs	0.999997	55.2288	4634	99.91
m21038_250919_092912/34668894/ccs	0.999849	38.2102	17523	99.95
m21038_251021_063356/96600180/ccs	0.998816	29.2665	11786	99.92
m21038_250919_092912/182585961/ccs	0.99999	50	6712	99.93
m21038_251021_063356/236979605/ccs	0.999071	30.3198	18289	99.81
m21038_251021_063356/2233361/ccs	0.998536	28.3446	27131	99.93
m21038_250919_092912/25040555/ccs	0.995615	23.5803	19901	99.81
m21038_251021_063356/148903396/ccs	0.999947	42.7572	9719	99.83
m21038_251021_063356/43911849/ccs	1	60	3324	99.88
m21038_250919_092912/82708148/ccs	0.999988	49.2082	4399	99.91
m21038_250919_092912/9437939/ccs	0.999617	34.168	22727	99.96
m21038_250919_092912/14159791/ccs	0.999554	33.5067	7011	99.87
m21038_251021_063356/102761593/ccs	0.999978	46.5758	6780	99.87
m21038_250919_092912/3936619/ccs	0.999422	32.3807	9128	99.81
m21038_250919_092912/149165197/ccs	0.999694	35.1428	10352	99.79
m21038_250919_092912/234621175/ccs	0.999154	30.7263	12434	99.78
m21038_250919_092912/92603838/ccs	0.999602	34.0012	15335	99.93
m21038_251021_063356/40502099/ccs	0.999698	35.1999	17680	99.93
m21038_250919_092912/137365443/ccs	0.999985	48.2391	4795	99.83
m21038_250919_092912/62980882/ccs	0.997197	25.5238	33042	99.94
m21038_250919_092912/235276688/ccs	0.999945	42.5964	7775	99.94
m21038_250919_092912/212730049/ccs	0.999995	53.0103	3858	99.82
m21038_250919_092912/199559471/ccs	0.999943	42.4413	13975	99.95
m21038_250919_092912/204017772/ccs	0.999438	32.5026	12923	99.95
m21038_250919_092912/88408524/ccs	0.999778	36.5365	18715	99.95
m21038_250919_092912/137565235/ccs	0.999985	48.2391	11745	99.94
m21038_250919_092912/258214678/ccs	0.99908	30.3621	8368	99.98
m21038_250919_092912/151062927/ccs	0.999922	41.0791	2926	99.97
m21038_251021_063356/90706730/ccs	0.997308	25.6992	8305	99.95
m21038_251021_063356/45943110/ccs	0.999257	31.2901	5587	99.96
m21038_251021_063356/258736982/ccs	0.999034	30.1502	15730	99.95
m21038_250919_092912/239798589/ccs	0.999855	38.3863	15623	99.84
m21038_250919_092912/129371239/ccs	0.999989	49.5861	5388	99.96
m21038_251021_063356/192024153/ccs	0.999993	51.549	4615	99.87
m21038_250919_092912/160628956/ccs	0.999982	47.4473	5778	99.83
m21038_251021_063356/215286272/ccs	1	60	3266	99.94
m21038_250919_092912/145228477/ccs	0.999153	30.7212	25504	99.93
m21038_250919_092912/177673528/ccs	0.999863	38.6328	13792	99.94
m21038_250919_092912/232523319/ccs	0.998317	27.7392	4821	99.96
m21038_250919_092912/96272748/ccs	0.999988	49.2082	7447	99.93
m21038_250919_092912/86905046/ccs	0.999835	37.8252	5052	99.74
m21038_250919_092912/196805927/ccs	0.999999	60	5727	99.95
m21038_250919_092912/73599896/ccs	0.99986	38.5387	10076	99.94
m21038_251021_063356/243598420/ccs	0.999558	33.5458	10147	99.95
m21038_250919_092912/23134319/ccs	0.999566	33.6251	5181	99.98
m21038_250919_092912/193991728/ccs	0.999998	56.9897	5216	99.69
m21038_251021_063356/87688172/ccs	1	60	3251	99.97
m21038_250919_092912/111807011/ccs	0.999971	45.376	6474	99.92
m21038_251021_063356/205193727/ccs	0.999886	39.431	4472	99.96
m21038_251021_063356/219547410/ccs	0.999543	33.4008	19720	99.94
m21038_251021_063356/33489270/ccs	0.998811	29.2482	14492	99.96
m21038_251021_063356/86577920/ccs	1	60	4028	99.95
m21038_250919_092912/152963116/ccs	0.998223	27.5031	6823	99.93
m21038_250919_092912/69146322/ccs	0.996951	25.1584	15447	99.82
m21038_251021_063356/251397030/ccs	0.999903	40.1323	5019	99.94
m21038_250919_092912/190843267/ccs	1	60	3084	100.00
m21038_250919_092912/106433573/ccs	0.999393	32.1681	19233	99.83
m21038_250919_092912/20513123/ccs	0.995011	23.0199	26310	99.77
m21038_251021_063356/86181797/ccs	0.999735	35.7675	8772	99.95
m21038_251021_063356/68818454/ccs	0.999992	50.9691	6492	99.94
m21038_250919_092912/98374080/ccs	0.999866	38.729	10921	99.96
m21038_250919_092912/204867564/ccs	0.99982	37.4473	18430	99.92
m21038_251021_063356/49747632/ccs	0.999965	44.5593	4995	99.92
m21038_251021_063356/89195056/ccs	0.998681	28.7976	25692	99.94
m21038_250919_092912/20846319/ccs	0.999141	30.6601	10106	99.94
m21038_251021_063356/99814296/ccs	0.996769	24.9066	11902	99.93
m21038_251021_063356/95617889/ccs	0.996765	24.9013	7841	99.81
m21038_250919_092912/118951497/ccs	0.999977	46.3827	3763	99.73
m21038_251021_063356/191239843/ccs	0.999553	33.4969	23976	99.95
m21038_251021_063356/173345455/ccs	0.999351	31.8776	6204	99.95
m21038_251021_063356/62788938/ccs	0.999246	31.2263	9641	99.96
m21038_250919_092912/73340026/ccs	0.99988	39.2082	2607	99.92
m21038_250919_092912/220075679/ccs	0.99016	20.07	5329	99.89
m21038_251021_063356/6619563/ccs	0.99998	46.9897	6787	99.84
m21038_250919_092912/258474915/ccs	0.9998	36.9897	20504	99.93
m21038_250919_092912/115936895/ccs	0.999904	40.1773	4794	99.81
m21038_251021_063356/11865761/ccs	0.99747	25.9688	9208	99.93
m21038_250919_092912/46926413/ccs	0.999954	43.3724	3093	99.94
m21038_251021_063356/166793711/ccs	0.999923	41.1351	7688	99.93
m21038_251021_063356/144769361/ccs	0.999959	43.8722	14890	99.93
m21038_250919_092912/211096388/ccs	0.999344	31.831	18678	99.93
m21038_250919_092912/159059808/ccs	0.993066	21.5902	2785	99.75
m21038_251021_063356/28705933/ccs	0.996964	25.177	31214	99.92
m21038_251021_063356/254935267/ccs	0.999696	35.1713	19576	99.94
m21038_250919_092912/3149901/ccs	0.999551	33.4775	16285	99.88
m21038_251021_063356/48895311/ccs	0.999883	39.3181	14645	99.89
m21038_251021_063356/160697719/ccs	0.999792	36.8194	19402	99.94
m21038_250919_092912/54724349/ccs	0.99592	23.8934	3886	99.92
m21038_251021_063356/208078134/ccs	0.999885	39.393	19056	99.94
m21038_250919_092912/80741695/ccs	0.999997	55.2288	3329	99.88
m21038_251021_063356/159979142/ccs	0.999524	33.2239	9534	99.96
m21038_251021_063356/39786397/ccs	0.999595	33.9254	14797	99.90
m21038_251021_063356/18284882/ccs	0.999622	34.2251	8394	99.96
m21038_250919_092912/118362685/ccs	0.993636	21.9627	15435	99.86
m21038_251021_063356/162791828/ccs	0.999991	50.4576	4187	99.95
m21038_250919_092912/185538284/ccs	0.992575	21.293	5343	99.91
m21038_251021_063356/248906753/ccs	0.997131	25.4227	13453	99.89
m21038_251021_063356/11209028/ccs	0.994491	22.5893	4676	99.89
m21038_250919_092912/103483832/ccs	0.997616	26.2269	25889	99.92
m21038_250919_092912/191759780/ccs	0.999595	33.9254	9049	99.91
m21038_250919_092912/95098797/ccs	0.99181	20.8672	28528	99.81
m21038_250919_092912/173606837/ccs	1	60	4789	99.92
m21038_250919_092912/214963124/ccs	0.998009	27.0093	25005	99.92
m21038_251021_063356/234750957/ccs	0.999984	47.9588	3814	99.92
m21038_250919_092912/164627914/ccs	0.999347	31.8509	14983	99.92
m21038_250919_092912/147393558/ccs	0.999257	31.2901	20418	99.93
m21038_250919_092912/181867172/ccs	0.998523	28.3062	19041	99.91
m21038_250919_092912/60490600/ccs	1	60	4329	99.95
m21038_250919_092912/213586637/ccs	0.999123	30.57	15510	99.92
m21038_250919_092912/148833212/ccs	0.994092	22.2856	13681	99.80
m21038_251021_063356/163647971/ccs	0.999794	36.8613	4892	99.92
m21038_250919_092912/167974057/ccs	0.999974	45.8503	6682	99.90
m21038_251021_063356/144445809/ccs	0.99999	50	8322	99.90
m21038_251021_063356/124458584/ccs	0.999755	36.1083	2893	99.83
m21038_250919_092912/155061324/ccs	0.999766	36.3078	5844	99.95
m21038_250919_092912/266274057/ccs	0.999893	39.7062	11492	99.90
m21038_250919_092912/46271124/ccs	0.998609	28.5667	5778	100.00
m21038_250919_092912/162272623/ccs	0.999963	44.318	9913	99.90
m21038_251021_063356/111089276/ccs	0.999657	34.6471	8036	99.96
m21038_251021_063356/228460103/ccs	0.999951	43.098	4839	100.00
m21038_251021_063356/241502478/ccs	0.999978	46.5758	10776	99.91
m21038_251021_063356/193598611/ccs	0.999956	43.5655	5529	99.96
m21038_250919_092912/88606150/ccs	0.99994	42.2185	4911	99.90
m21038_250919_092912/150607055/ccs	0.999996	53.9794	4029	99.98
m21038_250919_092912/66456127/ccs	0.999669	34.8017	12170	99.89
m21038_250919_092912/131929284/ccs	0.999999	60	8823	99.91
m21038_251021_063356/237044828/ccs	1	60	5076	100.00
m21038_250919_092912/223286296/ccs	0.995609	23.5744	5366	99.98
m21038_251021_063356/89200269/ccs	0.999757	36.1439	5027	100.00
m21038_250919_092912/178194029/ccs	0.999181	30.8672	10135	99.90
m21038_250919_092912/154408870/ccs	0.998623	28.6107	3281	99.91
m21038_250919_092912/208930614/ccs	0.999771	36.4016	6261	99.98
m21038_251021_063356/181145147/ccs	0.998614	28.5824	23707	99.88
m21038_251021_063356/172753444/ccs	0.999964	44.437	7998	99.90
m21038_250919_092912/4393641/ccs	0.999662	34.7108	8573	99.92
m21038_251021_063356/196743062/ccs	0.999995	53.0103	6524	99.88
m21038_250919_092912/83104035/ccs	0.999279	31.4206	17832	99.94
m21038_251021_063356/48502449/ccs	0.999994	52.2185	8987	99.90
m21038_250919_092912/87756678/ccs	0.999547	33.439	3551	100.00
m21038_251021_063356/83365393/ccs	1	60	3500	100.00
m21038_251021_063356/7804327/ccs	0.999286	31.463	20072	99.92
m21038_251021_063356/129832134/ccs	0.9999	40	4766	99.98
m21038_250919_092912/77662528/ccs	0.998886	29.5311	23217	99.94
m21038_251021_063356/99354441/ccs	0.999996	53.9794	5643	99.86
m21038_250919_092912/54465769/ccs	0.999971	45.376	7586	99.91
m21038_251021_063356/71503301/ccs	1	60	3319	99.97
m21038_251021_063356/92868562/ccs	0.999977	46.3827	5951	99.88
m21038_250919_092912/199890738/ccs	0.998859	29.4271	8536	99.89
m21038_251021_063356/191039477/ccs	0.999917	40.8092	15664	99.93
m21038_251021_063356/20321238/ccs	0.999981	47.2125	6163	99.88
m21038_250919_092912/34474011/ccs	0.999889	39.5468	14827	99.39
m21038_251021_063356/68289230/ccs	0.999999	60	3323	99.75
m21038_251021_063356/193531961/ccs	0.999867	38.7615	4208	99.90
m21038_251021_063356/75304901/ccs	0.997492	26.0067	26328	99.92
m21038_251021_063356/63509059/ccs	0.999973	45.6864	4548	99.75
m21038_251021_063356/97062129/ccs	0.99992	40.9691	5753	99.86
m21038_250919_092912/227149540/ccs	0.999887	39.4692	3443	99.88
m21038_251021_063356/60166714/ccs	0.999934	41.8046	2687	99.74
m21038_250919_092912/130028832/ccs	0.999923	41.1351	7375	99.88
m21038_250919_092912/30412897/ccs	0.999873	38.962	3501	99.37
m21038_250919_092912/55902837/ccs	0.999939	42.1467	5758	99.84
m21038_251021_063356/126095394/ccs	0.999687	35.0446	7482	99.88
m21038_250919_092912/47645574/ccs	0.999967	44.8149	3160	99.87
m21038_251021_063356/156242888/ccs	0.99992	40.9691	6395	99.92
m21038_250919_092912/250545517/ccs	0.99472	22.7737	11607	99.83
m21038_250919_092912/75762976/ccs	0.999916	40.7572	11298	99.88
m21038_251021_063356/80024304/ccs	0.999932	41.6749	1915	100.00
m21038_250919_092912/194577377/ccs	0.999999	60	5268	99.96
m21038_251021_063356/97255692/ccs	0.997267	25.6336	5852	99.97
m21038_250919_092912/221321071/ccs	0.999776	36.4975	13206	99.96
m21038_251021_063356/144577179/ccs	0.998794	29.1865	5568	99.96
m21038_250919_092912/87821634/ccs	0.997339	25.7496	20790	99.59
m21038_251021_063356/120589012/ccs	0.999969	45.0864	3429	99.97
m21038_250919_092912/42860805/ccs	0.999027	30.1189	30330	99.68
m21038_251021_063356/45745989/ccs	0.999409	32.2841	3437	99.91
m21038_250919_092912/125047545/ccs	0.999668	34.7886	4710	99.94
m21038_251021_063356/143197353/ccs	0.99932	31.6749	20689	99.97
m21038_250919_092912/21435401/ccs	0.999711	35.391	20380	99.58
m21038_251021_063356/78774890/ccs	0.999867	38.7615	20548	99.97
m21038_251021_063356/156568627/ccs	0.999996	53.9794	4521	99.96
m21038_250919_092912/177276475/ccs	0.999965	44.5593	8038	99.94
m21038_251021_063356/201195973/ccs	0.996364	24.3938	28445	99.92
m21038_250919_092912/206244251/ccs	0.997991	26.9702	24850	99.61
m21038_251021_063356/39130930/ccs	0.999872	38.9279	7957	99.96
m21038_251021_063356/102369505/ccs	0.999287	31.4691	18462	99.56
m21038_250919_092912/8848889/ccs	0.999282	31.4388	27856	99.88
m21038_251021_063356/50137902/ccs	0.999815	37.3283	14506	99.87
m21038_251021_063356/151192511/ccs	0.992703	21.3686	13023	99.75
m21038_251021_063356/256575367/ccs	0.999397	32.1968	5984	98.55
m21038_250919_092912/132976135/ccs	0.999713	35.4212	3678	99.95
m21038_251021_063356/160761110/ccs	0.999858	38.4771	6390	98.56
m21038_251021_063356/187894054/ccs	0.999853	38.3268	5664	98.54
m21038_251021_063356/78383955/ccs	0.999989	49.5861	3427	98.78
m21038_251021_063356/183304952/ccs	0.999995	53.0103	5142	98.62
m21038_250919_092912/52367042/ccs	0.999938	42.0761	7470	99.96
m21038_250919_092912/64490728/ccs	1	60	5276	99.96
m21038_251021_063356/103486410/ccs	0.99981	37.2125	5049	99.94
m21038_251021_063356/79697830/ccs	0.999945	42.5964	12462	99.93
m21038_251021_063356/197067686/ccs	0.999759	36.1798	4942	98.58
m21038_251021_063356/223215845/ccs	0.99938	32.0761	19872	99.96
m21038_250919_092912/196937800/ccs	0.998764	29.0798	19261	99.95
m21038_250919_092912/33232691/ccs	0.99968	34.9485	24622	99.88
m21038_250919_092912/203559010/ccs	0.995716	23.6815	26643	99.65
m21038_250919_092912/238945471/ccs	0.999953	43.279	3422	99.97
m21038_250919_092912/91359760/ccs	0.999998	56.9897	5727	99.93
m21038_250919_092912/201065281/ccs	0.99974	35.8503	21976	99.89
m21038_250919_092912/237374448/ccs	0.996216	24.2205	28429	99.83
m21038_250919_092912/216601477/ccs	0.99972	35.5284	20453	99.88
m21038_251021_063356/168755274/ccs	0.998206	27.4618	7777	99.96
m21038_251021_063356/197203903/ccs	0.997266	25.632	12295	99.82
m21038_250919_092912/136380869/ccs	0.999071	30.3198	5473	99.89
m21038_250919_092912/109384959/ccs	0.999362	31.9518	23138	99.88
m21038_250919_092912/143266697/ccs	0.99974	35.8503	22706	99.67
m21038_250919_092912/140116724/ccs	0.992994	21.5453	26497	99.54
m21038_251021_063356/115151070/ccs	0.99685	25.0169	20812	99.54
m21038_251021_063356/188880511/ccs	0.999857	38.4466	18580	99.96
m21038_251021_063356/62066102/ccs	1	60	3747	99.95
m21038_250919_092912/172821178/ccs	0.99973	35.6864	3309	99.97
m21038_250919_092912/3999905/ccs	0.996884	25.064	18468	99.60
m21038_250919_092912/16581937/ccs	0.999572	33.6856	24269	99.60
m21038_250919_092912/216273319/ccs	0.999971	45.376	7351	99.97
m21038_250919_092912/77202977/ccs	0.999971	45.376	4337	99.98
m21038_250919_092912/246088810/ccs	0.992733	21.3864	27554	99.44
m21038_250919_092912/105120356/ccs	0.999903	40.1323	5471	99.96
m21038_250919_092912/9507563/ccs	0.998446	28.0855	17943	99.59
m21038_250919_092912/64096249/ccs	0.998766	29.0868	22220	99.63
m21038_251021_063356/119281062/ccs	0.998958	29.8213	28707	99.85
m21038_250919_092912/104728541/ccs	0.99914	30.655	19833	99.62
m21038_251021_063356/8390136/ccs	0.999853	38.3268	16906	99.60
m21038_251021_063356/233701603/ccs	0.999882	39.2812	13979	99.96
m21038_250919_092912/33621337/ccs	0.999147	30.6905	24422	99.66
m21038_250919_092912/70783617/ccs	0.999977	46.3827	3841	99.95
m21038_251021_063356/146082100/ccs	0.999868	38.7943	10990	99.85
m21038_251021_063356/76943062/ccs	0.998017	27.0268	17855	99.58
m21038_251021_063356/14747950/ccs	0.999675	34.8812	25797	99.87
m21038_251021_063356/149160027/ccs	0.999747	35.9688	12048	99.54
m21038_250919_092912/65079994/ccs	0.999617	34.168	15414	99.59
m21038_251021_063356/221709807/ccs	0.999937	42.0066	13656	99.55
m21038_250919_092912/170003697/ccs	0.999497	32.9843	22948	99.69
m21038_250919_092912/40439726/ccs	0.999427	32.4185	24935	99.71
m21038_250919_092912/205721861/ccs	0.999984	47.9588	4945	99.98
m21038_251021_063356/204278437/ccs	0.999754	36.0906	11194	99.52
m21038_250919_092912/23463242/ccs	0.995577	23.5428	10776	99.44
m21038_251021_063356/123011335/ccs	0.999956	43.5655	13036	99.58
m21038_250919_092912/55446353/ccs	0.999991	50.4576	6942	99.94
m21038_250919_092912/146870691/ccs	0.999996	53.9794	4499	99.96
m21038_250919_092912/37818236/ccs	0.99813	27.2816	24004	99.68
m21038_250919_092912/173609293/ccs	0.999479	32.8316	5830	99.12
m21038_250919_092912/63181584/ccs	0.99993	41.549	10914	99.95
m21038_250919_092912/22217759/ccs	0.999776	36.4975	19597	99.95
m21038_250919_092912/174854143/ccs	0.996806	24.9567	26203	99.71
m21038_251021_063356/89523557/ccs	0.999994	52.2185	4432	99.75
m21038_250919_092912/47847043/ccs	0.999985	48.2391	7690	99.92
m21038_250919_092912/218698890/ccs	0.999968	44.9485	12267	99.58
m21038_251021_063356/258409323/ccs	0.999889	39.5468	12858	99.60
m21038_251021_063356/62788007/ccs	0.99985	38.2391	21065	99.69
m21038_250919_092912/74975633/ccs	0.998771	29.1045	29960	99.69
m21038_251021_063356/159582362/ccs	0.999624	34.2481	21126	99.64
m21038_250919_092912/66524140/ccs	0.998041	27.0797	22935	99.72
m21038_251021_063356/220201065/ccs	1	60	6293	99.92
m21038_251021_063356/175179992/ccs	0.999772	36.4207	20275	99.63
m21038_251021_063356/79433332/ccs	0.999591	33.8828	15403	99.64
m21038_251021_063356/63639498/ccs	0.999971	45.376	10342	99.60
m21038_250919_092912/68158594/ccs	0.99909	30.4096	3613	99.94
m21038_251021_063356/236519566/ccs	0.998996	29.9827	13415	99.66
m21038_250919_092912/34213241/ccs	0.99999	50	6465	99.81
m21038_251021_063356/263784427/ccs	0.99991	40.4576	13419	99.62
m21038_251021_063356/173015459/ccs	0.999843	38.041	15072	99.95
m21038_251021_063356/6297094/ccs	0.999914	40.655	16024	99.72
m21038_251021_063356/113774276/ccs	0.999976	46.1979	8189	99.46
m21038_250919_092912/121375732/ccs	0.998028	27.0509	8535	99.93
m21038_250919_092912/105056623/ccs	0.999572	33.6856	25512	99.70
m21038_250919_092912/120196766/ccs	0.997671	26.3283	22024	99.60
m21038_251021_063356/265423198/ccs	1	60	3425	98.86
m21038_251021_063356/166859919/ccs	0.999917	40.8092	10123	99.65
m21038_250919_092912/212206540/ccs	0.999989	49.5861	7301	99.88
m21038_251021_063356/74845541/ccs	0.999998	56.9897	8846	99.61
m21038_250919_092912/130548256/ccs	1	60	6688	99.94
m21038_250919_092912/164500802/ccs	0.999992	50.9691	9955	99.96
m21038_251021_063356/165742760/ccs	0.999991	50.4576	7947	99.62
m21038_251021_063356/164105808/ccs	1	60	6249	99.55
m21038_250919_092912/231081895/ccs	0.998994	29.974	8376	99.56
m21038_251021_063356/220596678/ccs	0.999337	31.7849	15683	99.76
m21038_250919_092912/80942202/ccs	0.999972	45.5284	5553	99.42
m21038_251021_063356/39261397/ccs	1	60	6799	99.19
m21038_250919_092912/128259046/ccs	0.999097	30.4431	21306	99.74
m21038_250919_092912/110827333/ccs	0.99997	45.2288	8740	99.69
m21038_251021_063356/6226712/ccs	0.999899	39.9568	16627	99.73
m21038_250919_092912/199758672/ccs	0.999971	45.376	11292	99.66
m21038_250919_092912/179309833/ccs	0.999921	41.0237	7270	99.94
m21038_250919_092912/160369602/ccs	0.999978	46.5758	8234	99.67
m21038_251021_063356/10487577/ccs	0.999448	32.5806	14534	99.90
m21038_250919_092912/139859232/ccs	0.999871	38.8941	17379	99.73
m21038_250919_092912/67834063/ccs	0.996748	24.8785	34851	99.91
m21038_250919_092912/65147786/ccs	0.997574	26.1511	8221	99.91
m21038_250919_092912/258737344/ccs	0.999981	47.2125	4873	99.90
m21038_251021_063356/158533113/ccs	0.999713	35.4212	11862	99.90
m21038_251021_063356/176359180/ccs	0.999982	47.4473	6646	99.94
m21038_251021_063356/40436096/ccs	0.999855	38.3863	10989	99.72
m21038_251021_063356/250675807/ccs	0.999888	39.5078	16859	99.67
m21038_251021_063356/187762066/ccs	0.998147	27.3212	6901	99.65
m21038_250919_092912/255787844/ccs	0.999993	51.549	4431	99.55
m21038_250919_092912/195822947/ccs	0.999899	39.9568	6885	99.61
m21038_251021_063356/134156568/ccs	0.998923	29.6778	31681	99.57
m21038_250919_092912/78450492/ccs	0.999999	60	4436	99.55
m21038_251021_063356/103811005/ccs	0.998718	28.9211	24878	99.73
m21038_251021_063356/156697023/ccs	0.999926	41.3077	16061	99.78
m21038_250919_092912/180752699/ccs	0.999973	45.6864	14527	99.71
m21038_250919_092912/198513770/ccs	0.999938	42.0761	19418	99.94
m21038_251021_063356/208143414/ccs	0.999263	31.3253	5425	99.70
m21038_250919_092912/241697028/ccs	1	60	3769	99.63
m21038_251021_063356/90835501/ccs	0.995143	23.1363	22792	99.72
m21038_251021_063356/200278319/ccs	0.999994	52.2185	12787	99.76
m21038_250919_092912/221974873/ccs	0.999999	60	4349	99.65
m21038_250919_092912/215226139/ccs	0.999911	40.5061	14897	99.96
m21038_250919_092912/225448521/ccs	0.999263	31.3253	24008	99.92
m21038_250919_092912/144709303/ccs	0.999975	46.0206	4206	99.90
m21038_250919_092912/254872536/ccs	0.995697	23.6623	4563	99.60
m21038_250919_092912/60883589/ccs	0.99828	27.6447	9922	99.72
m21038_250919_092912/51120115/ccs	0.999802	37.0333	4596	99.54
m21038_251021_063356/23529837/ccs	0.999947	42.7572	6084	99.97
m21038_250919_092912/36832690/ccs	0.999866	38.729	12399	99.90
m21038_251021_063356/90443545/ccs	1	60	3254	99.66
m21038_251021_063356/54920881/ccs	0.995288	23.2679	24187	99.74
m21038_250919_092912/214040920/ccs	0.999652	34.5842	21274	99.78
m21038_251021_063356/43583948/ccs	0.999791	36.7985	7539	99.76
m21038_250919_092912/52299148/ccs	0.999263	31.3253	10885	99.78
m21038_251021_063356/130155053/ccs	0.99916	30.7572	15722	99.89
m21038_250919_092912/88409481/ccs	0.999944	42.5181	15508	99.73
m21038_251021_063356/218171879/ccs	0.999844	38.0688	3768	100.00
m21038_250919_092912/256116913/ccs	0.996081	24.0682	22109	99.76
m21038_251021_063356/30214583/ccs	0.999874	38.9963	5108	99.75
m21038_251021_063356/36047305/ccs	0.999893	39.7062	17380	99.81
m21038_250919_092912/54920371/ccs	0.999998	56.9897	3440	99.65
m21038_251021_063356/163911224/ccs	0.999154	30.7263	9416	99.89
m21038_251021_063356/11996049/ccs	0.998908	29.6178	8782	99.75
m21038_250919_092912/117179355/ccs	0.998996	29.9827	20677	99.94
m21038_250919_092912/202246273/ccs	0.999675	34.8812	21417	99.85
m21038_250919_092912/216072357/ccs	0.999986	48.5387	5727	99.81
m21038_250919_092912/9375576/ccs	0.999385	32.1112	8699	99.80
m21038_250919_092912/31981915/ccs	0.997512	26.0415	23795	99.89
m21038_251021_063356/165153508/ccs	0.99996	43.9794	8059	99.99
m21038_250919_092912/2102452/ccs	0.9977	26.3827	19814	99.79
m21038_251021_063356/218958468/ccs	0.997164	25.4729	12817	99.87
m21038_250919_092912/167510562/ccs	0.999346	31.8442	10018	99.98
m21038_250919_092912/59442881/ccs	0.999802	37.0333	8327	99.99
m21038_251021_063356/173739483/ccs	0.999897	39.8716	5752	100.00
m21038_250919_092912/4198166/ccs	0.99767	26.3264	6875	99.72
m21038_251021_063356/10879670/ccs	0.999878	39.1364	3674	99.67
m21038_251021_063356/192677361/ccs	0.999763	36.2525	14763	99.96
m21038_250919_092912/223679412/ccs	0.999608	34.0671	15631	99.91
m21038_250919_092912/164106125/ccs	0.999989	49.5861	6120	99.89
m21038_250919_092912/130615245/ccs	0.99999	50	11463	99.97
m21038_250919_092912/192549415/ccs	0.99564	23.6051	5314	99.92
m21038_250919_092912/108925430/ccs	0.999943	42.4413	11711	99.84
m21038_250919_092912/226230521/ccs	0.999999	60	5315	99.79
m21038_251021_063356/186057616/ccs	0.999986	48.5387	8569	99.92
m21038_251021_063356/158861041/ccs	0.999873	38.962	6359	99.83
m21038_250919_092912/76612897/ccs	0.997603	26.2033	18910	99.55
m21038_251021_063356/189859608/ccs	0.999988	49.2082	7860	99.99
m21038_251021_063356/248775301/ccs	1	60	4117	99.85
m21038_250919_092912/181600776/ccs	0.997093	25.3655	21069	99.92
m21038_250919_092912/139068838/ccs	0.999992	50.9691	7305	99.85
m21038_251021_063356/54594713/ccs	0.999068	30.3058	21861	99.83
m21038_250919_092912/51119235/ccs	0.999617	34.168	7270	99.99
m21038_250919_092912/46074547/ccs	0.99997	45.2288	8582	99.98
m21038_251021_063356/213518335/ccs	0.999999	60	3975	99.92
m21038_251021_063356/168101376/ccs	0.999118	30.5453	3516	99.63
m21038_250919_092912/76809558/ccs	0.998857	29.4195	27388	99.59
m21038_250919_092912/99158175/ccs	0.999992	50.9691	6672	99.88
m21038_250919_092912/117051374/ccs	0.999979	46.7778	7296	99.85
m21038_251021_063356/195696457/ccs	0.996587	24.6686	37441	99.83
m21038_251021_063356/137434208/ccs	0.99473	22.7819	9445	99.86
m21038_250919_092912/39912570/ccs	0.99754	26.0906	5378	99.91
m21038_250919_092912/60495180/ccs	0.99966	34.6852	17301	99.60
m21038_251021_063356/182846092/ccs	0.999991	50.4576	7604	99.86
m21038_251021_063356/21826275/ccs	0.99963	34.318	15726	99.89
m21038_250919_092912/116330375/ccs	0.999395	32.1824	6704	99.88
m21038_251021_063356/155386074/ccs	0.999992	50.9691	8868	99.97
m21038_251021_063356/118033505/ccs	0.998812	29.2518	20651	99.93
m21038_250919_092912/191565221/ccs	0.998547	28.3773	12179	99.84
m21038_250919_092912/191042644/ccs	0.999741	35.867	19031	99.84
m21038_250919_092912/175704716/ccs	1	60	3497	99.97
m21038_250919_092912/119870770/ccs	0.99999	50	5566	99.87
m21038_250919_092912/79301452/ccs	0.999985	48.2391	3767	100.00
m21038_251021_063356/62981853/ccs	0.999386	32.1183	9119	99.84
m21038_250919_092912/26608695/ccs	0.999816	37.3518	14516	99.83
m21038_250919_092912/152310658/ccs	0.999999	60	8887	99.90
m21038_251021_063356/101651120/ccs	0.995067	23.0689	32788	99.78
m21038_251021_063356/216269744/ccs	0.999731	35.7025	18454	99.80
m21038_250919_092912/194907854/ccs	0.999994	52.2185	5065	100.00
m21038_251021_063356/209390011/ccs	0.997736	26.4512	11369	99.93
m21038_251021_063356/153618766/ccs	0.999371	32.0135	6365	99.89
m21038_251021_063356/39912329/ccs	1	60	3637	99.70
m21038_250919_092912/68029386/ccs	0.999966	44.6852	8939	99.89
m21038_250919_092912/31982298/ccs	0.998417	28.0052	5809	99.84
m21038_250919_092912/173475112/ccs	0.996234	24.2412	10989	99.97
m21038_250919_092912/129438531/ccs	0.999978	46.5758	5547	99.87
m21038_250919_092912/205849412/ccs	0.999987	48.8606	6338	99.98
m21038_251021_063356/98174688/ccs	0.999812	37.2584	19469	99.84
m21038_251021_063356/71895382/ccs	0.999884	39.3554	5045	99.88
m21038_250919_092912/28706737/ccs	0.99993	41.549	8083	99.89
m21038_251021_063356/177015627/ccs	0.999979	46.7778	5468	99.98
m21038_250919_092912/131793278/ccs	0.999347	31.8509	22033	99.62
m21038_250919_092912/7471978/ccs	0.996431	24.4745	11382	99.87
m21038_251021_063356/153748303/ccs	0.999993	51.549	7812	99.88
m21038_250919_092912/116984657/ccs	0.997497	26.0154	36067	99.83
m21038_250919_092912/171903799/ccs	0.999237	31.1748	12259	99.86
m21038_250919_092912/156238233/ccs	0.999986	48.5387	5329	99.98
m21038_250919_092912/41094326/ccs	0.997459	25.95	7823	99.87
m21038_251021_063356/161942773/ccs	0.999989	49.5861	9017	99.89
m21038_251021_063356/138349265/ccs	0.999995	53.0103	9159	99.90
m21038_250919_092912/190318805/ccs	0.999997	55.2288	4214	99.88
m21038_251021_063356/147068275/ccs	0.99969	35.0864	5068	99.84
m21038_251021_063356/237898480/ccs	0.999806	37.122	23394	99.82
m21038_251021_063356/110100542/ccs	0.999479	32.8316	21433	99.79
m21038_250919_092912/160700337/ccs	0.999843	38.041	17850	99.93
m21038_251021_063356/64948568/ccs	0.999709	35.3611	7338	99.89
m21038_251021_063356/127734340/ccs	0.999737	35.8004	18474	99.81
m21038_250919_092912/185275051/ccs	0.999792	36.8194	6624	99.88
m21038_251021_063356/127669412/ccs	0.999999	60	1652	99.94
m21038_250919_092912/51384274/ccs	0.999922	41.0791	11298	99.87
m21038_250919_092912/129501450/ccs	0.996453	24.5014	21777	99.82
m21038_251021_063356/13893902/ccs	0.996702	24.8175	31431	99.76
m21038_250919_092912/111281377/ccs	0.999987	48.8606	5562	99.82
m21038_250919_092912/124196232/ccs	1	60	4877	99.84
m21038_251021_063356/96802319/ccs	0.999903	40.1323	4167	99.86
m21038_250919_092912/61412398/ccs	0.996382	24.4153	24390	99.90
m21038_251021_063356/169281361/ccs	0.999995	53.0103	10272	99.94
m21038_251021_063356/87758422/ccs	0.99626	24.2713	4475	99.93
m21038_251021_063356/12715057/ccs	0.999442	32.5337	8390	99.98
m21038_251021_063356/37096539/ccs	0.999971	45.376	7662	99.90
m21038_250919_092912/180425755/ccs	0.999999	60	6541	99.97
m21038_250919_092912/56951281/ccs	0.998877	29.4962	20935	99.82
m21038_250919_092912/37489520/ccs	1	60	5016	99.86
m21038_250919_092912/127207097/ccs	0.999766	36.3078	5551	99.95
m21038_250919_092912/161549432/ccs	1	60	6812	99.84
m21038_250919_092912/46729220/ccs	0.999985	48.2391	11572	99.81
m21038_250919_092912/184879743/ccs	0.999989	49.5861	4834	99.86
m21038_251021_063356/26613422/ccs	0.999069	30.3105	11734	99.93
m21038_250919_092912/208275191/ccs	0.99999	50	7229	99.90
m21038_251021_063356/214173066/ccs	0.999989	49.5861	8330	99.89
m21038_250919_092912/253690562/ccs	0.999853	38.3268	18477	99.93
m21038_250919_092912/36637262/ccs	0.99964	34.437	4573	99.82
m21038_250919_092912/216073608/ccs	0.999999	60	5872	99.85
m21038_250919_092912/9442925/ccs	0.999992	50.9691	10884	99.87
m21038_250919_092912/164628614/ccs	1	60	4259	99.86
m21038_251021_063356/226166841/ccs	0.999951	43.098	6227	99.87
m21038_250919_092912/250677197/ccs	0.999389	32.1396	5275	99.85
m21038_251021_063356/154536349/ccs	0.999992	50.9691	5736	99.95
m21038_251021_063356/54334683/ccs	0.999987	48.8606	8332	99.95
m21038_250919_092912/192416349/ccs	0.999904	40.1773	9315	99.86
m21038_251021_063356/152897867/ccs	0.999963	44.318	15167	99.78
m21038_251021_063356/117638418/ccs	0.999909	40.4096	4697	99.87
m21038_250919_092912/83626938/ccs	1	60	3106	99.84
m21038_250919_092912/66131323/ccs	1	60	5002	99.96
m21038_250919_092912/209588853/ccs	0.999465	32.7165	16391	99.82
m21038_251021_063356/80611557/ccs	0.999235	31.1634	10934	99.84
m21038_251021_063356/122687623/ccs	0.999832	37.7469	17716	99.78
m21038_250919_092912/219286476/ccs	0.999778	36.5365	17562	99.77
m21038_250919_092912/115086076/ccs	0.999999	60	8711	99.85
m21038_251021_063356/148443654/ccs	1	60	5780	99.97
m21038_250919_092912/69012591/ccs	0.998322	27.7521	5822	99.79
m21038_251021_063356/88998949/ccs	0.999953	43.279	12155	99.82
m21038_251021_063356/161551719/ccs	1	60	3263	99.85
m21038_251021_063356/130813547/ccs	0.99987	38.8606	16815	99.92
m21038_250919_092912/143068437/ccs	0.999984	47.9588	11026	99.83
m21038_251021_063356/120852223/ccs	0.999829	37.67	13769	99.86
m21038_251021_063356/179635939/ccs	0.998136	27.2955	30126	99.78
m21038_251021_063356/109052459/ccs	0.999896	39.8297	15813	99.83
m21038_250919_092912/129569906/ccs	0.999517	33.1605	5669	99.95
m21038_250919_092912/137433450/ccs	0.999149	30.7007	25765	99.91
m21038_250919_092912/58786340/ccs	0.999953	43.279	5333	99.91
m21038_251021_063356/18549531/ccs	0.999402	32.233	4611	99.89
m21038_251021_063356/156894886/ccs	0.999819	37.4232	17660	99.76
m21038_251021_063356/18812931/ccs	1	60	5047	99.94
m21038_251021_063356/72417654/ccs	0.999983	47.6955	7938	99.89
m21038_251021_063356/197136489/ccs	0.998392	27.9371	6665	99.94
m21038_251021_063356/3932412/ccs	0.999975	46.0206	5352	99.83
m21038_250919_092912/192808470/ccs	1	60	3551	99.92
m21038_251021_063356/184224573/ccs	0.99939	32.1467	16164	99.92
m21038_250919_092912/162270769/ccs	0.999071	30.3198	15649	99.77
m21038_251021_063356/204014884/ccs	0.999919	40.9151	7668	99.90
m21038_251021_063356/172164553/ccs	1	60	3609	99.86
m21038_250919_092912/118819185/ccs	0.999575	33.7161	7224	99.93
m21038_250919_092912/87757319/ccs	0.999207	31.0073	8512	99.81
m21038_250919_092912/221582063/ccs	0.999983	47.6955	8409	99.92
m21038_251021_063356/149948606/ccs	0.999995	53.0103	8395	99.89
m21038_251021_063356/68030188/ccs	1	60	5435	99.93
m21038_250919_092912/97325288/ccs	0.999649	34.5469	9822	99.86
m21038_250919_092912/166925273/ccs	0.999993	51.549	5563	99.93
m21038_250919_092912/209261634/ccs	0.99961	34.0894	14920	99.91
m21038_250919_092912/8127514/ccs	0.999986	48.5387	3599	99.89
m21038_250919_092912/32509806/ccs	0.999885	39.393	10892	99.86
m21038_250919_092912/67375747/ccs	0.999544	33.4104	11254	99.87
m21038_250919_092912/211946621/ccs	0.999749	36.0033	3888	99.90
m21038_250919_092912/87888733/ccs	0.999974	45.8503	6792	99.87
m21038_251021_063356/167642993/ccs	0.998866	29.4539	10104	99.85
m21038_251021_063356/105120726/ccs	0.999981	47.2125	5734	99.88
m21038_250919_092912/121312054/ccs	1	60	3323	99.91
m21038_250919_092912/16192848/ccs	1	60	3839	99.97
m21038_251021_063356/68030516/ccs	0.997239	25.5893	3961	99.90
m21038_250919_092912/33624874/ccs	0.99996	43.9794	10865	99.81
m21038_250919_092912/23856821/ccs	0.993949	22.1817	11913	99.83
m21038_251021_063356/68619098/ccs	0.999993	51.549	7339	99.84
m21038_250919_092912/242027115/ccs	0.998829	29.3144	2716	99.96
m21038_251021_063356/141692109/ccs	0.999951	43.098	4653	99.94
m21038_251021_063356/134545733/ccs	0.999796	36.9037	3158	99.94
m21038_251021_063356/138021891/ccs	0.999987	48.8606	3533	99.94
m21038_251021_063356/44109727/ccs	0.99999	50	5308	99.81
m21038_251021_063356/173805520/ccs	0.999997	55.2288	8619	99.81
m21038_251021_063356/240651225/ccs	0.996511	24.573	8069	99.85
m21038_251021_063356/197920173/ccs	0.995078	23.0786	11437	99.80
m21038_250919_092912/222631113/ccs	0.999977	46.3827	3960	99.87
m21038_251021_063356/184880810/ccs	1	60	2815	99.86
m21038_250919_092912/189796118/ccs	0.999113	30.5208	18088	99.92
m21038_251021_063356/116460633/ccs	1	60	2604	99.85
m21038_251021_063356/72355664/ccs	0.999982	47.4473	4608	99.85
m21038_251021_063356/82444856/ccs	0.998793	29.1829	26143	99.77
m21038_250919_092912/55312897/ccs	0.998934	29.7224	24555	99.77
m21038_251021_063356/9242431/ccs	0.999998	56.9897	4204	99.93
m21038_250919_092912/150865235/ccs	0.999247	31.2321	4251	99.86
m21038_250919_092912/17040535/ccs	1	60	3853	99.82
m21038_250919_092912/264962947/ccs	0.999986	48.5387	7145	99.90
m21038_250919_092912/66325413/ccs	0.99964	34.437	4349	99.86
m21038_250919_092912/188288707/ccs	0.999503	33.0364	7853	99.77
m21038_251021_063356/70324242/ccs	0.999913	40.6048	3719	99.92
m21038_250919_092912/21760226/ccs	0.999065	30.2919	15471	99.73
m21038_250919_092912/168036931/ccs	0.999601	33.9903	9385	99.73
m21038_251021_063356/201985480/ccs	0.999919	40.9151	6273	99.78
m21038_250919_092912/126687075/ccs	0.995305	23.2836	4661	99.83
m21038_251021_063356/119146523/ccs	0.999815	37.3283	3920	99.87
m21038_250919_092912/246875087/ccs	0.999963	44.318	3713	99.84
m21038_251021_063356/146347551/ccs	0.999993	51.549	6197	99.82
m21038_251021_063356/11601205/ccs	0.999105	30.4818	14852	99.74
m21038_250919_092912/89134723/ccs	0.999936	41.9382	6536	99.89
m21038_250919_092912/35459982/ccs	0.994878	22.9056	23101	99.72
m21038_251021_063356/105842888/ccs	0.999962	44.2022	8456	99.75
m21038_251021_063356/159254804/ccs	0.999847	38.1531	13088	99.79
m21038_250919_092912/67176062/ccs	0.999554	33.5067	9680	99.73
m21038_251021_063356/142872357/ccs	0.999999	60	3925	99.82
m21038_251021_063356/135465166/ccs	0.999932	41.6749	11010	99.74
m21038_251021_063356/186584168/ccs	0.999114	30.5257	7727	99.88
m21038_251021_063356/100798195/ccs	1	60	3735	99.84
m21038_251021_063356/191369504/ccs	0.999981	47.2125	9962	99.79
m21038_250919_092912/74586064/ccs	0.999818	37.3993	20676	99.75
m21038_250919_092912/148838146/ccs	0.999955	43.4679	9356	99.79
m21038_251021_063356/22152942/ccs	0.999792	36.8194	15190	99.60
m21038_250919_092912/32314181/ccs	0.999978	46.5758	5387	99.76
m21038_250919_092912/149622885/ccs	0.994134	22.3166	8222	99.60
m21038_251021_063356/40767977/ccs	0.999546	33.4294	17176	99.90
m21038_250919_092912/83039442/ccs	0.996257	24.2678	8318	99.69
m21038_250919_092912/68949451/ccs	1	60	3885	99.85
m21038_251021_063356/155912272/ccs	0.999999	60	3225	99.78
m21038_250919_092912/186714544/ccs	0.999999	60	3891	99.90
m21038_250919_092912/124980793/ccs	0.998291	27.6726	6267	99.87
m21038_251021_063356/152835992/ccs	0.999898	39.914	4223	99.88
m21038_251021_063356/125370575/ccs	0.999628	34.2946	22789	99.83
m21038_250919_092912/78976696/ccs	0.999963	44.318	12606	99.74
m21038_250919_092912/15143020/ccs	0.999978	46.5758	6555	99.79
m21038_250919_092912/235015126/ccs	0.999805	37.0997	14264	99.92
m21038_251021_063356/96339830/ccs	0.999984	47.9588	9105	99.78
m21038_250919_092912/180162606/ccs	0.999974	45.8503	3944	99.80
m21038_250919_092912/118227098/ccs	0.999974	45.8503	7580	99.72
m21038_251021_063356/256313571/ccs	0.999975	46.0206	7464	99.80
m21038_251021_063356/165414006/ccs	0.999422	32.3807	8128	99.80
m21038_251021_063356/116526704/ccs	0.998995	29.9783	20706	99.75
m21038_251021_063356/188483910/ccs	1	60	2008	99.75
m21038_251021_063356/46466985/ccs	0.999828	37.6447	11411	99.78
m21038_250919_092912/22483058/ccs	0.999786	36.6959	3358	99.82
m21038_251021_063356/169742072/ccs	0.999905	40.2228	3667	99.89
m21038_251021_063356/116396735/ccs	0.999996	53.9794	6088	99.90
m21038_251021_063356/155715339/ccs	0.999958	43.7675	11715	99.63
m21038_251021_063356/188025762/ccs	0.994912	22.9345	6025	99.73
m21038_251021_063356/169808363/ccs	0.999798	36.9465	4454	99.80
m21038_251021_063356/141694053/ccs	1	60	4651	99.87
m21038_251021_063356/119734920/ccs	0.99999	50	3973	99.77
m21038_250919_092912/144969946/ccs	0.999738	35.817	19999	99.85
m21038_250919_092912/38539932/ccs	0.999859	38.5078	4581	99.83
m21038_250919_092912/103682273/ccs	0.999997	55.2288	4619	99.89
m21038_251021_063356/91885267/ccs	0.999414	32.321	7988	99.91
m21038_250919_092912/178915868/ccs	0.999001	30.0043	11062	99.92
m21038_251021_063356/39584328/ccs	0.999959	43.8722	3076	99.71
m21038_251021_063356/181274789/ccs	0.995495	23.4631	11372	99.89
m21038_251021_063356/161025326/ccs	0.999992	50.9691	3710	99.76
m21038_250919_092912/5246346/ccs	0.991466	20.6885	8414	99.48
m21038_250919_092912/85591915/ccs	0.999997	55.2288	5549	99.71
m21038_250919_092912/129109265/ccs	0.99862	28.6012	10580	99.56
m21038_250919_092912/208867875/ccs	0.999876	39.0658	3366	99.88
m21038_251021_063356/65012547/ccs	0.993931	22.1688	9486	99.63
m21038_250919_092912/252641652/ccs	0.999996	53.9794	5225	99.79
m21038_251021_063356/178520212/ccs	0.997558	26.1225	7977	99.71
m21038_250919_092912/126816643/ccs	0.994326	22.4611	2833	99.72
m21038_251021_063356/74321301/ccs	0.999953	43.279	4929	99.63
m21038_250919_092912/209651579/ccs	0.999913	40.6048	9346	99.93
m21038_251021_063356/46269563/ccs	0.999988	49.2082	3899	99.77
m21038_251021_063356/241502459/ccs	0.99206	21.0018	8324	99.83
m21038_250919_092912/181210408/ccs	0.993527	21.8889	10629	99.69
m21038_251021_063356/235931789/ccs	0.999999	60	3045	99.80
m21038_251021_063356/62001461/ccs	0.998623	28.6107	6683	99.76
m21038_251021_063356/105646052/ccs	0.998325	27.7599	11074	99.90
m21038_251021_063356/218890467/ccs	0.999995	53.0103	4316	99.93
m21038_251021_063356/112006606/ccs	0.999671	34.828	8966	99.73
m21038_251021_063356/179831920/ccs	0.999979	46.7778	5884	99.92
m21038_251021_063356/96407508/ccs	0.999999	60	3129	99.62
m21038_251021_063356/34408704/ccs	0.999826	37.5945	3420	99.94
m21038_251021_063356/165284603/ccs	0.999997	55.2288	3856	99.92
m21038_250919_092912/240255438/ccs	0.999386	32.1183	4813	99.69
m21038_250919_092912/197530341/ccs	0.996816	24.9703	26887	99.67
m21038_250919_092912/109184399/ccs	0.999815	37.3283	9358	99.75
m21038_250919_092912/31785571/ccs	0.999928	41.4267	6501	99.74
m21038_251021_063356/103159486/ccs	0.999959	43.8722	6908	99.74
m21038_250919_092912/18677971/ccs	0.999921	41.0237	14859	99.74
m21038_251021_063356/152633400/ccs	0.997899	26.7757	15748	99.67
m21038_251021_063356/131531343/ccs	0.99994	42.2185	3097	99.64
m21038_251021_063356/218826180/ccs	0.999931	41.6115	4762	99.71
m21038_250919_092912/149029547/ccs	0.999997	55.2288	4312	99.91
m21038_251021_063356/195037532/ccs	1	60	2894	99.90
m21038_250919_092912/18743858/ccs	0.999985	48.2391	4071	99.68
m21038_251021_063356/124913244/ccs	0.999915	40.7058	11164	99.59
m21038_251021_063356/117245694/ccs	0.999799	36.968	2503	99.68
m21038_251021_063356/60555970/ccs	0.99998	46.9897	4142	99.71
m21038_250919_092912/169349306/ccs	0.996193	24.1942	12292	99.22
m21038_250919_092912/236979980/ccs	0.999993	51.549	4141	99.95
m21038_250919_092912/135860200/ccs	0.999989	49.5861	6471	99.92
m21038_251021_063356/75039731/ccs	0.999987	48.8606	4158	99.66
m21038_251021_063356/220070769/ccs	0.999963	44.318	4594	99.67
m21038_251021_063356/196413233/ccs	0.999827	37.6195	7199	99.93
m21038_250919_092912/103880362/ccs	0.999887	39.4692	6575	99.68
m21038_251021_063356/33818349/ccs	0.999365	31.9723	20550	99.74
m21038_251021_063356/15011595/ccs	0.999729	35.6703	7103	99.93
m21038_250919_092912/202905114/ccs	0.999779	36.5561	12844	99.77
m21038_251021_063356/125700950/ccs	0.999682	34.9757	8012	99.94
m21038_251021_063356/42403259/ccs	0.999957	43.6653	6840	99.71
m21038_251021_063356/121769692/ccs	0.999793	36.8403	3863	99.95
m21038_250919_092912/22415327/ccs	0.998373	27.8861	7070	99.94
m21038_250919_092912/43516100/ccs	0.999949	42.9243	7768	99.72
m21038_251021_063356/242418972/ccs	0.999429	32.4336	10096	99.73
m21038_251021_063356/118752877/ccs	0.999972	45.5284	6043	99.69
m21038_250919_092912/216729773/ccs	0.999229	31.1295	3617	99.94
m21038_251021_063356/237764945/ccs	0.998935	29.7265	6989	99.73
m21038_251021_063356/157484290/ccs	0.999336	31.7783	6316	99.94
m21038_251021_063356/100861669/ccs	0.998682	28.8008	9218	99.72
m21038_250919_092912/25956531/ccs	0.996459	24.5087	14300	99.71
m21038_251021_063356/119603349/ccs	0.999943	42.4413	12510	99.90
m21038_250919_092912/157418016/ccs	0.99282	21.4388	7303	99.76
m21038_250919_092912/185601141/ccs	0.999996	53.9794	5649	99.73
m21038_250919_092912/238749400/ccs	0.999992	50.9691	7299	99.93
m21038_251021_063356/84153860/ccs	0.999879	39.1721	11714	99.91
m21038_251021_063356/15142229/ccs	0.999545	33.4199	12756	99.85
m21038_250919_092912/232523473/ccs	0.999942	42.3657	9748	99.78
m21038_251021_063356/220856482/ccs	0.998937	29.7347	4182	99.74
m21038_250919_092912/213783010/ccs	0.999962	44.2022	11167	99.93
m21038_250919_092912/228787977/ccs	0.998755	29.0483	27439	99.63
m21038_251021_063356/267059851/ccs	0.995987	23.9653	5887	99.71
m21038_250919_092912/137563743/ccs	0.995489	23.4573	7093	99.77
m21038_251021_063356/31590701/ccs	0.999838	37.9048	13144	99.85
m21038_251021_063356/45157956/ccs	1	60	4266	99.93
m21038_251021_063356/194971919/ccs	0.999995	53.0103	4701	99.74
m21038_250919_092912/40571114/ccs	0.999987	48.8606	6367	99.94
m21038_250919_092912/224329967/ccs	0.999998	56.9897	4799	99.77
m21038_251021_063356/55181581/ccs	0.999989	49.5861	4880	99.75
m21038_250919_092912/143786614/ccs	0.999674	34.8678	6088	99.93
m21038_251021_063356/3216264/ccs	0.999972	45.5284	4219	99.95
m21038_251021_063356/183304726/ccs	0.998876	29.4923	6130	99.82
m21038_250919_092912/174395718/ccs	0.999885	39.393	10053	99.78
m21038_250919_092912/67440411/ccs	0.999837	37.8781	8286	99.74
m21038_251021_063356/133565425/ccs	0.999005	30.0218	9406	99.76
m21038_250919_092912/153555693/ccs	0.994308	22.4474	7016	99.65
m21038_250919_092912/127405500/ccs	0.999656	34.6344	5386	99.93
m21038_251021_063356/115870391/ccs	0.999976	46.1979	6239	99.39
m21038_250919_092912/87623399/ccs	1	60	3958	99.72
m21038_250919_092912/175835099/ccs	0.999978	46.5758	3571	99.97
m21038_251021_063356/90770899/ccs	0.999501	33.019	4893	99.77
m21038_250919_092912/82843184/ccs	0.999994	52.2185	7081	99.80
m21038_250919_092912/79560848/ccs	0.999988	49.2082	6462	99.84
m21038_251021_063356/108070314/ccs	0.999996	53.9794	4750	99.51
m21038_250919_092912/32312528/ccs	0.996258	24.269	31179	99.52
m21038_251021_063356/235537645/ccs	0.999945	42.5964	8536	99.81
m21038_250919_092912/233768719/ccs	0.99999	50	7673	99.78
m21038_251021_063356/29036347/ccs	0.999999	60	3378	99.85
m21038_251021_063356/54661228/ccs	0.999764	36.2709	8232	99.76
m21038_250919_092912/116397248/ccs	0.999982	47.4473	4961	98.66
m21038_250919_092912/194577919/ccs	0.999578	33.7469	4673	98.71
m21038_250919_092912/153291412/ccs	1	60	7594	99.76
m21038_251021_063356/86638953/ccs	0.996934	25.1343	6328	99.82
m21038_251021_063356/188092631/ccs	0.997493	26.0085	6682	99.75
m21038_251021_063356/159714635/ccs	0.999995	53.0103	4191	99.66
m21038_250919_092912/191695827/ccs	0.999995	53.0103	5824	99.86
m21038_250919_092912/208863555/ccs	1	60	2646	98.90
m21038_250919_092912/117772253/ccs	0.999775	36.4782	9068	99.74
m21038_250919_092912/187371032/ccs	0.999998	56.9897	5590	99.73
m21038_250919_092912/25692940/ccs	0.999696	35.1713	8223	99.74
m21038_250919_092912/87494203/ccs	0.999974	45.8503	6482	99.68
m21038_250919_092912/145952061/ccs	1	60	4351	99.85
m21038_251021_063356/99681034/ccs	1	60	4441	99.63
m21038_250919_092912/143134920/ccs	0.999904	40.1773	8221	99.63
m21038_250919_092912/218368517/ccs	0.999998	56.9897	7255	99.70
m21038_250919_092912/211423715/ccs	0.994956	22.9722	14433	99.45
m21038_250919_092912/243599499/ccs	0.999988	49.2082	4809	98.65
m21038_250919_092912/14748136/ccs	0.999459	32.668	5797	99.64
m21038_250919_092912/180489291/ccs	0.999961	44.0894	3500	99.83
m21038_250919_092912/180027755/ccs	0.999985	48.2391	3909	99.74
