read_id	rq	qv	read_length	iden
m21038_250922_054922/13897405/ccs	0.991411	20.6606	24264	99.21
m21038_251022_065109/217388227/ccs	0.994016	22.2301	21282	99.19
m21038_250922_054922/257952343/ccs	0.998437	28.0604	13345	99.84
m21038_251022_065109/179701790/ccs	0.992782	21.4158	14769	99.83
m21038_250922_054922/257426292/ccs	0.995853	23.8227	13445	99.86
m21038_250922_054922/194645729/ccs	0.997504	26.0276	19895	99.68
m21038_250922_054922/23925805/ccs	0.999995	53.0103	8533	99.92
m21038_250922_054922/18028184/ccs	0.999947	42.7572	4294	99.91
m21038_250922_054922/126554867/ccs	0.995648	23.6131	19525	99.67
m21038_251022_065109/221386235/ccs	0.999722	35.5596	27589	99.82
m21038_250922_054922/141760075/ccs	0.997214	25.5502	10647	99.08
m21038_250922_054922/54463959/ccs	0.998389	27.929	6715	99.91
m21038_251022_065109/197334435/ccs	0.999947	42.7572	16466	99.76
m21038_251022_065109/72155685/ccs	0.999859	38.5078	9938	99.57
m21038_251022_065109/259983691/ccs	0.997998	26.9854	27531	99.64
m21038_250922_054922/2100638/ccs	0.995779	23.7458	17527	99.61
m21038_250922_054922/148836072/ccs	0.999936	41.9382	6519	99.89
m21038_250922_054922/44766840/ccs	0.995031	23.0373	26985	99.60
m21038_251022_065109/248255063/ccs	0.997623	26.2397	5360	99.91
m21038_250922_054922/219420062/ccs	0.999854	38.3565	16482	99.41
m21038_250922_054922/237766818/ccs	0.999038	30.1682	23966	99.64
m21038_251022_065109/51317390/ccs	0.997669	26.3246	25201	99.63
m21038_250922_054922/95553373/ccs	0.999922	41.0791	11142	99.69
m21038_251022_065109/199626847/ccs	0.999953	43.279	9801	99.80
m21038_250922_054922/93000316/ccs	0.998636	28.6519	8116	99.89
m21038_250922_054922/49220133/ccs	0.999993	51.549	5555	99.48
m21038_251022_065109/47515137/ccs	0.999879	39.1721	7710	99.18
m21038_250922_054922/72679732/ccs	1	60	7243	99.63
m21038_250922_054922/123996319/ccs	0.999994	52.2185	8265	99.56
m21038_251022_065109/180426224/ccs	0.996782	24.9241	14798	99.32
m21038_250922_054922/200016202/ccs	0.998937	29.7347	8745	99.55
m21038_251022_065109/4132359/ccs	0.999991	50.4576	4505	99.93
m21038_250922_054922/266275042/ccs	0.999859	38.5078	8796	99.59
m21038_251022_065109/225314796/ccs	0.999691	35.1004	5788	99.90
m21038_251022_065109/178192590/ccs	1	60	3686	99.95
m21038_250922_054922/124977459/ccs	0.999635	34.3771	18731	99.78
m21038_251022_065109/112595979/ccs	1	60	3280	98.93
m21038_250922_054922/70583222/ccs	0.999943	42.4413	5551	98.86
m21038_250922_054922/105780950/ccs	0.999921	41.0237	3657	99.89
m21038_251022_065109/106498256/ccs	0.990438	20.1945	28570	99.77
m21038_251022_065109/179110440/ccs	1	60	4858	99.73
m21038_250922_054922/194252677/ccs	0.999434	32.4718	26044	99.80
m21038_250922_054922/15206158/ccs	0.999886	39.431	10031	99.63
m21038_250922_054922/140449492/ccs	0.999772	36.4207	12704	99.70
m21038_251022_065109/105579565/ccs	0.992778	21.4134	12613	99.62
m21038_250922_054922/162071732/ccs	0.999979	46.7778	6598	99.32
m21038_250922_054922/120260513/ccs	0.998812	29.2518	26649	99.81
m21038_250922_054922/85133161/ccs	0.99518	23.1695	11007	98.72
m21038_251022_065109/240519802/ccs	0.999096	30.4383	25158	99.91
m21038_251022_065109/17498532/ccs	0.999258	31.296	21950	99.90
m21038_250922_054922/131400892/ccs	0.999096	30.4383	20522	99.92
m21038_250922_054922/82644281/ccs	0.998698	28.8539	25929	99.72
m21038_251022_065109/5114802/ccs	0.998915	29.6457	26985	99.92
m21038_250922_054922/234227581/ccs	0.991979	20.9577	22455	99.74
m21038_251022_065109/182326090/ccs	0.999732	35.7187	17819	99.89
m21038_250922_054922/152507124/ccs	0.995868	23.8384	29612	99.91
m21038_251022_065109/169808425/ccs	0.998994	29.974	22767	99.76
m21038_250922_054922/79562881/ccs	0.999742	35.8838	21862	99.92
m21038_250922_054922/52300104/ccs	0.998862	29.4386	33427	99.93
m21038_250922_054922/198182216/ccs	0.997005	25.236	30926	99.90
m21038_250922_054922/54919841/ccs	0.998723	28.9381	28657	99.78
m21038_251022_065109/216730622/ccs	0.992086	21.016	23270	99.87
m21038_250922_054922/213191826/ccs	0.999745	35.9346	19497	99.90
m21038_251022_065109/100207477/ccs	0.994483	22.583	22878	99.83
m21038_251022_065109/55054598/ccs	0.999904	40.1773	18344	99.93
m21038_250922_054922/78120324/ccs	0.999613	34.1229	17929	99.93
m21038_251022_065109/72160257/ccs	0.999685	35.0169	24049	99.90
m21038_251022_065109/179375099/ccs	0.999867	38.7615	15856	99.93
m21038_251022_065109/70190364/ccs	0.999563	33.5952	17444	99.82
m21038_251022_065109/141430853/ccs	0.999704	35.2871	24192	99.93
m21038_251022_065109/173474808/ccs	0.996031	24.0132	36832	99.87
m21038_251022_065109/266995300/ccs	0.999941	42.2915	11539	99.91
m21038_251022_065109/135993003/ccs	0.999497	32.9843	28753	99.91
m21038_250922_054922/197857079/ccs	0.999543	33.4008	12064	99.80
m21038_251022_065109/79695144/ccs	0.999827	37.6195	10767	99.87
m21038_250922_054922/252708715/ccs	0.990926	20.422	14865	99.74
m21038_251022_065109/115087237/ccs	0.998416	28.0024	14860	99.89
m21038_250922_054922/25826165/ccs	0.999316	31.6494	23727	99.87
m21038_250922_054922/172164341/ccs	0.995253	23.2358	23953	99.77
m21038_250922_054922/188093363/ccs	0.999903	40.1323	11256	99.93
m21038_250922_054922/99682028/ccs	0.999906	40.2687	7935	99.92
m21038_250922_054922/178524857/ccs	0.999858	38.4771	18754	99.93
m21038_251022_065109/163384863/ccs	0.999989	49.5861	9607	99.94
m21038_250922_054922/24385073/ccs	0.999854	38.3565	15137	99.94
m21038_250922_054922/51910405/ccs	0.999466	32.7246	19357	99.92
m21038_250922_054922/19141968/ccs	0.999957	43.6653	11862	99.95
m21038_250922_054922/186648162/ccs	0.999794	36.8613	15509	99.94
m21038_250922_054922/105187697/ccs	0.999978	46.5758	9784	99.95
m21038_250922_054922/53153013/ccs	0.999964	44.437	11838	99.95
m21038_250922_054922/123605055/ccs	0.999921	41.0237	13882	99.94
m21038_250922_054922/203555408/ccs	0.999416	32.3359	14104	99.95
m21038_250922_054922/189598044/ccs	0.999427	32.4185	15704	99.96
m21038_251022_065109/79893632/ccs	0.9995	33.0103	19458	99.95
m21038_251022_065109/28314199/ccs	0.99871	28.8941	20168	99.92
m21038_251022_065109/155850569/ccs	0.999835	37.8252	12011	99.95
m21038_251022_065109/174065510/ccs	0.998845	29.3742	9510	99.97
m21038_250922_054922/187892077/ccs	0.999982	47.4473	6805	99.97
m21038_251022_065109/116720725/ccs	0.999998	56.9897	7750	99.97
m21038_250922_054922/36639928/ccs	0.999654	34.6092	4686	99.98
m21038_250922_054922/214438201/ccs	0.996206	24.209	19857	99.85
m21038_251022_065109/106762499/ccs	0.998997	29.987	25222	99.94
m21038_251022_065109/181405332/ccs	0.99974	35.8503	16955	99.91
m21038_251022_065109/41291604/ccs	0.99992	40.9691	4590	99.98
m21038_250922_054922/31265441/ccs	0.999937	42.0066	9989	99.97
m21038_250922_054922/97455968/ccs	0.995143	23.1363	32400	99.90
m21038_251022_065109/154143982/ccs	0.998538	28.3505	6008	99.97
m21038_250922_054922/38013445/ccs	0.999947	42.7572	12065	99.92
m21038_251022_065109/149491175/ccs	0.999991	50.4576	4942	99.98
m21038_251022_065109/21107743/ccs	0.998668	28.755	35218	99.94
m21038_251022_065109/146605136/ccs	0.999716	35.4668	11658	99.96
m21038_250922_054922/52106917/ccs	1	60	5936	99.97
m21038_251022_065109/116461152/ccs	0.999869	38.8273	5308	99.96
m21038_250922_054922/23269847/ccs	0.999812	37.2584	12143	99.93
m21038_250922_054922/64161510/ccs	0.999234	31.1577	23994	99.85
m21038_251022_065109/125242235/ccs	0.999834	37.7989	21971	99.95
m21038_251022_065109/137565929/ccs	0.999137	30.6399	28502	99.94
m21038_251022_065109/36639796/ccs	0.999895	39.7881	11650	99.93
m21038_251022_065109/117833961/ccs	0.99999	50	7562	99.93
m21038_251022_065109/205984606/ccs	0.999995	53.0103	2518	99.96
m21038_250922_054922/42078729/ccs	0.999993	51.549	6027	99.95
m21038_250922_054922/127930803/ccs	0.99998	46.9897	3431	99.97
m21038_250922_054922/11797641/ccs	0.997962	26.908	19583	99.93
m21038_251022_065109/249432546/ccs	0.999748	35.986	19987	99.95
m21038_250922_054922/237896978/ccs	1	60	4820	99.94
m21038_250922_054922/102826487/ccs	1	60	4518	99.93
m21038_251022_065109/204671204/ccs	0.999999	60	4806	99.94
m21038_251022_065109/240585335/ccs	0.999999	60	9244	99.95
m21038_251022_065109/200152690/ccs	0.998022	27.0377	31386	99.93
m21038_251022_065109/51839821/ccs	0.998225	27.508	17089	99.94
m21038_251022_065109/31918302/ccs	0.992648	21.3359	26445	99.83
m21038_250922_054922/35327672/ccs	0.99293	21.5058	23411	99.82
m21038_251022_065109/46402549/ccs	0.999988	49.2082	4118	99.95
m21038_251022_065109/168956292/ccs	1	60	6012	99.93
m21038_250922_054922/174852324/ccs	0.999303	31.5677	20223	99.82
m21038_250922_054922/175509801/ccs	1	60	6016	99.87
m21038_251022_065109/75696873/ccs	0.997872	26.7203	8729	99.86
m21038_250922_054922/80413689/ccs	1	60	3404	99.94
m21038_251022_065109/224200074/ccs	1	60	4512	99.93
m21038_251022_065109/34670244/ccs	0.999732	35.7187	13426	99.94
m21038_250922_054922/216336027/ccs	0.999977	46.3827	9972	99.93
m21038_250922_054922/62393426/ccs	0.999846	38.1248	6095	99.92
m21038_251022_065109/88475185/ccs	0.999757	36.1439	18440	99.92
m21038_250922_054922/177078747/ccs	0.999885	39.393	19353	99.92
m21038_250922_054922/20386698/ccs	0.999859	38.5078	13889	99.93
m21038_250922_054922/239470082/ccs	0.999998	56.9897	7918	99.84
m21038_250922_054922/92800955/ccs	0.996599	24.6839	29417	99.91
m21038_251022_065109/7146649/ccs	0.999914	40.655	7967	99.84
m21038_250922_054922/181604147/ccs	0.998546	28.3744	22263	99.93
m21038_250922_054922/92932396/ccs	1	60	5554	99.91
m21038_250922_054922/11928494/ccs	0.999028	30.1233	10816	99.80
m21038_250922_054922/53084291/ccs	0.999679	34.9349	15386	99.92
m21038_251022_065109/65540885/ccs	0.992929	21.5052	20204	99.73
m21038_251022_065109/202838481/ccs	0.999501	33.019	9107	99.95
m21038_251022_065109/94506211/ccs	0.999819	37.4232	17468	99.82
m21038_250922_054922/85723851/ccs	0.995279	23.2597	17584	99.90
m21038_250922_054922/9769066/ccs	0.99988	39.2082	6049	99.93
m21038_251022_065109/158402113/ccs	0.999845	38.0967	15512	99.81
m21038_251022_065109/95884902/ccs	0.999504	33.0452	21082	99.93
m21038_251022_065109/207817683/ccs	0.999986	48.5387	4175	99.93
m21038_250922_054922/14946047/ccs	0.997302	25.6896	22586	99.90
m21038_250922_054922/39259388/ccs	0.999928	41.4267	11817	99.96
m21038_250922_054922/214896827/ccs	1	60	5099	99.94
m21038_250922_054922/113182355/ccs	0.999849	38.2102	7894	99.96
m21038_251022_065109/27070819/ccs	0.998349	27.8225	20313	99.92
m21038_251022_065109/254738799/ccs	0.99997	45.2288	12252	99.95
m21038_251022_065109/76218626/ccs	0.999766	36.3078	16255	99.83
m21038_251022_065109/115410879/ccs	0.999897	39.8716	12456	99.80
m21038_251022_065109/168825627/ccs	0.998903	29.5979	12733	99.80
m21038_251022_065109/68029845/ccs	0.999473	32.7819	28985	99.82
m21038_250922_054922/31000265/ccs	0.99999	50	8519	99.79
m21038_250922_054922/5704299/ccs	0.999884	39.3554	6746	99.96
m21038_250922_054922/115544643/ccs	0.999315	31.6431	23013	99.80
m21038_251022_065109/120329875/ccs	0.999919	40.9151	15670	99.83
m21038_251022_065109/264374727/ccs	0.996664	24.7677	14242	99.81
m21038_251022_065109/216532552/ccs	0.999947	42.7572	8352	99.94
m21038_250922_054922/94112530/ccs	0.999528	33.2606	15427	99.94
m21038_250922_054922/135336425/ccs	0.999951	43.098	2724	99.96
m21038_250922_054922/121111932/ccs	0.999907	40.3152	14634	99.93
m21038_251022_065109/61542498/ccs	0.999954	43.3724	5065	99.96
m21038_251022_065109/181802040/ccs	0.999835	37.8252	4761	99.79
m21038_250922_054922/166989028/ccs	0.999963	44.318	7975	99.94
m21038_250922_054922/185798754/ccs	0.999226	31.1126	14804	99.82
m21038_251022_065109/104992618/ccs	0.998401	27.9615	15255	99.80
m21038_250922_054922/95491006/ccs	0.999983	47.6955	9904	99.80
m21038_250922_054922/23270615/ccs	0.999595	33.9254	24025	99.82
m21038_251022_065109/133174868/ccs	0.999837	37.8781	10426	99.94
m21038_250922_054922/120063482/ccs	0.99993	41.549	10211	99.94
m21038_250922_054922/210965220/ccs	0.999999	60	5326	99.98
m21038_250922_054922/26219731/ccs	0.998533	28.3357	13744	99.83
m21038_251022_065109/244126832/ccs	0.999996	53.9794	8385	99.79
m21038_251022_065109/127274402/ccs	0.998899	29.5821	26117	99.81
m21038_250922_054922/194052140/ccs	0.999843	38.041	17614	99.94
m21038_250922_054922/59380420/ccs	0.996712	24.8307	25985	99.93
m21038_250922_054922/49220827/ccs	0.999996	53.9794	8610	99.91
m21038_251022_065109/257758991/ccs	0.99934	31.8046	24584	99.95
m21038_251022_065109/157615570/ccs	0.999936	41.9382	17515	99.94
m21038_250922_054922/64359643/ccs	0.999998	56.9897	4424	99.91
m21038_250922_054922/226100265/ccs	0.999916	40.7572	9448	99.92
m21038_250922_054922/199233937/ccs	0.999902	40.0877	8968	99.93
m21038_250922_054922/67965716/ccs	0.999913	40.6048	18832	99.94
m21038_250922_054922/202375949/ccs	0.999902	40.0877	9776	99.91
m21038_250922_054922/46534497/ccs	0.999364	31.9654	20373	99.81
m21038_250922_054922/101122780/ccs	0.999971	45.376	7198	99.89
m21038_250922_054922/28574474/ccs	0.999899	39.9568	10437	99.91
m21038_251022_065109/49155306/ccs	0.998159	27.3495	26770	99.94
m21038_250922_054922/52303031/ccs	0.999527	33.2514	7753	99.85
m21038_251022_065109/79040710/ccs	0.998927	29.694	21959	99.93
m21038_251022_065109/174851452/ccs	0.999491	32.9328	24631	99.95
m21038_251022_065109/223416465/ccs	0.999903	40.1323	17031	99.81
m21038_250922_054922/48695208/ccs	0.999998	56.9897	6825	99.93
m21038_250922_054922/61407666/ccs	0.999876	39.0658	9029	99.93
m21038_251022_065109/112593399/ccs	1	60	3706	99.97
m21038_251022_065109/157357104/ccs	0.992905	21.4905	21897	99.87
m21038_250922_054922/30347912/ccs	0.999942	42.3657	3714	99.87
m21038_250922_054922/111088541/ccs	0.999328	31.7263	16050	99.93
m21038_250922_054922/177080200/ccs	0.999982	47.4473	11597	99.92
m21038_251022_065109/51317411/ccs	0.999485	32.8819	21085	99.83
m21038_251022_065109/263389775/ccs	0.997368	25.7971	34056	99.92
m21038_250922_054922/114888291/ccs	0.999943	42.4413	9249	99.81
m21038_250922_054922/69469256/ccs	0.999969	45.0864	10022	99.94
m21038_250922_054922/139203385/ccs	0.995227	23.2121	30746	99.80
m21038_250922_054922/237241845/ccs	0.999716	35.4668	19335	99.95
m21038_250922_054922/196482634/ccs	0.997903	26.784	29335	99.92
m21038_250922_054922/82447006/ccs	0.999703	35.2724	7039	99.91
m21038_250922_054922/15405496/ccs	0.999922	41.0791	10589	99.94
m21038_251022_065109/135467379/ccs	0.995657	23.6221	20539	99.93
m21038_251022_065109/127800929/ccs	0.999916	40.7572	5079	99.88
m21038_250922_054922/175707813/ccs	0.997711	26.4035	23333	99.94
m21038_251022_065109/208213952/ccs	0.999463	32.7003	13115	99.82
m21038_251022_065109/227344722/ccs	0.998228	27.5154	27426	99.93
m21038_250922_054922/132645433/ccs	0.999921	41.0237	12366	99.97
m21038_250922_054922/243599725/ccs	0.996197	24.1987	22772	99.90
m21038_250922_054922/128324919/ccs	0.999987	48.8606	14214	99.96
m21038_251022_065109/79627938/ccs	0.999941	42.2915	6807	99.81
m21038_250922_054922/17240645/ccs	0.999553	33.4969	3646	99.86
m21038_250922_054922/125179003/ccs	0.999011	30.048	30512	99.93
m21038_250922_054922/42337885/ccs	0.999004	30.0174	19056	99.85
m21038_250922_054922/35918806/ccs	0.999985	48.2391	6606	99.77
m21038_250922_054922/181802021/ccs	0.999647	34.5223	7599	99.95
m21038_250922_054922/129043803/ccs	0.999341	31.8111	21927	99.85
m21038_250922_054922/246154444/ccs	0.998617	28.5918	22818	99.85
m21038_250922_054922/20059795/ccs	0.99956	33.5655	17507	99.95
m21038_250922_054922/183504546/ccs	0.999946	42.6761	4358	99.98
m21038_251022_065109/89460140/ccs	0.99932	31.6749	20636	99.93
m21038_251022_065109/117182096/ccs	0.999935	41.8709	5017	99.96
m21038_251022_065109/62327763/ccs	0.999817	37.3755	19044	99.92
m21038_250922_054922/91230725/ccs	0.994315	22.4527	20580	99.89
m21038_251022_065109/195825973/ccs	0.999346	31.8442	13950	99.81
m21038_251022_065109/214831715/ccs	0.999972	45.5284	14294	99.82
m21038_250922_054922/66258650/ccs	0.999985	48.2391	6426	99.76
m21038_250922_054922/88605957/ccs	0.999983	47.6955	4795	99.96
m21038_251022_065109/49678651/ccs	0.999831	37.7211	9747	99.96
m21038_251022_065109/235409191/ccs	0.999821	37.4715	15628	99.95
m21038_251022_065109/206440596/ccs	0.999763	36.2525	4950	99.94
m21038_251022_065109/226100115/ccs	0.999359	31.9314	16427	99.90
m21038_251022_065109/68093860/ccs	0.999886	39.431	7833	99.95
m21038_250922_054922/85918685/ccs	0.999995	53.0103	3634	99.94
m21038_250922_054922/197462369/ccs	0.999063	30.2826	25098	99.93
m21038_250922_054922/52233060/ccs	0.999347	31.8509	14719	99.86
m21038_251022_065109/67767493/ccs	0.999816	37.3518	19648	99.92
m21038_250922_054922/34604929/ccs	0.99897	29.8716	21395	99.93
m21038_250922_054922/91029591/ccs	0.999973	45.6864	9432	99.94
m21038_250922_054922/104398952/ccs	0.996401	24.4382	12544	99.93
m21038_250922_054922/156697699/ccs	0.999813	37.2816	19087	99.93
m21038_251022_065109/70194236/ccs	0.999972	45.5284	11958	99.97
m21038_251022_065109/155977956/ccs	0.999692	35.1145	25345	99.93
m21038_250922_054922/55574997/ccs	0.99865	28.6967	16800	99.92
m21038_251022_065109/226233118/ccs	0.999998	56.9897	4387	99.93
m21038_250922_054922/126618786/ccs	0.998738	28.9894	18650	99.92
m21038_250922_054922/26018948/ccs	0.999901	40.0436	16158	99.89
m21038_250922_054922/197137497/ccs	0.993118	21.6229	15352	99.86
m21038_250922_054922/166530078/ccs	0.999971	45.376	13000	99.88
m21038_251022_065109/111218665/ccs	0.998365	27.8648	22147	99.93
m21038_250922_054922/131793717/ccs	0.998724	28.9415	19621	99.92
m21038_251022_065109/141955944/ccs	0.999931	41.6115	9514	99.87
m21038_251022_065109/177406643/ccs	0.999935	41.8709	9705	99.91
m21038_251022_065109/241832208/ccs	0.998039	27.0752	23821	99.94
m21038_250922_054922/125307252/ccs	0.99995	43.0103	8662	99.90
m21038_250922_054922/101190393/ccs	0.999876	39.0658	8080	99.89
m21038_251022_065109/215092335/ccs	1	60	4673	99.96
m21038_251022_065109/32051386/ccs	0.999706	35.3165	7559	99.89
m21038_251022_065109/134944052/ccs	0.995869	23.8394	12077	99.87
m21038_251022_065109/147196280/ccs	0.996851	25.0183	19827	99.90
m21038_251022_065109/201133955/ccs	0.997549	26.1066	17861	99.89
m21038_251022_065109/152311429/ccs	0.998758	29.0588	19221	99.93
m21038_250922_054922/97784711/ccs	0.998666	28.7484	20538	99.93
m21038_250922_054922/80282496/ccs	0.999876	39.0658	18364	99.92
m21038_251022_065109/57478684/ccs	0.997759	26.4956	26011	99.88
m21038_250922_054922/136708350/ccs	0.999818	37.3993	11576	99.91
m21038_251022_065109/128193215/ccs	0.999975	46.0206	12697	99.92
m21038_250922_054922/11732252/ccs	0.996094	24.0827	18171	99.88
m21038_250922_054922/160764595/ccs	0.995365	23.3395	10252	99.81
m21038_251022_065109/238094884/ccs	0.999747	35.9688	10567	99.91
m21038_250922_054922/133895589/ccs	0.999964	44.437	10264	99.91
m21038_251022_065109/210504722/ccs	0.999089	30.4048	21236	99.94
m21038_250922_054922/56233290/ccs	0.999983	47.6955	4948	99.92
m21038_250922_054922/40764043/ccs	0.999546	33.4294	6361	99.97
m21038_250922_054922/152243707/ccs	0.999995	53.0103	5590	100.00
m21038_251022_065109/236193569/ccs	0.999958	43.7675	6267	99.98
m21038_250922_054922/258869305/ccs	0.999952	43.1876	8818	99.91
m21038_251022_065109/209981051/ccs	0.997685	26.3545	31882	99.93
m21038_250922_054922/109972571/ccs	0.999924	41.1919	8219	99.90
m21038_251022_065109/89655001/ccs	0.999981	47.2125	12988	99.92
m21038_251022_065109/30804516/ccs	0.999829	37.67	19939	99.94
m21038_250922_054922/55053544/ccs	0.997817	26.6095	22296	99.93
m21038_251022_065109/234360524/ccs	0.999361	31.945	9116	99.90
m21038_250922_054922/139988572/ccs	0.99565	23.6151	20986	99.89
m21038_250922_054922/65802810/ccs	0.999508	33.0803	4434	100.00
m21038_250922_054922/73535889/ccs	0.999996	53.9794	6429	99.87
m21038_251022_065109/225577394/ccs	0.998479	28.1787	32702	99.95
m21038_251022_065109/65933699/ccs	0.997679	26.3432	14869	99.91
m21038_250922_054922/116982991/ccs	0.996163	24.1601	27394	99.93
m21038_251022_065109/196546091/ccs	0.999787	36.7162	23297	99.89
m21038_251022_065109/204409784/ccs	0.999416	32.3359	21987	99.87
m21038_251022_065109/104598099/ccs	0.999941	42.2915	15339	99.89
m21038_251022_065109/165418749/ccs	1	60	5377	99.89
m21038_251022_065109/179115725/ccs	1	60	3692	99.97
m21038_251022_065109/23072722/ccs	0.99987	38.8606	18316	99.88
m21038_250922_054922/16384965/ccs	0.999928	41.4267	6147	99.87
m21038_250922_054922/108335544/ccs	0.998438	28.0632	22904	99.88
m21038_250922_054922/111346881/ccs	0.999951	43.098	8844	99.91
m21038_250922_054922/177406757/ccs	0.999732	35.7187	14625	99.92
m21038_250922_054922/28183696/ccs	0.998659	28.7257	36946	99.92
m21038_250922_054922/105452038/ccs	0.999755	36.1083	19720	99.92
m21038_250922_054922/66850504/ccs	0.999484	32.8735	12617	99.90
m21038_251022_065109/159519238/ccs	0.996519	24.583	31104	99.93
m21038_250922_054922/166004767/ccs	0.996018	23.999	19594	99.89
m21038_251022_065109/250612644/ccs	0.999103	30.4721	10847	99.91
m21038_251022_065109/20712122/ccs	0.997411	25.8687	22059	99.91
m21038_250922_054922/11339958/ccs	0.999728	35.6543	5248	99.79
m21038_251022_065109/143852554/ccs	0.999965	44.5593	3539	99.77
m21038_250922_054922/160694692/ccs	1	60	4111	99.83
m21038_250922_054922/47912231/ccs	0.999836	37.8516	17344	99.92
m21038_251022_065109/43062351/ccs	0.997175	25.4898	8242	99.25
m21038_250922_054922/204673477/ccs	0.999956	43.5655	5610	99.46
m21038_251022_065109/122491274/ccs	0.997355	25.7757	10361	99.88
m21038_250922_054922/196215494/ccs	0.998505	28.2536	9718	99.91
m21038_251022_065109/63311998/ccs	0.999994	52.2185	9051	99.92
m21038_250922_054922/52495970/ccs	0.993191	21.6692	15203	99.74
m21038_251022_065109/137102535/ccs	0.999898	39.914	18916	99.89
m21038_250922_054922/202901003/ccs	0.999605	34.034	16897	99.96
m21038_250922_054922/123410208/ccs	0.999826	37.5945	23915	99.60
m21038_250922_054922/161091297/ccs	0.999998	56.9897	5920	99.97
m21038_250922_054922/17828003/ccs	0.999841	37.986	6108	99.97
m21038_250922_054922/134877473/ccs	0.997864	26.704	18839	99.95
m21038_251022_065109/95556375/ccs	0.998436	28.0576	25716	99.63
m21038_251022_065109/51317570/ccs	0.999262	31.3194	7552	99.95
m21038_251022_065109/150864925/ccs	0.999727	35.6384	24874	99.96
m21038_250922_054922/188681431/ccs	0.999361	31.945	11485	99.87
m21038_250922_054922/194907738/ccs	0.999234	31.1577	20327	99.60
m21038_250922_054922/261818186/ccs	0.999675	34.8812	22552	99.59
m21038_250922_054922/43455524/ccs	0.99973	35.6864	14360	99.96
m21038_250922_054922/96272668/ccs	0.999321	31.6813	22349	99.61
m21038_250922_054922/154801245/ccs	0.997077	25.3417	25560	99.96
m21038_251022_065109/179701235/ccs	0.999217	31.0624	22509	99.62
m21038_251022_065109/200608137/ccs	0.994972	22.986	20128	99.87
m21038_251022_065109/22219399/ccs	0.997606	26.2088	4946	99.92
m21038_251022_065109/52368089/ccs	0.999974	45.8503	3926	99.95
m21038_250922_054922/136186826/ccs	0.99956	33.5655	3409	99.94
m21038_250922_054922/244910016/ccs	0.997464	25.9585	36948	99.54
m21038_250922_054922/185335876/ccs	0.998506	28.2565	13484	99.95
m21038_250922_054922/141363952/ccs	0.999908	40.3621	14468	99.97
m21038_250922_054922/203429207/ccs	1	60	4184	98.40
m21038_250922_054922/200938185/ccs	0.999292	31.4997	20768	99.64
m21038_251022_065109/241830915/ccs	0.999554	33.5067	24971	99.66
m21038_250922_054922/165941931/ccs	0.995082	23.0821	34229	99.63
m21038_250922_054922/179766235/ccs	0.997668	26.3227	23826	99.62
m21038_250922_054922/185599937/ccs	0.99999	50	11592	99.95
m21038_251022_065109/40436052/ccs	0.997271	25.64	22153	99.60
m21038_251022_065109/82840362/ccs	0.99935	31.8709	25344	99.62
m21038_251022_065109/219942126/ccs	0.999945	42.5964	7472	99.84
m21038_250922_054922/249367027/ccs	0.999974	45.8503	4165	99.98
m21038_250922_054922/182457031/ccs	0.997818	26.6115	21011	99.63
m21038_250922_054922/3347740/ccs	0.999806	37.122	17898	99.59
m21038_251022_065109/209064385/ccs	0.995253	23.2358	15448	99.94
m21038_250922_054922/236324281/ccs	0.99799	26.968	23252	99.64
m21038_251022_065109/13566298/ccs	0.999771	36.4016	4150	99.83
m21038_250922_054922/167840067/ccs	0.999849	38.2102	14850	99.89
m21038_251022_065109/62786763/ccs	0.999891	39.6257	20663	99.88
m21038_251022_065109/12193447/ccs	0.998032	27.0597	21367	99.63
m21038_250922_054922/45356557/ccs	0.999309	31.6052	28976	99.62
m21038_251022_065109/52369248/ccs	0.999435	32.4795	14109	99.59
m21038_251022_065109/54329935/ccs	0.999606	34.045	13061	99.52
m21038_251022_065109/39784025/ccs	0.99969	35.0864	24258	99.68
m21038_251022_065109/75372021/ccs	0.999949	42.9243	13715	99.56
m21038_251022_065109/43324798/ccs	0.999931	41.6115	19137	99.63
m21038_250922_054922/223808606/ccs	0.999894	39.7469	13740	99.56
m21038_251022_065109/215553802/ccs	0.999746	35.9517	25283	99.95
m21038_250922_054922/160828094/ccs	0.999926	41.3077	9687	99.42
m21038_251022_065109/227085447/ccs	0.999163	30.7727	25467	99.57
m21038_251022_065109/66061649/ccs	0.994524	22.6154	12508	99.94
m21038_251022_065109/76155160/ccs	0.999778	36.5365	15511	99.86
m21038_250922_054922/82121307/ccs	0.999377	32.0551	18331	99.63
m21038_251022_065109/70058304/ccs	0.999167	30.7935	25920	99.73
m21038_251022_065109/172429480/ccs	0.999651	34.5717	11165	99.51
m21038_251022_065109/174593145/ccs	0.999013	30.0568	25265	99.93
m21038_251022_065109/93066096/ccs	0.99995	43.0103	11795	99.55
m21038_250922_054922/46601201/ccs	0.999928	41.4267	3377	99.73
m21038_250922_054922/185929875/ccs	0.998381	27.9075	14781	99.64
m21038_251022_065109/87299765/ccs	0.999792	36.8194	14420	99.86
m21038_251022_065109/19008886/ccs	0.99987	38.8606	21483	99.69
m21038_250922_054922/229051043/ccs	0.999813	37.2816	8996	99.45
m21038_250922_054922/162924827/ccs	0.998328	27.7676	16886	99.69
m21038_250922_054922/150143123/ccs	0.999908	40.3621	9002	99.97
m21038_250922_054922/163315925/ccs	0.999883	39.3181	6067	99.79
m21038_250922_054922/1903474/ccs	0.997677	26.3395	30513	99.67
m21038_251022_065109/251594170/ccs	0.999608	34.0671	24788	99.94
m21038_251022_065109/7801701/ccs	0.999536	33.3348	16384	99.65
m21038_250922_054922/83363774/ccs	0.997609	26.2142	19883	99.73
m21038_250922_054922/258016503/ccs	0.999791	36.7985	22054	99.70
m21038_251022_065109/175638446/ccs	0.999855	38.3863	20933	99.65
m21038_250922_054922/103875769/ccs	0.999987	48.8606	9229	99.59
m21038_251022_065109/52825485/ccs	0.999212	31.0347	18438	99.97
m21038_251022_065109/164431481/ccs	0.998654	28.7095	9105	99.52
m21038_250922_054922/74059107/ccs	0.999837	37.8781	22190	99.94
m21038_251022_065109/161288031/ccs	0.997297	25.6815	27473	99.69
m21038_250922_054922/15730327/ccs	0.999989	49.5861	8687	99.90
m21038_251022_065109/189796345/ccs	0.999927	41.3668	12092	99.63
m21038_250922_054922/205526506/ccs	0.999928	41.4267	4994	99.94
m21038_251022_065109/11668869/ccs	0.999999	60	7918	99.90
m21038_251022_065109/205066290/ccs	0.999998	56.9897	5736	99.95
m21038_250922_054922/157355246/ccs	0.998422	28.0189	23454	99.75
m21038_251022_065109/178590925/ccs	0.99946	32.6761	19195	99.70
m21038_250922_054922/73269614/ccs	0.999859	38.5078	19195	99.75
m21038_251022_065109/83627322/ccs	0.999915	40.7058	3173	99.87
m21038_250922_054922/74581199/ccs	0.999533	33.3068	22003	99.60
m21038_250922_054922/194773153/ccs	0.997822	26.6194	24864	99.69
m21038_251022_065109/153293682/ccs	0.999922	41.0791	16417	99.97
m21038_250922_054922/17302845/ccs	0.999998	56.9897	7539	99.48
m21038_251022_065109/14879267/ccs	0.999495	32.9671	15801	99.68
m21038_250922_054922/200803001/ccs	0.999669	34.8017	9901	99.96
m21038_251022_065109/134287193/ccs	0.999637	34.4009	13846	99.96
m21038_251022_065109/161552263/ccs	1	60	3919	99.92
m21038_251022_065109/263062730/ccs	0.999935	41.8709	17223	99.95
m21038_251022_065109/128256383/ccs	0.999473	32.7819	16996	99.90
m21038_251022_065109/201656766/ccs	0.999829	37.67	18685	99.72
m21038_251022_065109/107285594/ccs	0.999801	37.0115	10120	99.66
m21038_250922_054922/7537914/ccs	0.997634	26.2599	11337	99.95
m21038_250922_054922/154928487/ccs	0.999982	47.4473	4983	99.42
m21038_251022_065109/131470769/ccs	0.999933	41.7393	3286	99.85
m21038_251022_065109/154406246/ccs	0.998224	27.5056	11350	99.96
m21038_250922_054922/61346805/ccs	0.999985	48.2391	5481	99.45
m21038_251022_065109/242352891/ccs	0.999828	37.6447	19336	99.78
m21038_250922_054922/81134433/ccs	0.999932	41.6749	12750	99.76
m21038_250922_054922/65213736/ccs	0.993415	21.8144	15554	99.94
m21038_250922_054922/34999415/ccs	0.99573	23.6957	13927	99.72
m21038_250922_054922/73799362/ccs	0.999768	36.3451	4532	99.38
m21038_251022_065109/51511575/ccs	1	60	6595	99.56
m21038_251022_065109/81395835/ccs	0.997251	25.6083	15813	99.73
m21038_251022_065109/77600022/ccs	0.99995	43.0103	16966	99.74
m21038_251022_065109/129831954/ccs	0.999953	43.279	14339	99.97
m21038_250922_054922/63048896/ccs	0.999995	53.0103	8524	99.71
m21038_251022_065109/87429242/ccs	0.999984	47.9588	8908	99.75
m21038_250922_054922/228065724/ccs	0.999989	49.5861	14826	99.77
m21038_250922_054922/108006183/ccs	0.999985	48.2391	5515	99.93
m21038_250922_054922/213518956/ccs	0.999508	33.0803	22746	99.81
m21038_251022_065109/253428825/ccs	0.995946	23.9212	9234	99.97
m21038_250922_054922/184223007/ccs	0.999997	55.2288	9357	99.97
m21038_250922_054922/68422006/ccs	0.999685	35.0169	18026	99.77
m21038_251022_065109/119148665/ccs	0.999723	35.5752	18886	99.83
m21038_251022_065109/222366280/ccs	0.99995	43.0103	3191	99.87
m21038_250922_054922/66847537/ccs	0.998347	27.8173	19456	99.78
m21038_251022_065109/134811177/ccs	0.999614	34.1341	23002	99.78
m21038_251022_065109/155452752/ccs	0.999385	32.1112	25317	99.93
m21038_250922_054922/106108410/ccs	0.999834	37.7989	19525	99.72
m21038_250922_054922/235930873/ccs	0.998792	29.1793	29435	99.82
m21038_251022_065109/109710231/ccs	0.999886	39.431	20527	99.80
m21038_250922_054922/60295931/ccs	0.999954	43.3724	14451	99.85
m21038_250922_054922/32246966/ccs	0.996529	24.5955	12131	99.83
m21038_250922_054922/76418774/ccs	0.999938	42.0761	10704	99.96
m21038_250922_054922/13964567/ccs	0.999612	34.1117	20935	99.89
m21038_250922_054922/156829630/ccs	0.995319	23.2966	7085	99.82
m21038_251022_065109/245699036/ccs	0.995346	23.3217	11193	99.96
m21038_250922_054922/140509745/ccs	0.999947	42.7572	4517	100.00
m21038_250922_054922/231014987/ccs	0.996661	24.7638	10248	99.97
m21038_250922_054922/187761299/ccs	0.998619	28.5981	10613	99.87
m21038_250922_054922/213977685/ccs	0.999681	34.9621	7581	100.00
m21038_250922_054922/35524392/ccs	0.999848	38.1816	4454	99.78
m21038_250922_054922/38279001/ccs	0.999888	39.5078	17237	99.87
m21038_250922_054922/213058660/ccs	0.999337	31.7849	23915	99.82
m21038_250922_054922/194905331/ccs	0.999199	30.9637	4950	99.96
m21038_250922_054922/217579873/ccs	0.999181	30.8672	9035	99.99
m21038_250922_054922/204674624/ccs	0.994758	22.805	28376	99.54
m21038_250922_054922/99095750/ccs	0.996332	24.3557	7345	99.99
m21038_251022_065109/21759969/ccs	0.999975	46.0206	6128	99.82
m21038_251022_065109/108989731/ccs	1	60	6480	99.81
m21038_250922_054922/39586256/ccs	0.999932	41.6749	9357	99.93
m21038_250922_054922/171051503/ccs	0.999944	42.5181	8016	99.93
m21038_251022_065109/87167050/ccs	0.998012	27.0158	19063	99.84
m21038_251022_065109/150935451/ccs	0.999659	34.6725	18812	99.88
m21038_251022_065109/162860080/ccs	0.99929	31.4874	14915	99.91
m21038_250922_054922/126029535/ccs	0.999657	34.6471	14960	99.96
m21038_251022_065109/107614255/ccs	0.999992	50.9691	4177	99.86
m21038_250922_054922/192351073/ccs	0.99944	32.5181	27002	99.77
m21038_250922_054922/70849093/ccs	0.996533	24.6005	6131	99.80
m21038_250922_054922/192089424/ccs	0.999917	40.8092	14906	99.87
m21038_250922_054922/106960026/ccs	0.999958	43.7675	11828	99.83
m21038_250922_054922/216993147/ccs	1	60	2813	99.82
m21038_250922_054922/231932836/ccs	0.999524	33.2239	22125	99.67
m21038_250922_054922/182323940/ccs	0.999844	38.0688	13108	99.96
m21038_250922_054922/80676395/ccs	0.999983	47.6955	7723	99.99
m21038_251022_065109/203621400/ccs	0.999849	38.2102	10538	99.84
m21038_251022_065109/178458522/ccs	0.998896	29.5703	32393	99.59
m21038_250922_054922/12649741/ccs	0.999977	46.3827	3511	99.80
m21038_251022_065109/185272997/ccs	0.999986	48.5387	7994	99.86
m21038_250922_054922/162793161/ccs	0.999748	35.986	6567	99.98
m21038_250922_054922/101125522/ccs	0.999649	34.5469	17230	99.89
m21038_251022_065109/243796305/ccs	0.999992	50.9691	8040	99.86
m21038_251022_065109/51580418/ccs	0.999862	38.6012	7528	99.85
m21038_251022_065109/225579315/ccs	0.999967	44.8149	11959	99.92
m21038_251022_065109/217320055/ccs	0.998717	28.9177	21692	99.94
m21038_251022_065109/160634038/ccs	0.999778	36.5365	5650	99.89
m21038_251022_065109/98830843/ccs	0.999983	47.6955	7576	99.87
m21038_251022_065109/166135952/ccs	0.995186	23.1749	20265	99.80
m21038_250922_054922/102043822/ccs	0.998224	27.5056	13536	99.79
m21038_250922_054922/12389958/ccs	0.999815	37.3283	15911	99.88
m21038_251022_065109/204473539/ccs	0.999828	37.6447	12842	99.88
m21038_250922_054922/263062636/ccs	0.999969	45.0864	10767	99.92
m21038_251022_065109/222171040/ccs	0.999623	34.2366	13760	99.96
m21038_250922_054922/16712071/ccs	0.999612	34.1117	19036	99.60
m21038_251022_065109/215815946/ccs	1	60	6316	99.87
m21038_250922_054922/156764432/ccs	0.999436	32.4872	8868	99.88
m21038_251022_065109/223281245/ccs	0.99998	46.9897	7873	99.86
m21038_251022_065109/214042229/ccs	0.999997	55.2288	6582	99.88
m21038_250922_054922/106632152/ccs	0.999997	55.2288	5846	99.86
m21038_250922_054922/266798828/ccs	0.999949	42.9243	13590	99.96
m21038_251022_065109/160826343/ccs	0.999973	45.6864	9916	99.91
m21038_251022_065109/103417272/ccs	0.999994	52.2185	7425	99.88
m21038_250922_054922/25103682/ccs	0.99985	38.2391	6389	99.87
m21038_251022_065109/146150589/ccs	1	60	4004	100.00
m21038_251022_065109/39390844/ccs	0.999358	31.9246	17681	99.92
m21038_250922_054922/248906121/ccs	0.999723	35.5752	14534	99.88
m21038_251022_065109/250744634/ccs	0.999935	41.8709	4906	99.88
m21038_251022_065109/236784126/ccs	0.999713	35.4212	23899	99.75
m21038_251022_065109/214896023/ccs	0.999429	32.4336	4446	99.84
m21038_251022_065109/109774484/ccs	0.999865	38.6967	8327	99.84
m21038_250922_054922/107348263/ccs	0.999994	52.2185	6477	99.83
m21038_250922_054922/126948227/ccs	0.991289	20.5993	15850	99.73
m21038_251022_065109/157551680/ccs	0.998904	29.6019	25909	99.82
m21038_250922_054922/59703899/ccs	0.999986	48.5387	3917	99.87
m21038_251022_065109/197070719/ccs	0.999999	60	6398	99.97
m21038_251022_065109/130291251/ccs	0.997413	25.872	16566	99.81
m21038_251022_065109/155321650/ccs	0.999948	42.84	10559	99.89
m21038_251022_065109/114038368/ccs	1	60	7695	99.86
m21038_251022_065109/168499080/ccs	0.99999	50	4464	99.87
m21038_250922_054922/255328452/ccs	0.998967	29.859	30989	99.79
m21038_250922_054922/88412837/ccs	0.998512	28.274	3535	99.89
m21038_251022_065109/228791429/ccs	0.999965	44.5593	6964	99.89
m21038_251022_065109/75567782/ccs	0.999005	30.0218	5937	99.88
m21038_251022_065109/240976873/ccs	0.991993	20.9653	31388	99.86
m21038_251022_065109/214960027/ccs	0.99996	43.9794	8690	99.88
m21038_251022_065109/141889716/ccs	0.999925	41.2494	11646	99.88
m21038_251022_065109/193596511/ccs	0.999907	40.3152	16821	99.80
m21038_250922_054922/70715422/ccs	0.999862	38.6012	18822	99.83
m21038_251022_065109/69473788/ccs	0.999996	53.9794	7840	99.96
m21038_250922_054922/121766773/ccs	0.999968	44.9485	10242	99.86
m21038_250922_054922/161154370/ccs	0.999708	35.3462	13443	99.87
m21038_250922_054922/148768590/ccs	0.999924	41.1919	14205	99.86
m21038_251022_065109/234818826/ccs	0.990072	20.0314	23686	99.76
m21038_250922_054922/57610341/ccs	0.999929	41.4874	13124	99.86
m21038_250922_054922/197660946/ccs	1	60	4987	99.88
m21038_250922_054922/231998135/ccs	0.999117	30.5404	21501	99.93
m21038_250922_054922/77791863/ccs	0.999589	33.8616	17268	99.78
m21038_251022_065109/14221391/ccs	0.999971	45.376	11976	99.87
m21038_251022_065109/190647490/ccs	0.999877	39.1009	16091	99.79
m21038_250922_054922/128125821/ccs	1	60	3839	99.90
m21038_250922_054922/54791065/ccs	0.999769	36.3639	21069	99.77
m21038_250922_054922/111018400/ccs	0.999716	35.4668	15813	99.92
m21038_251022_065109/121964975/ccs	0.999839	37.9317	6241	99.89
m21038_250922_054922/74517246/ccs	0.999552	33.4872	3451	99.97
m21038_250922_054922/59249820/ccs	0.99716	25.4668	21049	99.74
m21038_250922_054922/219877282/ccs	1	60	6487	99.77
m21038_251022_065109/158271157/ccs	1	60	6818	99.71
m21038_251022_065109/84543322/ccs	0.995715	23.6805	18293	99.87
m21038_251022_065109/198639734/ccs	0.999526	33.2422	27301	99.74
m21038_250922_054922/194511769/ccs	1	60	4811	99.88
m21038_250922_054922/164036894/ccs	0.998562	28.4224	20498	99.76
m21038_250922_054922/60036106/ccs	0.999842	38.0134	15829	99.77
m21038_250922_054922/194645195/ccs	1	60	4244	99.81
m21038_251022_065109/140317259/ccs	0.999847	38.1531	17718	99.82
m21038_250922_054922/82052471/ccs	0.999965	44.5593	6764	99.88
m21038_251022_065109/35259655/ccs	0.999978	46.5758	8252	99.87
m21038_250922_054922/181865666/ccs	0.999993	51.549	4944	99.94
m21038_251022_065109/34472040/ccs	0.999995	53.0103	6507	99.88
m21038_250922_054922/121439164/ccs	0.999867	38.7615	16942	99.83
m21038_251022_065109/81070231/ccs	0.999104	30.4769	18896	99.75
m21038_251022_065109/257822647/ccs	0.999792	36.8194	3887	99.87
m21038_251022_065109/248910322/ccs	0.999434	32.4718	23403	99.91
m21038_250922_054922/105188109/ccs	0.999989	49.5861	5707	99.93
m21038_251022_065109/62196546/ccs	0.999899	39.9568	10443	99.88
m21038_251022_065109/214175251/ccs	0.993915	22.1574	24826	99.89
m21038_250922_054922/59053469/ccs	0.999979	46.7778	10857	99.86
m21038_250922_054922/160634121/ccs	0.999974	45.8503	11704	99.92
m21038_250922_054922/24385102/ccs	0.999458	32.66	5491	99.89
m21038_250922_054922/226822115/ccs	0.999983	47.6955	6962	99.87
m21038_251022_065109/107679299/ccs	0.99988	39.2082	4053	99.95
m21038_251022_065109/169673053/ccs	0.99946	32.6761	4840	99.98
m21038_251022_065109/109054509/ccs	0.999999	60	4923	99.96
m21038_251022_065109/129830692/ccs	0.995909	23.8817	37998	99.71
m21038_250922_054922/164758570/ccs	1	60	4994	99.92
m21038_250922_054922/200345949/ccs	0.999963	44.318	2870	99.93
m21038_250922_054922/199166471/ccs	0.998164	27.3613	14382	99.81
m21038_250922_054922/124652816/ccs	0.999462	32.6922	10095	99.80
m21038_251022_065109/11601695/ccs	0.999985	48.2391	11379	99.86
m21038_250922_054922/99418276/ccs	0.999995	53.0103	6618	99.82
m21038_250922_054922/160760155/ccs	0.999975	46.0206	6999	99.91
m21038_251022_065109/39324425/ccs	0.998862	29.4386	10148	99.80
m21038_250922_054922/75759836/ccs	0.999987	48.8606	9708	99.91
m21038_250922_054922/140645737/ccs	0.999792	36.8194	11473	99.91
m21038_250922_054922/172756098/ccs	0.999539	33.363	7048	99.83
m21038_251022_065109/242880071/ccs	0.999993	51.549	7387	99.88
m21038_250922_054922/129897799/ccs	0.999928	41.4267	4893	99.86
m21038_250922_054922/70063521/ccs	0.999998	56.9897	5020	99.88
m21038_250922_054922/133235110/ccs	0.999174	30.8302	23904	99.77
m21038_251022_065109/237114739/ccs	0.999161	30.7624	21529	99.77
m21038_251022_065109/254280568/ccs	0.998179	27.3969	12857	99.91
m21038_251022_065109/53806828/ccs	0.999939	42.1467	14261	99.81
m21038_250922_054922/44569775/ccs	0.999823	37.5203	17735	99.92
m21038_250922_054922/7211143/ccs	0.999974	45.8503	7967	99.81
m21038_250922_054922/135599086/ccs	0.999501	33.019	6924	99.87
m21038_251022_065109/163583464/ccs	0.999972	45.5284	12331	99.76
m21038_250922_054922/84610611/ccs	0.999205	30.9963	16145	99.80
m21038_251022_065109/74913051/ccs	0.995896	23.8679	22189	99.75
m21038_251022_065109/19334574/ccs	0.999898	39.914	16946	99.79
m21038_251022_065109/261620210/ccs	0.998765	29.0833	11204	99.80
m21038_250922_054922/266338933/ccs	0.999929	41.4874	12235	99.74
m21038_250922_054922/166594299/ccs	0.999929	41.4874	12194	99.79
m21038_251022_065109/217448899/ccs	0.999927	41.3668	13253	99.91
m21038_251022_065109/215095132/ccs	0.999847	38.1531	18236	99.75
m21038_251022_065109/135725128/ccs	0.998162	27.3565	27585	99.79
m21038_251022_065109/234619793/ccs	0.999983	47.6955	9165	99.78
m21038_251022_065109/236257726/ccs	0.994555	22.64	3442	99.85
m21038_250922_054922/208868749/ccs	0.999928	41.4267	8479	99.83
m21038_250922_054922/168760761/ccs	0.996599	24.6839	8610	99.90
m21038_251022_065109/113050562/ccs	0.99935	31.8709	20939	99.91
m21038_251022_065109/228658416/ccs	0.995931	23.9051	21067	99.74
m21038_251022_065109/75432488/ccs	1	60	4632	99.76
m21038_250922_054922/104596778/ccs	0.999608	34.0671	4816	99.77
m21038_251022_065109/23399233/ccs	0.999906	40.2687	13070	99.78
m21038_250922_054922/174394317/ccs	0.999925	41.2494	10774	99.78
m21038_250922_054922/12060928/ccs	0.999968	44.9485	4467	99.82
m21038_251022_065109/157288674/ccs	0.999871	38.8941	7582	99.78
m21038_251022_065109/194779069/ccs	0.999998	56.9897	6810	99.78
m21038_250922_054922/26938599/ccs	0.999183	30.8778	5315	99.87
m21038_250922_054922/245432894/ccs	0.999958	43.7675	13971	99.74
m21038_250922_054922/89260856/ccs	0.997257	25.6177	6037	99.82
m21038_250922_054922/173213424/ccs	0.999999	60	5651	99.79
m21038_250922_054922/99811655/ccs	0.99927	31.3668	7901	99.71
m21038_251022_065109/17304424/ccs	0.999184	30.8831	12862	99.69
m21038_251022_065109/54857936/ccs	0.999921	41.0237	13769	99.65
m21038_251022_065109/127729942/ccs	0.997595	26.1888	18444	99.72
m21038_250922_054922/149621470/ccs	0.999983	47.6955	6767	99.84
m21038_250922_054922/150080846/ccs	0.999001	30.0043	14853	99.56
m21038_250922_054922/202376576/ccs	0.999965	44.5593	6256	99.90
m21038_250922_054922/8394415/ccs	0.999908	40.3621	13737	99.91
m21038_250922_054922/146343074/ccs	0.999964	44.437	5720	99.79
m21038_251022_065109/140382282/ccs	0.999678	34.9214	16254	99.90
m21038_251022_065109/38082277/ccs	0.995086	23.0856	13334	99.71
m21038_251022_065109/250484143/ccs	0.999999	60	3838	99.84
m21038_250922_054922/73011726/ccs	0.999757	36.1439	6723	99.75
m21038_250922_054922/106366254/ccs	0.998679	28.791	18267	99.91
m21038_251022_065109/72355849/ccs	0.995774	23.7407	21485	99.84
m21038_250922_054922/121505980/ccs	0.999955	43.4679	8237	99.78
m21038_250922_054922/140312620/ccs	0.999496	32.9757	22771	99.80
m21038_250922_054922/94310074/ccs	0.996647	24.7457	19091	99.85
m21038_250922_054922/221709781/ccs	0.999965	44.5593	10824	99.65
m21038_251022_065109/103745538/ccs	0.99968	34.9485	16216	99.90
m21038_251022_065109/83235052/ccs	0.999925	41.2494	8091	99.69
m21038_251022_065109/233504865/ccs	0.99866	28.729	13255	99.78
m21038_251022_065109/162139034/ccs	0.999928	41.4267	5961	99.66
m21038_250922_054922/182260418/ccs	0.999898	39.914	6884	99.65
m21038_250922_054922/90636903/ccs	0.999753	36.073	8030	99.89
m21038_251022_065109/234491075/ccs	0.999979	46.7778	6346	99.91
m21038_250922_054922/229376813/ccs	0.99971	35.376	8659	99.69
m21038_251022_065109/170069663/ccs	0.99755	26.1083	20974	99.81
m21038_250922_054922/111087843/ccs	0.998128	27.2769	4372	99.70
m21038_251022_065109/204477369/ccs	0.995363	23.3376	9132	99.74
m21038_250922_054922/216138609/ccs	0.998949	29.784	27933	99.71
m21038_250922_054922/208340014/ccs	0.999807	37.1444	7877	99.75
m21038_251022_065109/192808697/ccs	0.996765	24.9013	35582	99.65
m21038_250922_054922/51777428/ccs	0.99945	32.5964	15886	99.92
m21038_250922_054922/152244314/ccs	0.99992	40.9691	12737	99.88
m21038_251022_065109/197396296/ccs	0.999565	33.6151	17611	99.73
m21038_251022_065109/174199713/ccs	0.999905	40.2228	13056	99.69
m21038_250922_054922/204148556/ccs	0.999986	48.5387	8123	99.66
m21038_251022_065109/166265988/ccs	0.999999	60	4252	99.91
m21038_251022_065109/76420787/ccs	0.999674	34.8678	4492	99.64
m21038_250922_054922/54986052/ccs	0.999786	36.6959	16854	99.87
m21038_250922_054922/64946966/ccs	0.999892	39.6658	8922	99.92
m21038_250922_054922/11144673/ccs	0.998865	29.45	22832	99.75
m21038_250922_054922/78907534/ccs	0.999957	43.6653	8596	99.74
m21038_250922_054922/124518528/ccs	0.999486	32.8904	10323	99.74
m21038_250922_054922/94111808/ccs	0.999888	39.5078	14439	99.71
m21038_250922_054922/76351788/ccs	0.999999	60	3334	99.67
m21038_250922_054922/36375523/ccs	0.999761	36.216	16082	99.87
m21038_251022_065109/217909530/ccs	0.999353	31.891	22515	99.73
m21038_250922_054922/166465455/ccs	0.999997	55.2288	3052	99.64
m21038_251022_065109/158865061/ccs	0.999492	32.9414	26769	99.68
m21038_251022_065109/97455944/ccs	0.999844	38.0688	11858	99.72
m21038_251022_065109/107151661/ccs	0.996774	24.9134	5116	99.65
m21038_250922_054922/90967583/ccs	0.999875	39.0309	3709	99.68
m21038_250922_054922/182916497/ccs	0.999965	44.5593	8207	99.93
m21038_251022_065109/206375679/ccs	0.998203	27.4545	11894	99.69
m21038_250922_054922/212275226/ccs	0.997665	26.3171	15666	99.83
m21038_251022_065109/75107433/ccs	0.999955	43.4679	10918	99.67
m21038_250922_054922/23857730/ccs	0.995873	23.8437	15396	99.71
m21038_251022_065109/155587577/ccs	0.999964	44.437	4427	99.68
m21038_250922_054922/5245470/ccs	0.99919	30.9151	15682	99.83
m21038_250922_054922/175509759/ccs	1	60	4064	99.68
m21038_250922_054922/83890589/ccs	0.994059	22.2614	4336	99.88
m21038_251022_065109/217713842/ccs	0.999267	31.349	14606	99.71
m21038_250922_054922/79957813/ccs	0.999854	38.3565	7859	99.94
m21038_250922_054922/97652494/ccs	0.999011	30.048	18478	99.73
m21038_251022_065109/15275183/ccs	0.998729	28.9585	12141	99.91
m21038_251022_065109/87296461/ccs	0.999935	41.8709	3499	99.71
m21038_250922_054922/243140078/ccs	0.999992	50.9691	4121	99.90
m21038_250922_054922/109642477/ccs	0.999282	31.4388	7669	99.77
m21038_250922_054922/161417211/ccs	0.997799	26.5738	6158	99.74
m21038_251022_065109/24120920/ccs	0.999761	36.216	7774	99.66
m21038_250922_054922/136448809/ccs	0.999922	41.0791	3756	99.92
m21038_250922_054922/243009982/ccs	0.995467	23.4361	31778	99.54
m21038_251022_065109/127337756/ccs	0.999737	35.8004	13942	99.81
m21038_251022_065109/195363000/ccs	0.999237	31.1748	23311	99.61
m21038_251022_065109/245105833/ccs	0.999973	45.6864	3881	99.74
m21038_250922_054922/40501793/ccs	0.999947	42.7572	13903	99.55
m21038_250922_054922/82318164/ccs	0.998466	28.1417	8040	99.79
m21038_251022_065109/20513256/ccs	0.99433	22.4642	9698	99.65
m21038_251022_065109/137824331/ccs	0.999904	40.1773	8019	99.92
m21038_250922_054922/144641543/ccs	0.994284	22.4291	20309	99.57
m21038_251022_065109/169543597/ccs	0.999974	45.8503	7854	99.76
m21038_250922_054922/165088483/ccs	0.999362	31.9518	8862	99.71
m21038_250922_054922/106627903/ccs	0.999919	40.9151	17033	99.65
m21038_250922_054922/167447154/ccs	0.999977	46.3827	8803	99.71
m21038_250922_054922/178979334/ccs	0.999686	35.0307	7899	99.82
m21038_250922_054922/166461820/ccs	0.999909	40.4096	7586	99.79
m21038_250922_054922/87495057/ccs	0.999721	35.544	5120	99.86
m21038_250922_054922/7279511/ccs	0.994971	22.9852	5875	99.87
m21038_251022_065109/175440718/ccs	0.99976	36.1979	5085	99.81
m21038_250922_054922/96797557/ccs	0.998753	29.0413	4866	99.70
m21038_250922_054922/8852241/ccs	0.999525	33.2331	21510	99.54
m21038_250922_054922/109446485/ccs	0.999966	44.6852	5259	99.76
m21038_251022_065109/243602081/ccs	0.999377	32.0551	10195	99.59
m21038_250922_054922/202118363/ccs	0.993373	21.7868	7479	99.52
m21038_251022_065109/23861058/ccs	0.999938	42.0761	9046	99.38
m21038_251022_065109/244451051/ccs	0.999995	53.0103	9409	99.49
m21038_250922_054922/259394219/ccs	0.999978	46.5758	6904	100.00
m21038_250922_054922/29430187/ccs	0.997312	25.7057	27153	99.81
m21038_251022_065109/126293374/ccs	0.995554	23.5203	27267	99.75
m21038_251022_065109/74384874/ccs	0.999891	39.6257	5568	99.87
m21038_251022_065109/124125522/ccs	0.999822	37.4958	21666	99.84
m21038_250922_054922/169610665/ccs	0.999968	44.9485	3965	99.92
m21038_251022_065109/7932964/ccs	0.99986	38.5387	6827	99.93
m21038_250922_054922/203292797/ccs	0.999875	39.0309	4277	99.95
m21038_250922_054922/230427433/ccs	0.999794	36.8613	9776	99.92
m21038_250922_054922/259720831/ccs	0.999791	36.7985	20159	99.86
m21038_251022_065109/26086033/ccs	0.999974	45.8503	7521	99.93
m21038_250922_054922/81463344/ccs	0.999826	37.5945	8852	99.93
m21038_250922_054922/120854090/ccs	0.999942	42.3657	9605	99.93
m21038_250922_054922/152374354/ccs	0.999983	47.6955	7829	99.94
m21038_250922_054922/168956124/ccs	0.999937	42.0066	9077	99.92
m21038_250922_054922/174196902/ccs	0.998506	28.2565	23335	99.83
m21038_250922_054922/109249953/ccs	0.999758	36.1618	21554	99.82
m21038_250922_054922/7210820/ccs	0.995185	23.174	21954	99.80
m21038_250922_054922/253297333/ccs	0.997992	26.9724	12551	99.93
m21038_250922_054922/196218807/ccs	0.999869	38.8273	10154	99.91
m21038_250922_054922/220403408/ccs	0.994927	22.9474	6759	99.87
m21038_250922_054922/41030033/ccs	0.999659	34.6725	15528	99.83
m21038_251022_065109/226429183/ccs	0.999892	39.6658	3838	100.00
m21038_250922_054922/147653802/ccs	0.999848	38.1816	19066	99.85
m21038_251022_065109/221974592/ccs	0.992785	21.4176	18403	99.80
m21038_250922_054922/81922840/ccs	0.999289	31.4813	17118	99.82
m21038_250922_054922/25363930/ccs	0.99987	38.8606	15479	99.84
m21038_250922_054922/33558992/ccs	0.999492	32.9414	20867	99.40
m21038_251022_065109/25559389/ccs	0.999712	35.4061	26071	99.40
m21038_250922_054922/71566025/ccs	0.999889	39.5468	14703	99.84
m21038_250922_054922/85202792/ccs	0.999153	30.7212	2669	99.92
m21038_250922_054922/37029348/ccs	0.999984	47.9588	2986	99.90
m21038_251022_065109/191038527/ccs	0.999982	47.4473	4437	99.91
m21038_251022_065109/92341954/ccs	0.999964	44.437	8663	99.78
m21038_250922_054922/115999665/ccs	0.999605	34.034	13765	99.28
m21038_250922_054922/89462568/ccs	0.998191	27.4256	4072	99.85
m21038_251022_065109/76154580/ccs	1	60	4403	99.86
m21038_250922_054922/200868650/ccs	0.999728	35.6543	9374	99.20
m21038_250922_054922/142153408/ccs	0.999956	43.5655	9424	99.18
m21038_250922_054922/144966819/ccs	0.999993	51.549	6764	99.47
m21038_250922_054922/218629944/ccs	0.999925	41.2494	6884	99.65
m21038_251022_065109/185599389/ccs	0.999713	35.4212	6922	98.77
m21038_250922_054922/184813565/ccs	0.99999	50	8294	97.81
m21038_251022_065109/138086889/ccs	0.999998	56.9897	5170	98.85
m21038_251022_065109/217580354/ccs	0.996283	24.2981	14691	98.21
m21038_251022_065109/110428256/ccs	0.999921	41.0237	5015	98.93
m21038_251022_065109/220529135/ccs	0.999984	47.9588	8412	99.46
m21038_250922_054922/22153619/ccs	0.999853	38.3268	13526	98.70
m21038_251022_065109/156373258/ccs	0.996034	24.0165	8189	99.04
m21038_250922_054922/59709133/ccs	0.999915	40.7058	3636	99.42
m21038_250922_054922/174460533/ccs	0.998226	27.5105	10432	98.81
m21038_251022_065109/72419085/ccs	0.999904	40.1773	9608	98.91
m21038_250922_054922/142742487/ccs	0.996932	25.1314	5883	99.11
m21038_251022_065109/59380149/ccs	0.999929	41.4874	12057	98.60
m21038_251022_065109/176555163/ccs	0.999951	43.098	9132	98.86
m21038_251022_065109/235278455/ccs	0.998175	27.3874	5069	99.07
m21038_251022_065109/178000476/ccs	0.999943	42.4413	8505	98.83
m21038_250922_054922/130941658/ccs	1	60	5708	99.32
m21038_251022_065109/201002022/ccs	1	60	5907	99.15
m21038_250922_054922/155259956/ccs	0.995392	23.3649	13426	98.50
m21038_250922_054922/68425073/ccs	0.999991	50.4576	4312	99.28
m21038_251022_065109/4133986/ccs	0.999988	49.2082	8462	98.88
m21038_250922_054922/68292303/ccs	1	60	3575	99.41
m21038_251022_065109/168103231/ccs	0.999997	55.2288	9591	98.94
m21038_250922_054922/166270109/ccs	0.999983	47.6955	12140	98.48
m21038_251022_065109/251990755/ccs	0.999998	56.9897	7878	98.37
m21038_251022_065109/138020597/ccs	0.99737	25.8004	5975	98.41
m21038_250922_054922/235997537/ccs	0.996321	24.3427	10058	98.25
m21038_251022_065109/25428563/ccs	1	60	4452	98.15
m21038_250922_054922/51972835/ccs	0.999879	39.1721	3621	98.15
m21038_251022_065109/17433186/ccs	0.99503	23.0364	10964	98.35
m21038_250922_054922/97589046/ccs	0.999945	42.5964	10622	98.13
m21038_251022_065109/175445524/ccs	0.999934	41.8046	5405	99.00
m21038_251022_065109/125112307/ccs	0.999873	38.962	9203	98.13
m21038_251022_065109/171905071/ccs	0.999246	31.2263	14063	98.15
m21038_250922_054922/261752663/ccs	0.999979	46.7778	4355	98.19
m21038_250922_054922/235340964/ccs	0.999837	37.8781	6476	98.23
m21038_250922_054922/38671784/ccs	0.999647	34.5223	22465	99.59
m21038_250922_054922/158995401/ccs	0.999948	42.84	15990	99.52
m21038_250922_054922/7016802/ccs	0.999256	31.2843	6030	99.60
m21038_250922_054922/57803046/ccs	0.998165	27.3636	22465	99.58
m21038_250922_054922/116589245/ccs	0.998018	27.029	21540	99.47
m21038_250922_054922/58523789/ccs	0.999386	32.1183	19266	99.58
m21038_250922_054922/87556976/ccs	0.999872	38.9279	13945	99.53
m21038_250922_054922/153618545/ccs	0.998146	27.3189	9535	99.69
m21038_251022_065109/117380956/ccs	0.999858	38.4771	18204	99.59
m21038_251022_065109/222041907/ccs	0.999956	43.5655	13221	99.54
m21038_251022_065109/5441109/ccs	0.991178	20.5443	13034	99.35
m21038_250922_054922/188157237/ccs	0.999344	31.831	29193	99.52
m21038_250922_054922/244581652/ccs	0.995453	23.4228	24374	99.51
m21038_250922_054922/262603316/ccs	0.999759	36.1798	21527	99.56
m21038_250922_054922/46861454/ccs	0.999913	40.6048	13742	99.66
m21038_250922_054922/25039126/ccs	0.999917	40.8092	10915	99.68
m21038_250922_054922/186318884/ccs	0.998927	29.694	29153	99.55
m21038_250922_054922/133892103/ccs	0.994347	22.4772	23239	99.48
m21038_250922_054922/142344822/ccs	0.999702	35.2578	3619	99.57
m21038_251022_065109/182980235/ccs	0.99665	24.7496	37728	99.51
m21038_251022_065109/218629616/ccs	0.999846	38.1248	13766	99.53
m21038_251022_065109/86772219/ccs	0.999964	44.437	11968	99.53
m21038_250922_054922/18481400/ccs	0.99996	43.9794	16761	99.59
m21038_251022_065109/84283131/ccs	0.999985	48.2391	13052	99.65
m21038_250922_054922/196347192/ccs	0.999835	37.8252	18795	99.66
m21038_251022_065109/56498094/ccs	0.993889	22.1389	6435	99.41
m21038_250922_054922/109511975/ccs	0.999985	48.2391	13387	99.64
m21038_250922_054922/149424785/ccs	0.997786	26.5482	10554	99.60
m21038_251022_065109/15340443/ccs	0.999696	35.1713	22669	99.63
m21038_250922_054922/166528628/ccs	0.997829	26.6334	14068	99.64
m21038_251022_065109/127141155/ccs	0.999999	60	6402	99.31
m21038_251022_065109/155390966/ccs	0.999428	32.426	6284	99.59
m21038_250922_054922/171509369/ccs	0.99456	22.644	14045	99.61
m21038_250922_054922/158597578/ccs	0.999999	60	6328	99.65
m21038_250922_054922/98568132/ccs	0.999686	35.0307	8316	99.70
m21038_250922_054922/196542656/ccs	0.999672	34.8413	5398	99.57
m21038_250922_054922/247270005/ccs	0.999988	49.2082	5633	99.64
m21038_251022_065109/262146824/ccs	0.999566	33.6251	25156	99.60
m21038_251022_065109/189403707/ccs	1	60	6450	99.71
m21038_251022_065109/188350619/ccs	0.990205	20.09	27155	99.56
m21038_250922_054922/151851354/ccs	0.999757	36.1439	5368	99.72
m21038_250922_054922/60689401/ccs	0.997514	26.045	4819	99.69
m21038_251022_065109/126223686/ccs	0.996559	24.6332	22726	99.65
m21038_251022_065109/237897495/ccs	0.992976	21.5342	20706	99.63
m21038_251022_065109/59443648/ccs	1	60	5002	99.72
m21038_251022_065109/228068781/ccs	0.999502	33.0277	23870	99.65
m21038_250922_054922/186254855/ccs	0.997807	26.5896	24146	99.63
m21038_251022_065109/167449001/ccs	0.999128	30.5948	6965	99.81
m21038_251022_065109/44043497/ccs	0.996609	24.6967	19203	99.70
m21038_251022_065109/144311861/ccs	0.997482	25.9894	17488	99.72
m21038_250922_054922/221184652/ccs	0.999842	38.0134	8235	99.78
m21038_250922_054922/129044468/ccs	0.999703	35.2724	15451	99.73
m21038_250922_054922/17301678/ccs	0.999996	53.9794	8653	99.79
m21038_251022_065109/145360382/ccs	0.99858	28.4771	20730	99.62
m21038_251022_065109/238422670/ccs	0.999712	35.4061	22700	99.66
m21038_251022_065109/29951305/ccs	0.999997	55.2288	5686	99.82
m21038_251022_065109/236913660/ccs	1	60	4609	99.78
m21038_250922_054922/176689545/ccs	0.999628	34.2946	1926	99.84
m21038_250922_054922/140378827/ccs	0.999472	32.7737	18830	99.66
m21038_251022_065109/50987828/ccs	0.999873	38.962	15131	99.76
m21038_251022_065109/159974661/ccs	0.999996	53.9794	10906	99.73
m21038_251022_065109/174656439/ccs	0.994287	22.4314	23835	99.57
m21038_250922_054922/194647907/ccs	0.999979	46.7778	14733	99.74
m21038_251022_065109/201001961/ccs	0.999837	37.8781	5994	99.83
m21038_250922_054922/65604466/ccs	0.999901	40.0436	8108	99.78
m21038_251022_065109/6950904/ccs	0.999615	34.1454	25747	99.48
m21038_251022_065109/122034025/ccs	0.999471	32.7654	11337	99.74
m21038_250922_054922/176952998/ccs	0.997136	25.4303	22578	99.61
m21038_251022_065109/90049554/ccs	0.999963	44.318	4300	99.81
m21038_251022_065109/56169227/ccs	0.999456	32.644	24269	99.62
m21038_250922_054922/258278997/ccs	0.993325	21.7555	9004	99.73
m21038_250922_054922/97650781/ccs	0.998161	27.3542	19105	99.63
m21038_251022_065109/63901780/ccs	0.999567	33.6351	16662	99.73
m21038_250922_054922/181274344/ccs	0.999987	48.8606	5518	99.80
m21038_250922_054922/192350454/ccs	0.999988	49.2082	5702	99.82
m21038_250922_054922/258018170/ccs	0.999974	45.8503	10739	99.77
m21038_251022_065109/179244946/ccs	0.999998	56.9897	3665	99.84
m21038_251022_065109/72554043/ccs	0.99989	39.5861	4750	99.79
m21038_250922_054922/12650758/ccs	0.995765	23.7315	19420	99.61
m21038_251022_065109/128717093/ccs	0.995301	23.2799	4318	99.70
m21038_250922_054922/218038893/ccs	0.999935	41.8709	16024	99.71
m21038_250922_054922/159190684/ccs	1	60	4159	99.81
m21038_250922_054922/226887685/ccs	0.999952	43.1876	13832	99.72
m21038_250922_054922/224921222/ccs	0.999978	46.5758	7448	99.57
m21038_251022_065109/119341399/ccs	0.999702	35.2578	17781	99.64
m21038_251022_065109/245565241/ccs	0.999957	43.6653	7925	99.75
m21038_250922_054922/81794621/ccs	0.999544	33.4104	15714	99.62
m21038_250922_054922/87687552/ccs	0.999562	33.5853	3971	99.70
m21038_251022_065109/47385892/ccs	0.999897	39.8716	6191	99.79
m21038_251022_065109/264700361/ccs	0.999742	35.8838	16497	99.71
m21038_251022_065109/266340161/ccs	0.999811	37.2354	15840	99.50
m21038_251022_065109/46469115/ccs	0.999868	38.7943	11704	99.79
m21038_251022_065109/16255150/ccs	0.999762	36.2342	21615	99.61
m21038_250922_054922/87033825/ccs	0.999254	31.2726	18712	99.59
m21038_250922_054922/134547673/ccs	0.998938	29.7388	29853	99.55
m21038_251022_065109/169609177/ccs	0.999853	38.3268	6359	99.75
m21038_251022_065109/250941183/ccs	0.996239	24.247	30185	99.53
m21038_250922_054922/163975266/ccs	0.999995	53.0103	5017	99.76
m21038_251022_065109/22353373/ccs	0.995412	23.3838	17207	99.52
m21038_251022_065109/127469540/ccs	0.999732	35.7187	17111	99.49
m21038_250922_054922/35849139/ccs	0.998269	27.617	6582	99.76
m21038_250922_054922/69797178/ccs	0.99722	25.5596	30179	99.68
m21038_251022_065109/237702252/ccs	0.999871	38.8941	16392	99.66
m21038_251022_065109/206311033/ccs	0.999205	30.9963	22238	99.62
m21038_250922_054922/208212534/ccs	0.999695	35.157	7964	99.79
m21038_250922_054922/174657397/ccs	0.99729	25.6703	20644	99.56
m21038_251022_065109/124260114/ccs	0.99987	38.8606	4720	99.83
m21038_251022_065109/195631035/ccs	0.999	30	28536	99.52
m21038_250922_054922/198838847/ccs	0.999786	36.6959	8440	99.73
m21038_251022_065109/176166425/ccs	0.999967	44.8149	14991	99.61
m21038_250922_054922/196281811/ccs	0.999759	36.1798	15501	99.68
m21038_251022_065109/37421202/ccs	0.99998	46.9897	8420	99.47
m21038_250922_054922/143132339/ccs	0.999875	39.0309	10169	99.77
m21038_251022_065109/108200325/ccs	0.997959	26.9016	16735	99.62
m21038_251022_065109/122949873/ccs	0.999989	49.5861	5904	99.71
m21038_251022_065109/68686452/ccs	0.998928	29.6981	16726	99.62
m21038_251022_065109/63374953/ccs	0.999987	48.8606	11861	99.70
m21038_250922_054922/175572363/ccs	0.999964	44.437	8866	99.73
m21038_250922_054922/20583627/ccs	0.999882	39.2812	10430	99.59
m21038_250922_054922/105058903/ccs	1	60	3336	99.76
m21038_251022_065109/112591020/ccs	0.999801	37.0115	14199	99.65
m21038_250922_054922/193070420/ccs	0.999757	36.1439	13040	99.65
m21038_250922_054922/219746301/ccs	0.999923	41.1351	5881	99.56
m21038_250922_054922/186976207/ccs	0.99989	39.5861	16736	99.61
m21038_251022_065109/135858951/ccs	0.998877	29.4962	14274	99.62
m21038_250922_054922/149624589/ccs	0.99988	39.2082	8595	99.68
m21038_250922_054922/147720683/ccs	0.998885	29.5273	17744	99.58
m21038_250922_054922/142676411/ccs	0.997489	26.0015	27713	99.88
m21038_250922_054922/157553425/ccs	0.998991	29.9611	6935	99.65
m21038_251022_065109/34280310/ccs	0.999936	41.9382	13955	99.84
m21038_250922_054922/225575343/ccs	0.9999	40	16942	99.49
m21038_251022_065109/42336562/ccs	0.9999	40	12222	99.62
m21038_251022_065109/45091943/ccs	0.999933	41.7393	15472	99.86
m21038_250922_054922/86710053/ccs	0.999849	38.2102	17627	99.58
m21038_250922_054922/218367103/ccs	0.999775	36.4782	4840	99.69
m21038_250922_054922/187633616/ccs	0.999582	33.7882	3958	99.72
m21038_250922_054922/7082805/ccs	0.999895	39.7881	7659	99.67
m21038_250922_054922/176489046/ccs	0.999703	35.2724	11547	99.66
m21038_251022_065109/140970520/ccs	0.999919	40.9151	11870	99.54
m21038_250922_054922/173675038/ccs	0.999991	50.4576	5064	99.72
m21038_251022_065109/91164696/ccs	0.991272	20.5909	8878	99.69
m21038_250922_054922/28707901/ccs	0.999999	60	3720	99.73
m21038_250922_054922/124389153/ccs	0.999972	45.5284	8633	99.71
m21038_250922_054922/77335358/ccs	0.999739	35.8336	3462	99.71
m21038_251022_065109/214698457/ccs	0.999894	39.7469	5484	99.67
m21038_250922_054922/221512872/ccs	0.99912	30.5552	13383	99.62
m21038_250922_054922/123668923/ccs	0.999653	34.5967	4815	99.71
m21038_251022_065109/224920468/ccs	0.995252	23.2349	13128	99.53
m21038_250922_054922/36901759/ccs	0.999871	38.8941	8542	99.67
m21038_250922_054922/70323006/ccs	0.99991	40.4576	3166	99.65
m21038_250922_054922/116199395/ccs	0.997869	26.7142	7965	99.66
m21038_251022_065109/168431645/ccs	0.999868	38.7943	11483	99.57
m21038_250922_054922/52696811/ccs	0.999836	37.8516	16997	99.96
m21038_250922_054922/235734110/ccs	0.999984	47.9588	5059	99.66
m21038_251022_065109/71438352/ccs	0.999986	48.5387	2885	99.72
m21038_251022_065109/157816710/ccs	0.999412	32.3062	17684	99.97
m21038_250922_054922/199820194/ccs	0.99996	43.9794	7860	99.66
m21038_250922_054922/72876778/ccs	1	60	5660	100.00
m21038_251022_065109/180164523/ccs	0.999982	47.4473	8474	99.53
m21038_250922_054922/139002041/ccs	0.999963	44.318	11093	99.58
m21038_251022_065109/236589064/ccs	0.999971	45.376	12917	99.98
m21038_250922_054922/71435311/ccs	1	60	2951	99.73
m21038_251022_065109/73272538/ccs	0.999793	36.8403	12480	99.57
m21038_250922_054922/201196342/ccs	0.999943	42.4413	13759	99.56
m21038_250922_054922/220531495/ccs	1	60	4748	99.73
m21038_251022_065109/195498718/ccs	0.999964	44.437	8011	99.99
m21038_250922_054922/224659332/ccs	0.999883	39.3181	14201	99.57
m21038_251022_065109/243865325/ccs	0.999977	46.3827	7584	99.64
m21038_251022_065109/264505703/ccs	0.999846	38.1248	15095	99.55
m21038_251022_065109/12455387/ccs	0.999967	44.8149	8440	99.98
m21038_251022_065109/180946011/ccs	0.998917	29.6537	5408	99.70
m21038_250922_054922/258017999/ccs	0.99816	27.3518	3218	99.69
m21038_250922_054922/48630193/ccs	0.996607	24.6942	10545	99.50
m21038_250922_054922/9835178/ccs	0.999217	31.0624	7217	99.57
m21038_250922_054922/143851704/ccs	0.999963	44.318	8500	99.49
m21038_250922_054922/157290737/ccs	0.999986	48.5387	9921	99.56
m21038_251022_065109/211553877/ccs	0.999473	32.7819	10519	99.52
