read_id	rq	qv	read_length	iden
m21038_250917_082112/52233393/ccs	0.99167	20.7935	28129	99.12
m21038_250917_082112/234029265/ccs	0.998379	27.9022	26302	99.16
m21038_250917_082112/123475260/ccs	0.999933	41.7393	4969	98.92
m21038_250917_082112/104530692/ccs	0.996937	25.1385	16332	99.40
m21038_251018_074631/73403738/ccs	0.999386	32.1183	4809	98.99
m21038_251018_074631/125376220/ccs	0.999995	53.0103	4070	99.15
m21038_251018_074631/104533202/ccs	0.998584	28.4894	30407	99.29
m21038_250917_082112/33100567/ccs	0.999867	38.7615	18996	99.40
m21038_251018_074631/125571225/ccs	0.999704	35.2871	4742	99.89
m21038_251018_074631/113511632/ccs	0.99992	40.9691	8501	99.92
m21038_250917_082112/32968950/ccs	0.999411	32.2988	15223	99.74
m21038_250917_082112/131536487/ccs	1	60	7445	99.91
m21038_251018_074631/197329734/ccs	0.999927	41.3668	8944	98.50
m21038_250917_082112/150930349/ccs	0.999969	45.0864	10605	99.86
m21038_250917_082112/8786834/ccs	0.999998	56.9897	9967	99.59
m21038_250917_082112/47775982/ccs	0.997598	26.1943	14631	99.69
m21038_251018_074631/93590183/ccs	0.998451	28.0995	10013	99.10
m21038_250917_082112/8061643/ccs	0.999979	46.7778	6451	99.52
m21038_250917_082112/77006110/ccs	0.999988	49.2082	3214	99.60
m21038_250917_082112/222364236/ccs	0.99997	45.2288	7521	99.65
m21038_251018_074631/153551589/ccs	0.999967	44.8149	9351	99.60
m21038_251018_074631/99749743/ccs	0.999255	31.2784	26732	99.80
m21038_251018_074631/170852533/ccs	0.999934	41.8046	13161	99.47
m21038_250917_082112/94044375/ccs	0.999869	38.8273	7591	99.60
m21038_250917_082112/130487134/ccs	0.999976	46.1979	7322	99.66
m21038_251018_074631/203949259/ccs	1	60	4344	99.65
m21038_251018_074631/169346734/ccs	0.999322	31.6877	7247	99.65
m21038_250917_082112/15664880/ccs	1	60	5328	99.91
m21038_251018_074631/170132377/ccs	0.999998	56.9897	7467	99.24
m21038_251018_074631/35457541/ccs	0.99973	35.6864	3818	99.03
m21038_251018_074631/55182718/ccs	0.999994	52.2185	3108	98.93
m21038_250917_082112/88019963/ccs	0.999995	53.0103	5132	99.75
m21038_251018_074631/251987828/ccs	1	60	5209	99.71
m21038_251018_074631/54265823/ccs	0.997914	26.8069	13934	99.68
m21038_250917_082112/253494441/ccs	0.998806	29.23	5695	98.42
m21038_251018_074631/19795441/ccs	0.999978	46.5758	9050	98.62
m21038_250917_082112/247595713/ccs	0.999898	39.914	11418	99.68
m21038_251018_074631/165615267/ccs	0.998712	28.9008	8369	99.81
m21038_250917_082112/27460166/ccs	0.999972	45.5284	3341	99.31
m21038_251018_074631/18683762/ccs	0.999973	45.6864	11558	98.77
m21038_251018_074631/167643060/ccs	0.999988	49.2082	4782	99.39
m21038_250917_082112/113901971/ccs	0.995176	23.1659	6060	99.01
m21038_250917_082112/28775785/ccs	0.995693	23.6583	5308	99.08
m21038_251018_074631/63767781/ccs	0.99999	50	6118	99.02
m21038_251018_074631/177735936/ccs	0.998814	29.2592	28962	99.91
m21038_251018_074631/247530656/ccs	0.99911	30.5061	7489	99.93
m21038_251018_074631/107156427/ccs	0.996913	25.1046	37636	99.92
m21038_251018_074631/264765861/ccs	0.997811	26.5975	34774	99.92
m21038_250917_082112/35782941/ccs	0.990916	20.4172	12522	99.78
m21038_250917_082112/22023388/ccs	0.999402	32.233	8619	99.87
m21038_251018_074631/101515526/ccs	0.999881	39.2445	14880	99.91
m21038_250917_082112/70061883/ccs	0.992753	21.3984	20779	99.85
m21038_250917_082112/94635117/ccs	0.999575	33.7161	15812	99.94
m21038_250917_082112/76289311/ccs	0.99984	37.9588	12822	99.95
m21038_251018_074631/181667497/ccs	0.996848	25.0141	22391	99.92
m21038_251018_074631/152699443/ccs	0.999999	60	4642	99.94
m21038_251018_074631/107417426/ccs	0.999856	38.4164	8357	99.95
m21038_251018_074631/19269387/ccs	0.995323	23.3003	8115	99.84
m21038_250917_082112/51577827/ccs	0.997269	25.6368	16630	99.93
m21038_250917_082112/14685108/ccs	0.999921	41.0237	7381	99.95
m21038_251018_074631/106369721/ccs	0.999975	46.0206	15257	99.94
m21038_251018_074631/82774389/ccs	0.999527	33.2514	11929	99.95
m21038_251018_074631/30804344/ccs	0.99991	40.4576	18289	99.95
m21038_251018_074631/124782197/ccs	1	60	3751	99.95
m21038_251018_074631/86312851/ccs	1	60	4986	99.96
m21038_251018_074631/267060828/ccs	0.999991	50.4576	8533	99.95
m21038_251018_074631/36900489/ccs	0.997578	26.1583	18510	99.94
m21038_250917_082112/128910285/ccs	0.998255	27.582	10947	99.94
m21038_251018_074631/197918886/ccs	0.999877	39.1009	16495	99.95
m21038_251018_074631/38078887/ccs	0.994471	22.5735	19078	99.87
m21038_250917_082112/24186887/ccs	0.999866	38.729	7457	99.95
m21038_251018_074631/149558674/ccs	0.999673	34.8545	15451	99.95
m21038_250917_082112/101912487/ccs	1	60	3455	99.94
m21038_250917_082112/76875496/ccs	0.998123	27.2654	5716	99.93
m21038_251018_074631/168036181/ccs	0.99445	22.5571	7530	99.81
m21038_251018_074631/203817207/ccs	0.999684	35.0031	9403	99.94
m21038_251018_074631/9766256/ccs	1	60	7830	99.94
m21038_250917_082112/37884765/ccs	1	60	3120	99.94
m21038_251018_074631/185730603/ccs	0.999872	38.9279	4579	99.91
m21038_251018_074631/186845642/ccs	0.999632	34.3415	8782	99.93
m21038_251018_074631/14487189/ccs	0.999526	33.2422	7943	99.94
m21038_250917_082112/123999888/ccs	0.999974	45.8503	4948	99.94
m21038_250917_082112/155060588/ccs	0.999246	31.2263	21548	99.94
m21038_250917_082112/50267067/ccs	0.992826	21.4424	18097	99.92
m21038_250917_082112/10751972/ccs	0.998787	29.1614	24017	99.95
m21038_250917_082112/67965523/ccs	0.999971	45.376	8134	99.98
m21038_251018_074631/118625143/ccs	0.998097	27.2056	6025	99.98
m21038_251018_074631/124650372/ccs	0.999998	56.9897	6094	99.97
m21038_251018_074631/73859176/ccs	0.999884	39.3554	6516	99.98
m21038_251018_074631/24381994/ccs	0.998156	27.3424	7127	99.97
m21038_250917_082112/46399786/ccs	0.999931	41.6115	16343	99.95
m21038_251018_074631/125834258/ccs	0.999869	38.8273	14000	99.95
m21038_250917_082112/204147026/ccs	0.999995	53.0103	10114	99.94
m21038_250917_082112/123011715/ccs	0.999953	43.279	7855	99.94
m21038_251018_074631/212009065/ccs	0.999997	55.2288	7991	99.94
m21038_251018_074631/78515956/ccs	0.999988	49.2082	7658	99.93
m21038_250917_082112/119210397/ccs	0.998899	29.5821	25171	99.95
m21038_251018_074631/58985155/ccs	0.99991	40.4576	16144	99.94
m21038_251018_074631/90181511/ccs	0.999962	44.2022	10403	99.93
m21038_251018_074631/12517806/ccs	0.999997	55.2288	3493	99.89
m21038_251018_074631/140120009/ccs	1	60	2501	99.84
m21038_251018_074631/115608239/ccs	0.999981	47.2125	6310	99.92
m21038_250917_082112/147458974/ccs	0.99078	20.3527	32447	99.83
m21038_250917_082112/39390648/ccs	0.998991	29.9611	8297	99.93
m21038_250917_082112/16913378/ccs	0.995965	23.9416	18831	99.93
m21038_250917_082112/205717895/ccs	0.996946	25.1513	18233	99.94
m21038_251018_074631/59900275/ccs	0.991629	20.7722	16167	99.86
m21038_251018_074631/197067481/ccs	0.99999	50	6363	99.94
m21038_251018_074631/150736940/ccs	0.999999	60	5781	99.93
m21038_251018_074631/106959703/ccs	0.998583	28.4863	4179	99.90
m21038_250917_082112/105185397/ccs	0.998895	29.5664	13870	99.95
m21038_251018_074631/55378038/ccs	1	60	3420	99.91
m21038_251018_074631/127931978/ccs	0.996406	24.4442	20713	99.87
m21038_250917_082112/202638534/ccs	0.999795	36.8825	6217	99.94
m21038_251018_074631/86444133/ccs	0.999751	36.038	8136	99.95
m21038_251018_074631/47910395/ccs	0.998679	28.791	4003	99.93
m21038_250917_082112/72225257/ccs	0.999216	31.0568	4847	99.81
m21038_250917_082112/161743043/ccs	0.999998	56.9897	7467	99.97
m21038_250917_082112/116852146/ccs	0.999498	32.993	10451	99.98
m21038_250917_082112/8587919/ccs	0.999955	43.4679	4154	99.95
m21038_251018_074631/110170382/ccs	0.998073	27.1512	3454	99.94
m21038_251018_074631/51711165/ccs	0.999928	41.4267	8418	99.98
m21038_251018_074631/49418868/ccs	0.999963	44.318	11709	99.92
m21038_250917_082112/102826848/ccs	0.998748	29.024	7117	99.96
m21038_250917_082112/76615688/ccs	0.999976	46.1979	7354	99.97
m21038_250917_082112/118032128/ccs	0.999732	35.7187	27717	99.95
m21038_251018_074631/136119768/ccs	0.999651	34.5717	4472	99.98
m21038_250917_082112/95424718/ccs	0.99996	43.9794	7193	99.99
m21038_251018_074631/166989957/ccs	1	60	5198	100.00
m21038_251018_074631/85136609/ccs	0.99872	28.9279	3566	100.00
m21038_251018_074631/40112577/ccs	0.995251	23.234	19530	99.89
m21038_250917_082112/98042015/ccs	0.991659	20.7878	32002	99.86
m21038_250917_082112/28969534/ccs	0.998284	27.6548	4611	100.00
m21038_250917_082112/154207450/ccs	0.999699	35.2143	3949	100.00
m21038_251018_074631/208405085/ccs	0.998691	28.8306	26571	99.94
m21038_250917_082112/110630417/ccs	0.998126	27.2723	23618	99.94
m21038_251018_074631/149426931/ccs	0.99997	45.2288	7914	99.91
m21038_251018_074631/170921377/ccs	0.999377	32.0551	4309	100.00
m21038_251018_074631/110694743/ccs	0.99493	22.9499	30069	99.93
m21038_251018_074631/178917256/ccs	0.999937	42.0066	13284	99.87
m21038_251018_074631/3739368/ccs	0.99937	32.0066	29510	99.93
m21038_251018_074631/135663809/ccs	1	60	3360	99.79
m21038_251018_074631/38732537/ccs	0.997258	25.6193	22493	99.92
m21038_250917_082112/129304249/ccs	0.999889	39.5468	7314	99.43
m21038_251018_074631/161220683/ccs	0.99999	50	3843	99.97
m21038_251018_074631/74781572/ccs	0.999548	33.4486	5478	99.96
m21038_251018_074631/165414741/ccs	0.995468	23.4371	32915	99.50
m21038_250917_082112/111742108/ccs	0.997929	26.8382	5910	99.47
m21038_251018_074631/162139198/ccs	0.999991	50.4576	4502	99.96
m21038_251018_074631/247267740/ccs	0.999741	35.867	22155	99.62
m21038_250917_082112/90375799/ccs	0.99532	23.2975	5267	99.36
m21038_251018_074631/127271440/ccs	0.99854	28.3565	5609	99.44
m21038_250917_082112/47843653/ccs	0.999972	45.5284	6673	99.41
m21038_251018_074631/196281775/ccs	0.999858	38.4771	3096	98.76
m21038_251018_074631/69272584/ccs	1	60	2982	98.64
m21038_251018_074631/72876509/ccs	1	60	3760	99.95
m21038_251018_074631/112395893/ccs	0.999958	43.7675	9218	99.97
m21038_251018_074631/61543636/ccs	0.996986	25.2086	18257	99.57
m21038_251018_074631/249103450/ccs	0.991905	20.9178	17569	99.44
m21038_250917_082112/64487869/ccs	0.999985	48.2391	7376	99.96
m21038_250917_082112/19924984/ccs	0.998634	28.6455	31874	99.55
m21038_251018_074631/183766742/ccs	1	60	3866	99.95
m21038_250917_082112/181274702/ccs	0.999988	49.2082	4937	99.96
m21038_250917_082112/73862978/ccs	0.999849	38.2102	16962	99.97
m21038_251018_074631/131074622/ccs	0.999994	52.2185	5822	99.97
m21038_250917_082112/110691127/ccs	0.998621	28.6044	31440	99.69
m21038_250917_082112/115934680/ccs	0.999745	35.9346	17229	99.60
m21038_250917_082112/186058532/ccs	0.99883	29.3181	25861	99.66
m21038_251018_074631/119801815/ccs	0.999986	48.5387	4668	99.98
m21038_251018_074631/39650082/ccs	0.997814	26.6035	31209	99.56
m21038_251018_074631/82970843/ccs	0.997518	26.052	5489	99.98
m21038_250917_082112/108596199/ccs	0.998053	27.1063	3315	99.97
m21038_250917_082112/121505536/ccs	0.996233	24.24	24319	99.62
m21038_251018_074631/34016179/ccs	0.999084	30.381	4872	99.98
m21038_251018_074631/145036534/ccs	0.999979	46.7778	8437	99.95
m21038_250917_082112/39847174/ccs	0.99888	29.5078	30750	99.43
m21038_251018_074631/234949587/ccs	0.999913	40.6048	21535	99.68
m21038_250917_082112/189203201/ccs	0.999738	35.817	27011	99.70
m21038_250917_082112/178129105/ccs	0.999743	35.9007	21257	99.68
m21038_251018_074631/60359700/ccs	0.999559	33.5556	24979	99.94
m21038_251018_074631/126490373/ccs	0.999879	39.1721	18681	99.66
m21038_251018_074631/45682546/ccs	0.999828	37.6447	12584	99.57
m21038_250917_082112/192416342/ccs	0.999314	31.6368	21889	99.95
m21038_251018_074631/76285872/ccs	0.993208	21.68	21579	99.60
m21038_251018_074631/202508202/ccs	0.999589	33.8616	23405	99.69
m21038_251018_074631/98175678/ccs	0.993029	21.567	14222	99.50
m21038_251018_074631/165218275/ccs	0.999984	47.9588	5519	99.96
m21038_251018_074631/194251016/ccs	0.999888	39.5078	15978	99.96
m21038_251018_074631/249103778/ccs	0.999644	34.4855	21549	99.69
m21038_250917_082112/123933402/ccs	0.999043	30.1909	25963	99.56
m21038_251018_074631/32440944/ccs	0.997585	26.1708	16973	99.66
m21038_250917_082112/262930887/ccs	0.998997	29.987	24434	99.73
m21038_251018_074631/184029133/ccs	0.998721	28.9313	26485	99.70
m21038_251018_074631/126227257/ccs	0.999967	44.8149	15095	99.68
m21038_250917_082112/95884254/ccs	0.999302	31.5614	7304	99.96
m21038_250917_082112/45881170/ccs	0.999626	34.2713	20606	99.94
m21038_250917_082112/242419826/ccs	0.999386	32.1183	27917	99.58
m21038_251018_074631/178391011/ccs	0.996743	24.8718	27781	99.55
m21038_251018_074631/174461729/ccs	0.999929	41.4874	16258	99.70
m21038_250917_082112/261751655/ccs	0.99996	43.9794	12618	99.97
m21038_251018_074631/101126550/ccs	0.999678	34.9214	19712	99.34
m21038_250917_082112/40046954/ccs	0.998643	28.6742	27476	99.59
m21038_250917_082112/2491175/ccs	0.999518	33.1695	22760	99.58
m21038_250917_082112/94835911/ccs	0.99944	32.5181	13814	99.96
m21038_250917_082112/84284306/ccs	0.999917	40.8092	7026	99.53
m21038_251018_074631/248513833/ccs	0.999915	40.7058	10059	99.65
m21038_250917_082112/134744005/ccs	0.999784	36.6555	19763	99.75
m21038_251018_074631/262604697/ccs	0.999871	38.8941	19725	99.63
m21038_250917_082112/32183720/ccs	0.996493	24.5506	4750	99.43
m21038_250917_082112/62719989/ccs	0.99528	23.2606	20169	99.73
m21038_250917_082112/84545362/ccs	0.999985	48.2391	7018	99.96
m21038_251018_074631/148310938/ccs	0.999007	30.0305	20709	99.93
m21038_250917_082112/131859582/ccs	0.999958	43.7675	10903	99.72
m21038_250917_082112/148439253/ccs	0.99989	39.5861	8894	99.27
m21038_251018_074631/169411420/ccs	0.99838	27.9048	19810	99.59
m21038_250917_082112/8914716/ccs	0.999982	47.4473	4483	99.58
m21038_250917_082112/29562451/ccs	0.999561	33.5754	19290	99.63
m21038_250917_082112/257493340/ccs	0.999742	35.8838	19639	99.94
m21038_250917_082112/61997897/ccs	0.999297	31.5304	17287	99.94
m21038_250917_082112/118948082/ccs	0.9986	28.5387	8376	99.72
m21038_251018_074631/22545900/ccs	0.999498	32.993	17062	99.41
m21038_250917_082112/73597680/ccs	0.993743	22.0363	19949	99.53
m21038_250917_082112/40567229/ccs	1	60	6516	99.75
m21038_250917_082112/43520074/ccs	0.99997	45.2288	6501	99.78
m21038_250917_082112/199689341/ccs	0.999727	35.6384	16680	99.95
m21038_250917_082112/221905330/ccs	0.99999	50	9106	99.43
m21038_250917_082112/201591495/ccs	0.996439	24.4843	27504	99.60
m21038_251018_074631/266076929/ccs	0.999229	31.1295	31105	99.78
m21038_250917_082112/107152922/ccs	0.999987	48.8606	5544	99.30
m21038_251018_074631/104729114/ccs	0.998909	29.6218	7917	99.84
m21038_250917_082112/67702921/ccs	0.99988	39.2082	10137	99.41
m21038_250917_082112/127664536/ccs	0.999983	47.6955	8837	99.82
m21038_250917_082112/60036605/ccs	0.999697	35.1856	14639	99.95
m21038_250917_082112/91426442/ccs	0.99461	22.6841	5216	99.42
m21038_251018_074631/54460859/ccs	0.995226	23.2112	26894	99.56
m21038_250917_082112/252316560/ccs	0.999533	33.3068	22787	99.81
m21038_250917_082112/207948004/ccs	0.999788	36.7366	24496	99.59
m21038_250917_082112/59442314/ccs	0.999952	43.1876	6348	99.87
m21038_250917_082112/200083379/ccs	1	60	4278	99.86
m21038_251018_074631/187630619/ccs	0.999991	50.4576	4489	100.00
m21038_251018_074631/47974489/ccs	0.999941	42.2915	9211	99.86
m21038_251018_074631/238880858/ccs	0.993393	21.8	17627	99.48
m21038_250917_082112/37425473/ccs	0.999239	31.1862	15037	99.83
m21038_250917_082112/247398877/ccs	0.999913	40.6048	10468	99.89
m21038_250917_082112/143459431/ccs	0.99994	42.2185	14767	99.61
m21038_251018_074631/51976023/ccs	0.99951	33.098	25699	99.59
m21038_250917_082112/58590657/ccs	0.999276	31.4026	21559	99.60
m21038_251018_074631/91229774/ccs	0.992332	21.1532	20264	99.50
m21038_251018_074631/114295900/ccs	0.999631	34.3297	10809	99.88
m21038_250917_082112/187236963/ccs	0.999997	55.2288	9930	99.60
m21038_250917_082112/96736672/ccs	0.996141	24.1353	6459	99.61
m21038_250917_082112/210504268/ccs	0.999979	46.7778	8183	99.89
m21038_251018_074631/120062493/ccs	0.999796	36.9037	19337	99.63
m21038_251018_074631/213977744/ccs	1	60	4698	99.94
m21038_250917_082112/22282741/ccs	0.997454	25.9414	3976	99.54
m21038_250917_082112/53675725/ccs	0.998694	28.8406	17638	99.63
m21038_251018_074631/83365791/ccs	0.999447	32.5727	2836	99.93
m21038_250917_082112/15402983/ccs	1	60	4179	99.93
m21038_251018_074631/78971534/ccs	0.999639	34.4249	4312	100.00
m21038_250917_082112/259197274/ccs	0.999992	50.9691	4896	99.88
m21038_251018_074631/22218265/ccs	0.998591	28.5109	12964	99.86
m21038_251018_074631/176559371/ccs	1	60	7430	99.91
m21038_251018_074631/169607422/ccs	0.996002	23.9816	8956	99.85
m21038_250917_082112/24577513/ccs	0.999707	35.3313	4964	99.98
m21038_250917_082112/52891563/ccs	0.995242	23.2258	8318	99.92
m21038_251018_074631/122618953/ccs	0.99989	39.5861	9228	99.86
m21038_251018_074631/102500574/ccs	0.999858	38.4771	20568	99.91
m21038_251018_074631/85920362/ccs	1	60	4769	99.90
m21038_251018_074631/15141365/ccs	0.999767	36.3264	3590	99.97
m21038_250917_082112/53416315/ccs	0.99956	33.5655	6224	99.77
m21038_251018_074631/7408886/ccs	1	60	3701	99.86
m21038_250917_082112/54198370/ccs	0.999547	33.439	19471	99.91
m21038_251018_074631/152765860/ccs	0.999476	32.8067	6088	99.93
m21038_251018_074631/64621118/ccs	0.99985	38.2391	6626	99.88
m21038_250917_082112/224659042/ccs	0.999981	47.2125	4952	99.74
m21038_251018_074631/133828961/ccs	0.999745	35.9346	13053	99.84
m21038_250917_082112/126029433/ccs	0.999176	30.8407	22246	99.89
m21038_250917_082112/84740175/ccs	0.999992	50.9691	5876	99.90
m21038_250917_082112/165544111/ccs	0.999711	35.391	7661	99.95
m21038_251018_074631/91882723/ccs	1	60	6259	99.84
m21038_250917_082112/72483489/ccs	0.998883	29.5195	20971	99.90
m21038_251018_074631/180557445/ccs	1	60	4101	99.85
m21038_251018_074631/117968306/ccs	0.998833	29.3293	25572	99.90
m21038_251018_074631/153097909/ccs	1	60	5450	99.89
m21038_251018_074631/55771973/ccs	0.999971	45.376	11808	99.92
m21038_250917_082112/111214804/ccs	0.999522	33.2057	19762	99.90
m21038_251018_074631/111936535/ccs	0.999997	55.2288	6839	99.93
m21038_251018_074631/175442223/ccs	0.999902	40.0877	6779	99.91
m21038_250917_082112/241698922/ccs	0.999943	42.4413	9800	99.91
m21038_251018_074631/256182260/ccs	0.999999	60	7827	99.94
m21038_251018_074631/122160164/ccs	1	60	5064	99.92
m21038_250917_082112/199230126/ccs	0.999996	53.9794	12028	99.84
m21038_251018_074631/172757076/ccs	0.999955	43.4679	15555	99.77
m21038_250917_082112/236914265/ccs	0.999978	46.5758	13122	99.89
m21038_251018_074631/73865000/ccs	0.998071	27.1467	6388	99.76
m21038_251018_074631/70321282/ccs	0.999992	50.9691	7862	99.91
m21038_250917_082112/263392152/ccs	0.997291	25.6719	19803	99.91
m21038_250917_082112/232328133/ccs	0.999451	32.6043	3796	99.97
m21038_250917_082112/71963737/ccs	0.999994	52.2185	9379	99.89
m21038_251018_074631/260311851/ccs	0.999896	39.8297	15523	99.76
m21038_250917_082112/221579880/ccs	0.998075	27.1557	11540	99.88
m21038_251018_074631/84020252/ccs	0.999057	30.2549	7351	99.90
m21038_251018_074631/128845442/ccs	0.999923	41.1351	4276	99.88
m21038_251018_074631/56164760/ccs	0.999964	44.437	9981	99.80
m21038_251018_074631/82119440/ccs	0.999442	32.5337	20216	99.89
m21038_250917_082112/31917177/ccs	0.999997	55.2288	6152	99.90
m21038_251018_074631/66850307/ccs	0.999995	53.0103	5869	99.85
m21038_251018_074631/248056471/ccs	0.999981	47.2125	10831	99.90
m21038_251018_074631/113383288/ccs	0.998917	29.6537	24057	99.88
m21038_250917_082112/104402632/ccs	0.99967	34.8149	7384	99.92
m21038_251018_074631/50070630/ccs	0.999949	42.9243	8300	99.90
m21038_250917_082112/99550059/ccs	0.998858	29.4233	9949	99.92
m21038_250917_082112/127342171/ccs	0.999728	35.6543	21358	99.90
m21038_250917_082112/108397234/ccs	0.998615	28.5855	23014	99.76
m21038_251018_074631/115676003/ccs	1	60	2944	99.80
m21038_250917_082112/180226675/ccs	0.990921	20.4196	4115	99.90
m21038_250917_082112/87755476/ccs	0.99794	26.8613	19329	99.59
m21038_251018_074631/67178225/ccs	0.999921	41.0237	5463	99.89
m21038_250917_082112/34866025/ccs	0.997442	25.921	10905	99.82
m21038_250917_082112/17105637/ccs	0.997612	26.2197	14250	99.72
m21038_250917_082112/128521308/ccs	1	60	4177	99.90
m21038_250917_082112/29295641/ccs	0.999815	37.3283	8533	99.91
m21038_250917_082112/42405791/ccs	0.99999	50	2494	99.92
m21038_251018_074631/205720466/ccs	0.993738	22.0329	5503	99.78
m21038_250917_082112/136448051/ccs	0.999945	42.5964	2839	99.75
m21038_251018_074631/98898134/ccs	0.993344	21.7679	13067	99.81
m21038_250917_082112/80811559/ccs	1	60	4326	99.86
m21038_250917_082112/24972679/ccs	0.999695	35.157	22453	99.86
m21038_251018_074631/213846413/ccs	0.999984	47.9588	4229	99.86
m21038_250917_082112/49092023/ccs	1	60	3436	99.77
m21038_251018_074631/53019650/ccs	0.999998	56.9897	3523	99.89
m21038_250917_082112/135926581/ccs	0.999991	50.4576	5029	99.76
m21038_250917_082112/157614596/ccs	0.995059	23.0619	26529	99.74
m21038_250917_082112/42014163/ccs	0.998123	27.2654	19610	99.88
m21038_250917_082112/138872588/ccs	0.999103	30.4721	3530	99.83
m21038_251018_074631/114037798/ccs	0.999884	39.3554	6951	99.80
m21038_250917_082112/104531210/ccs	0.999905	40.2228	4250	99.91
m21038_250917_082112/8849342/ccs	0.999934	41.8046	5815	99.78
m21038_251018_074631/76354982/ccs	0.99997	45.2288	11905	99.74
m21038_251018_074631/95619775/ccs	0.990278	20.1224	8419	99.71
m21038_250917_082112/88934333/ccs	0.999942	42.3657	8206	99.72
m21038_250917_082112/28903005/ccs	0.998954	29.8047	14735	99.92
m21038_251018_074631/93782611/ccs	0.999368	31.9928	7977	99.75
m21038_251018_074631/188745389/ccs	1	60	4548	99.80
m21038_250917_082112/92538638/ccs	0.999948	42.84	10157	99.71
m21038_250917_082112/178520549/ccs	0.999883	39.3181	6118	99.75
m21038_250917_082112/51120407/ccs	0.998908	29.6178	7914	99.89
m21038_250917_082112/231016839/ccs	0.999947	42.7572	15514	99.73
m21038_250917_082112/143657302/ccs	0.999974	45.8503	3565	99.78
m21038_250917_082112/28055296/ccs	0.999692	35.1145	20698	99.84
m21038_251018_074631/187370524/ccs	0.999928	41.4267	6299	99.71
m21038_250917_082112/39128125/ccs	0.999872	38.9279	3669	99.81
m21038_251018_074631/187110834/ccs	0.999509	33.0892	20516	99.84
m21038_251018_074631/210829592/ccs	1	60	3398	99.85
m21038_251018_074631/264569553/ccs	0.999989	49.5861	10149	99.91
m21038_251018_074631/109055903/ccs	0.997136	25.4303	19315	99.84
m21038_250917_082112/80940954/ccs	0.999712	35.4061	16648	99.58
m21038_251018_074631/233507448/ccs	0.99986	38.5387	11101	99.76
m21038_250917_082112/161090418/ccs	0.999952	43.1876	4653	99.89
m21038_251018_074631/134873521/ccs	0.998766	29.0868	9032	99.70
m21038_251018_074631/151588126/ccs	0.999989	49.5861	2941	99.90
m21038_251018_074631/80286551/ccs	0.999772	36.4207	4637	99.87
m21038_251018_074631/165676906/ccs	0.994359	22.4864	14329	99.68
m21038_250917_082112/200215037/ccs	0.999974	45.8503	7963	99.90
m21038_250917_082112/73008952/ccs	0.999949	42.9243	6556	99.89
m21038_250917_082112/22808142/ccs	0.999877	39.1009	7888	99.71
m21038_250917_082112/42272814/ccs	0.999149	30.7007	14676	99.56
m21038_250917_082112/114234237/ccs	0.999854	38.3565	11507	99.81
m21038_250917_082112/25563218/ccs	0.999644	34.4855	4907	99.65
m21038_251018_074631/49023372/ccs	0.999652	34.5842	8031	99.73
m21038_251018_074631/97847007/ccs	0.999875	39.0309	8663	99.75
m21038_251018_074631/30083230/ccs	0.993138	21.6355	23970	99.67
m21038_251018_074631/63046714/ccs	0.999924	41.1919	13495	99.92
m21038_250917_082112/243925208/ccs	0.99843	28.041	35283	99.64
m21038_250917_082112/147065569/ccs	0.999957	43.6653	6710	99.93
m21038_251018_074631/82119106/ccs	0.999943	42.4413	3288	99.64
m21038_250917_082112/255526307/ccs	0.999983	47.6955	6576	99.70
m21038_251018_074631/52629848/ccs	0.999589	33.8616	3663	99.86
m21038_250917_082112/237242991/ccs	0.999764	36.2709	16747	99.82
m21038_250917_082112/244713384/ccs	0.999661	34.698	3864	99.92
m21038_250917_082112/222038613/ccs	0.995099	23.0972	12363	99.83
m21038_251018_074631/120787301/ccs	1	60	3668	99.62
m21038_250917_082112/205785469/ccs	0.998364	27.8622	22947	99.69
m21038_251018_074631/261818769/ccs	0.999913	40.6048	6396	99.94
m21038_251018_074631/81790425/ccs	0.999908	40.3621	4592	99.61
m21038_250917_082112/192873663/ccs	0.999267	31.349	4505	99.87
m21038_250917_082112/79433350/ccs	0.999777	36.517	12483	99.91
m21038_250917_082112/266143369/ccs	0.996824	24.9812	13350	99.85
m21038_250917_082112/149030592/ccs	0.999738	35.817	12589	99.76
m21038_250917_082112/248120384/ccs	0.999985	48.2391	8605	99.90
m21038_251018_074631/238357425/ccs	0.996229	24.2354	21982	99.67
m21038_251018_074631/215744757/ccs	0.999744	35.9176	22530	99.68
m21038_250917_082112/4457714/ccs	0.999681	34.9621	8813	99.42
m21038_251018_074631/133829117/ccs	0.999998	56.9897	2819	99.54
m21038_250917_082112/95228233/ccs	1	60	4989	99.94
m21038_250917_082112/112724569/ccs	0.999847	38.1531	5203	99.81
m21038_251018_074631/180423443/ccs	0.999994	52.2185	7164	99.90
m21038_251018_074631/118360798/ccs	0.999145	30.6803	2781	99.93
m21038_251018_074631/181341069/ccs	0.999999	60	3004	99.80
m21038_251018_074631/71503596/ccs	0.998674	28.7746	5060	99.92
m21038_250917_082112/153159086/ccs	0.999514	33.1336	27521	99.63
m21038_250917_082112/134354473/ccs	0.995318	23.2957	21482	99.55
m21038_251018_074631/68813435/ccs	0.997613	26.2215	5588	99.36
m21038_251018_074631/110757521/ccs	0.999514	33.1336	11142	99.80
m21038_251018_074631/165023394/ccs	0.999944	42.5181	3245	99.91
m21038_250917_082112/32507117/ccs	0.999999	60	4222	99.81
m21038_251018_074631/18552055/ccs	0.993633	21.9607	7504	99.65
m21038_251018_074631/69337637/ccs	0.999999	60	5228	99.90
m21038_251018_074631/52298043/ccs	0.99999	50	3067	99.93
m21038_251018_074631/153683782/ccs	0.999354	31.8977	6827	99.92
m21038_251018_074631/226494866/ccs	0.999997	55.2288	5730	99.30
m21038_250917_082112/111416554/ccs	0.999578	33.7469	9080	99.76
m21038_251018_074631/133105786/ccs	0.999976	46.1979	9892	99.72
m21038_251018_074631/151455430/ccs	0.999997	55.2288	7578	99.70
m21038_250917_082112/23399852/ccs	0.998787	29.1614	6638	99.70
m21038_251018_074631/234226160/ccs	0.999767	36.3264	10180	99.66
m21038_250917_082112/67830365/ccs	0.999813	37.2816	7390	99.79
m21038_251018_074631/117769615/ccs	0.999996	53.9794	6455	99.71
m21038_250917_082112/131140575/ccs	0.99997	45.2288	4759	99.82
m21038_250917_082112/105059728/ccs	0.996482	24.537	8047	99.70
m21038_250917_082112/11212596/ccs	0.999881	39.2445	7492	99.78
m21038_250917_082112/84608352/ccs	0.999685	35.0169	4171	99.90
m21038_251018_074631/90046761/ccs	1	60	5229	99.08
m21038_251018_074631/191497684/ccs	0.999961	44.0894	9746	99.63
m21038_251018_074631/35591696/ccs	1	60	4321	99.88
m21038_250917_082112/145359838/ccs	1	60	5705	99.76
m21038_251018_074631/94701669/ccs	1	60	4883	99.54
m21038_250917_082112/188810458/ccs	0.999929	41.4874	7681	99.57
m21038_250917_082112/75957468/ccs	0.9936	21.9382	4378	99.61
m21038_250917_082112/205326237/ccs	0.999981	47.2125	8630	99.51
m21038_251018_074631/109121035/ccs	0.999986	48.5387	6878	100.00
m21038_250917_082112/67635154/ccs	0.999097	30.4431	13148	99.55
m21038_251018_074631/68551133/ccs	0.991865	20.8964	5192	99.70
m21038_250917_082112/35915958/ccs	0.999971	45.376	4767	100.00
m21038_251018_074631/15928998/ccs	0.999929	41.4874	4387	99.68
m21038_250917_082112/45946473/ccs	1	60	4303	99.98
m21038_250917_082112/170000994/ccs	0.999436	32.4872	25143	99.84
m21038_250917_082112/50794570/ccs	0.996671	24.7769	21757	99.85
m21038_250917_082112/88998708/ccs	0.998564	28.4285	21184	99.85
m21038_250917_082112/197723840/ccs	0.999799	36.968	16235	99.83
m21038_251018_074631/176624438/ccs	0.999917	40.8092	7600	99.53
m21038_250917_082112/246481800/ccs	0.999421	32.3732	17332	99.84
m21038_250917_082112/79826394/ccs	0.999722	35.5596	15193	99.84
m21038_250917_082112/119082779/ccs	0.999115	30.5306	14348	99.83
m21038_251018_074631/146347104/ccs	0.998674	28.7746	19860	99.42
m21038_250917_082112/48563371/ccs	0.994887	22.9132	29412	99.37
m21038_250917_082112/88410440/ccs	0.999429	32.4336	25675	99.43
m21038_251018_074631/56166114/ccs	1	60	3142	99.90
m21038_251018_074631/237831665/ccs	0.999713	35.4212	18046	99.42
m21038_251018_074631/65931361/ccs	0.999802	37.0333	21827	99.37
m21038_250917_082112/46206678/ccs	0.999804	37.0774	14724	99.30
m21038_251018_074631/27465109/ccs	0.999956	43.5655	10637	99.24
m21038_251018_074631/157486750/ccs	0.999959	43.8722	11152	99.32
m21038_251018_074631/114557419/ccs	0.999859	38.5078	4295	99.84
m21038_251018_074631/118424087/ccs	0.999851	38.2681	3372	99.82
m21038_250917_082112/198706662/ccs	0.99997	45.2288	5433	99.85
m21038_250917_082112/245762408/ccs	0.999973	45.6864	6487	99.89
m21038_251018_074631/85988188/ccs	0.999806	37.122	7693	99.40
m21038_251018_074631/163581402/ccs	0.999606	34.045	7040	99.45
m21038_251018_074631/237633934/ccs	0.999998	56.9897	5203	98.91
m21038_250917_082112/147720661/ccs	0.999819	37.4232	6310	99.53
m21038_250917_082112/258934543/ccs	0.990649	20.2914	9503	98.56
m21038_250917_082112/248644459/ccs	0.998847	29.3817	10934	99.58
m21038_251018_074631/54464342/ccs	1	60	5077	99.66
m21038_250917_082112/100210485/ccs	0.990126	20.0551	11410	99.92
m21038_251018_074631/70781491/ccs	0.993933	22.1703	6708	99.63
m21038_250917_082112/10621437/ccs	0.99679	24.9349	9193	99.61
m21038_250917_082112/230163966/ccs	0.999918	40.8619	8361	97.81
m21038_250917_082112/72160980/ccs	0.999264	31.3312	7711	97.62
m21038_250917_082112/95423645/ccs	0.999922	41.0791	13873	97.94
m21038_251018_074631/47186130/ccs	1	60	5213	97.16
m21038_250917_082112/64689747/ccs	0.999845	38.0967	9148	98.84
m21038_251018_074631/145230802/ccs	0.99941	32.2915	10975	98.87
m21038_251018_074631/36243644/ccs	0.999977	46.3827	9167	98.81
m21038_251018_074631/33687456/ccs	0.999983	47.6955	6213	98.81
m21038_250917_082112/29558805/ccs	0.995887	23.8584	22892	99.94
m21038_250917_082112/43978067/ccs	0.999725	35.6067	5307	99.69
m21038_250917_082112/57937966/ccs	0.99984	37.9588	6316	99.66
m21038_251018_074631/31853812/ccs	0.999125	30.5799	9603	99.94
m21038_250917_082112/39916824/ccs	0.995126	23.1211	10747	99.48
m21038_251018_074631/166330945/ccs	0.99979	36.7778	19450	98.21
m21038_250917_082112/44042461/ccs	0.99986	38.5387	11142	97.90
m21038_251018_074631/178851762/ccs	0.999901	40.0436	6038	99.60
m21038_250917_082112/238225710/ccs	0.999951	43.098	10462	99.97
m21038_251018_074631/85725802/ccs	0.999336	31.7783	13591	98.84
m21038_250917_082112/20844596/ccs	0.999991	50.4576	4831	100.00
m21038_250917_082112/2754961/ccs	0.999181	30.8672	6401	99.95
m21038_250917_082112/131601364/ccs	0.998337	27.7911	7140	99.69
m21038_251018_074631/113185219/ccs	0.998556	28.4043	5331	99.12
m21038_251018_074631/113311838/ccs	0.999995	53.0103	7930	99.62
m21038_250917_082112/79825935/ccs	0.994411	22.5267	5373	99.94
m21038_250917_082112/158009592/ccs	0.999266	31.343	27566	98.61
m21038_250917_082112/22481903/ccs	0.995196	23.184	11551	98.81
m21038_250917_082112/159187206/ccs	0.995756	23.7222	16438	98.51
m21038_250917_082112/95816912/ccs	0.999979	46.7778	8255	98.45
m21038_251018_074631/7013521/ccs	0.996441	24.4867	11021	98.91
m21038_251018_074631/148837997/ccs	1	60	3852	99.66
m21038_251018_074631/196872174/ccs	0.999478	32.8233	10292	98.97
m21038_251018_074631/134811652/ccs	0.999612	34.1117	16393	99.98
m21038_250917_082112/17765402/ccs	1	60	4771	99.66
m21038_251018_074631/18613898/ccs	0.999982	47.4473	3429	98.57
m21038_250917_082112/100009783/ccs	0.999977	46.3827	8444	99.17
m21038_250917_082112/159581829/ccs	0.999702	35.2578	4715	99.57
m21038_250917_082112/57872336/ccs	1	60	4456	99.93
m21038_250917_082112/35326027/ccs	0.999458	32.66	3009	98.47
m21038_251018_074631/174724582/ccs	0.999743	35.9007	17819	98.89
m21038_250917_082112/181929381/ccs	0.999789	36.7572	7225	99.17
m21038_251018_074631/191565721/ccs	0.999923	41.1351	7948	99.16
m21038_250917_082112/25564496/ccs	0.999886	39.431	6684	99.12
m21038_250917_082112/183174511/ccs	0.999959	43.8722	6363	98.57
m21038_250917_082112/242025074/ccs	0.999999	60	8109	99.12
m21038_251018_074631/202114212/ccs	0.999999	60	9517	98.94
m21038_250917_082112/88544132/ccs	0.999646	34.51	8766	98.87
m21038_250917_082112/81663608/ccs	0.999952	43.1876	11662	99.97
m21038_250917_082112/120591890/ccs	0.99999	50	8206	98.96
m21038_251018_074631/140513056/ccs	0.9992	30.9691	6898	99.19
m21038_250917_082112/128058742/ccs	0.999964	44.437	5010	99.00
m21038_251018_074631/106761158/ccs	0.999763	36.2525	10229	98.83
m21038_251018_074631/173610103/ccs	0.999943	42.4413	8529	98.87
m21038_251018_074631/62981446/ccs	0.999982	47.4473	6044	99.19
m21038_251018_074631/225774158/ccs	0.998863	29.4424	18691	98.51
m21038_251018_074631/114300364/ccs	0.99978	36.5758	5055	99.17
m21038_251018_074631/98239341/ccs	1	60	3974	99.07
m21038_250917_082112/27918741/ccs	0.999913	40.6048	15435	98.89
m21038_250917_082112/95229484/ccs	0.990535	20.2388	11711	98.79
m21038_251018_074631/228590164/ccs	1	60	4512	99.33
m21038_251018_074631/256378206/ccs	0.999999	60	3809	99.21
m21038_250917_082112/23266390/ccs	0.999794	36.8613	8298	98.76
m21038_251018_074631/192349731/ccs	0.998995	29.9783	23496	99.99
m21038_251018_074631/74515619/ccs	0.995817	23.7851	9164	98.58
m21038_250917_082112/235735003/ccs	0.999285	31.4569	7424	98.87
m21038_250917_082112/95946385/ccs	0.999984	47.9588	8290	99.99
m21038_251018_074631/154342216/ccs	0.999793	36.8403	21142	98.51
m21038_250917_082112/58267494/ccs	0.999943	42.4413	5812	99.98
m21038_250917_082112/251856111/ccs	0.999972	45.5284	12681	98.89
m21038_251018_074631/58589970/ccs	0.999926	41.3077	8354	98.48
m21038_251018_074631/133301269/ccs	1	60	4745	99.98
m21038_251018_074631/189073476/ccs	0.999757	36.1439	5412	98.74
m21038_251018_074631/145036736/ccs	0.991593	20.7536	3446	99.74
m21038_250917_082112/8129719/ccs	0.999691	35.1004	6308	98.76
m21038_251018_074631/37949009/ccs	0.999933	41.7393	11424	99.99
m21038_251018_074631/46794169/ccs	0.999906	40.2687	11875	98.48
m21038_250917_082112/80416200/ccs	0.999855	38.3863	14459	99.99
m21038_250917_082112/30740742/ccs	0.999677	34.908	12018	98.40
m21038_251018_074631/125044626/ccs	0.999998	56.9897	5821	98.50
m21038_250917_082112/190186746/ccs	0.999575	33.7161	7174	98.73
m21038_250917_082112/23007510/ccs	0.999994	52.2185	8897	98.80
m21038_251018_074631/93849092/ccs	0.999975	46.0206	8015	98.14
m21038_250917_082112/53742336/ccs	0.999838	37.9048	7365	98.22
m21038_250917_082112/148308279/ccs	0.997927	26.834	9081	98.73
m21038_250917_082112/230491112/ccs	0.999406	32.2621	11405	98.31
m21038_250917_082112/142737802/ccs	0.999968	44.9485	4893	99.98
m21038_251018_074631/168890851/ccs	0.999988	49.2082	5099	99.98
m21038_250917_082112/57545941/ccs	0.999818	37.3993	12784	99.99
m21038_251018_074631/189072689/ccs	1	60	6490	99.98
m21038_251018_074631/191172178/ccs	0.993955	22.186	7425	99.84
m21038_250917_082112/85857742/ccs	0.99126	20.5849	16800	98.18
m21038_251018_074631/172623386/ccs	0.999943	42.4413	10713	98.30
m21038_251018_074631/228526715/ccs	0.999546	33.4294	7064	100.00
m21038_250917_082112/86640306/ccs	0.999994	52.2185	4382	98.10
m21038_250917_082112/52693855/ccs	0.998545	28.3714	8127	99.96
m21038_251018_074631/182848910/ccs	0.997549	26.1066	4483	98.16
m21038_250917_082112/110693240/ccs	0.999936	41.9382	4137	99.22
m21038_251018_074631/19663537/ccs	0.999807	37.1444	6732	100.00
m21038_251018_074631/118751515/ccs	0.999992	50.9691	4998	99.06
m21038_251018_074631/198773113/ccs	0.999949	42.9243	4176	100.00
m21038_250917_082112/212273278/ccs	0.999924	41.1919	3945	99.08
m21038_250917_082112/77205103/ccs	0.999974	45.8503	10210	100.00
m21038_250917_082112/102044711/ccs	0.996283	24.2981	8508	98.06
m21038_250917_082112/92932804/ccs	0.999978	46.5758	8899	98.14
m21038_251018_074631/168889093/ccs	0.99966	34.6852	20680	98.16
m21038_251018_074631/184358700/ccs	0.999939	42.1467	10720	98.36
m21038_251018_074631/14420669/ccs	0.999961	44.0894	2959	99.19
m21038_250917_082112/162465969/ccs	0.999961	44.0894	12076	98.18
m21038_251018_074631/140251623/ccs	0.999762	36.2342	3956	98.61
m21038_250917_082112/79760516/ccs	0.999984	47.9588	8044	98.17
m21038_250917_082112/197002882/ccs	0.999446	32.5649	15104	98.17
m21038_250917_082112/55776651/ccs	0.999825	37.5696	3681	98.75
m21038_250917_082112/204474802/ccs	0.999844	38.0688	7170	98.21
m21038_251018_074631/229114767/ccs	0.997685	26.3545	9097	98.40
m21038_250917_082112/175637717/ccs	0.99959	33.8722	8127	98.24
m21038_250917_082112/224919820/ccs	0.997003	25.2331	37071	99.97
m21038_250917_082112/114101485/ccs	0.999958	43.7675	16129	99.65
m21038_250917_082112/19268897/ccs	0.999527	33.2514	24660	99.59
m21038_251018_074631/70389481/ccs	0.999711	35.391	14789	99.92
m21038_251018_074631/80942068/ccs	1	60	8891	99.63
m21038_251018_074631/172561615/ccs	0.998957	29.8172	7194	99.61
m21038_251018_074631/65014086/ccs	0.999055	30.2457	21254	99.93
m21038_250917_082112/65211895/ccs	0.999634	34.3652	19166	99.52
m21038_250917_082112/62329740/ccs	0.999999	60	7929	99.33
m21038_250917_082112/187106739/ccs	0.999964	44.437	10149	99.46
m21038_251018_074631/86902632/ccs	0.997952	26.8867	36281	99.95
m21038_251018_074631/202769115/ccs	0.999952	43.1876	10623	99.92
m21038_251018_074631/99025615/ccs	0.999992	50.9691	8914	99.38
m21038_251018_074631/205522298/ccs	0.999994	52.2185	8956	99.92
m21038_250917_082112/136644730/ccs	0.998848	29.3855	6323	99.70
m21038_250917_082112/248777175/ccs	0.999911	40.5061	7405	99.57
m21038_250917_082112/218825062/ccs	0.999973	45.6864	12486	99.65
m21038_250917_082112/55509510/ccs	0.999999	60	6579	99.64
m21038_250917_082112/202179052/ccs	0.999993	51.549	6437	99.63
m21038_251018_074631/250085744/ccs	0.999899	39.9568	20437	99.69
m21038_250917_082112/136384678/ccs	0.99993	41.549	8432	99.69
m21038_251018_074631/122950706/ccs	0.999982	47.4473	5434	99.58
m21038_251018_074631/246547079/ccs	1	60	5813	99.91
m21038_251018_074631/22416035/ccs	0.999875	39.0309	13811	99.67
m21038_250917_082112/39392223/ccs	0.994768	22.8133	13042	99.63
m21038_250917_082112/8454851/ccs	0.999978	46.5758	8141	99.68
m21038_250917_082112/185664126/ccs	0.99991	40.4576	9957	99.66
m21038_251018_074631/174589419/ccs	0.999283	31.4448	5972	99.61
m21038_251018_074631/185734413/ccs	1	60	3769	99.60
m21038_251018_074631/90112672/ccs	0.999789	36.7572	23205	99.95
m21038_251018_074631/4722698/ccs	0.999987	48.8606	7362	99.77
m21038_251018_074631/145820415/ccs	0.999898	39.914	5024	99.72
m21038_250917_082112/250349226/ccs	0.99956	33.5655	7112	99.93
m21038_251018_074631/174330297/ccs	0.99995	43.0103	6586	99.92
m21038_250917_082112/70128353/ccs	1	60	3955	99.72
m21038_250917_082112/12915183/ccs	0.999983	47.6955	3581	99.92
m21038_251018_074631/235473443/ccs	0.999988	49.2082	4991	99.74
m21038_250917_082112/132121171/ccs	0.9961	24.0894	32194	99.94
m21038_251018_074631/90509540/ccs	0.999922	41.0791	3463	99.77
m21038_250917_082112/227805722/ccs	0.999527	33.2514	19098	99.97
m21038_251018_074631/112072378/ccs	0.999976	46.1979	6723	99.70
m21038_250917_082112/170460101/ccs	0.999603	34.0121	12876	99.73
m21038_250917_082112/105910335/ccs	0.999862	38.6012	15741	99.75
m21038_251018_074631/27595282/ccs	0.999975	46.0206	3290	99.82
m21038_250917_082112/122491529/ccs	0.999709	35.3611	8804	99.76
m21038_250917_082112/77138160/ccs	0.997276	25.6479	14378	99.73
m21038_250917_082112/264965107/ccs	0.998778	29.1293	25112	99.64
m21038_250917_082112/122293779/ccs	0.99998	46.9897	8500	99.82
m21038_250917_082112/125899749/ccs	0.999952	43.1876	9397	99.78
m21038_251018_074631/215288831/ccs	0.999989	49.5861	3715	99.68
m21038_251018_074631/64687946/ccs	0.999382	32.0901	7329	99.78
m21038_251018_074631/174331534/ccs	0.998137	27.2979	21171	99.67
m21038_251018_074631/192874742/ccs	1	60	4777	99.75
m21038_250917_082112/22679710/ccs	0.998527	28.318	26895	99.95
m21038_250917_082112/145096746/ccs	0.999995	53.0103	7474	99.76
m21038_250917_082112/43192894/ccs	0.999993	51.549	8442	99.94
m21038_251018_074631/174592801/ccs	0.999777	36.517	5358	99.81
m21038_250917_082112/124458426/ccs	0.999975	46.0206	5794	99.84
m21038_250917_082112/260835745/ccs	0.999128	30.5948	22572	99.97
m21038_250917_082112/158008340/ccs	0.999317	31.6558	10762	99.75
m21038_251018_074631/146408970/ccs	0.999734	35.7512	10434	99.77
m21038_250917_082112/185861693/ccs	0.992384	21.1827	20339	99.44
m21038_250917_082112/129106112/ccs	0.999364	31.9654	30786	99.98
m21038_251018_074631/239861919/ccs	0.999935	41.8709	9900	99.95
m21038_251018_074631/67310249/ccs	0.999996	53.9794	4162	99.83
m21038_251018_074631/170136918/ccs	0.999768	36.3451	16828	99.57
m21038_251018_074631/233309149/ccs	0.999955	43.4679	4558	99.80
m21038_251018_074631/195430592/ccs	0.999955	43.4679	6444	99.80
m21038_251018_074631/126880162/ccs	0.999887	39.4692	7737	99.73
m21038_251018_074631/91099815/ccs	0.99989	39.5861	4668	99.64
m21038_251018_074631/47909362/ccs	1	60	3365	99.79
m21038_250917_082112/200868087/ccs	0.999583	33.7986	18300	99.68
m21038_251018_074631/71827978/ccs	1	60	4086	99.83
m21038_251018_074631/174655929/ccs	0.999933	41.7393	5100	99.76
m21038_250917_082112/34540531/ccs	0.999991	50.4576	4720	99.85
m21038_251018_074631/263455278/ccs	0.999986	48.5387	5557	99.67
m21038_251018_074631/66982961/ccs	0.994464	22.568	16689	99.70
m21038_251018_074631/158074049/ccs	0.99978	36.5758	16251	99.73
m21038_250917_082112/106105378/ccs	0.997754	26.4859	9131	99.76
m21038_250917_082112/104794850/ccs	0.999989	49.5861	4840	99.65
m21038_250917_082112/54662501/ccs	0.996213	24.217	4091	99.85
m21038_251018_074631/126420332/ccs	0.996863	25.0349	20884	99.55
m21038_250917_082112/24578482/ccs	0.999591	33.8828	14884	99.55
m21038_250917_082112/45548790/ccs	0.999893	39.7062	15925	99.69
m21038_250917_082112/125308281/ccs	0.99937	32.0066	22913	99.62
m21038_251018_074631/158074558/ccs	0.999603	34.0121	22749	99.97
m21038_250917_082112/97781073/ccs	1	60	5112	99.78
m21038_251018_074631/170461813/ccs	0.999966	44.6852	12120	99.64
m21038_251018_074631/75629403/ccs	0.999399	32.2113	24721	99.63
m21038_251018_074631/102498813/ccs	0.999962	44.2022	7842	99.78
m21038_250917_082112/19924484/ccs	0.999871	38.8941	5825	99.55
m21038_250917_082112/151258415/ccs	0.999266	31.343	16821	99.96
m21038_251018_074631/21305185/ccs	0.999988	49.2082	8114	99.96
m21038_250917_082112/129631116/ccs	0.999996	53.9794	6614	99.76
m21038_250917_082112/85332364/ccs	0.999859	38.5078	4533	99.78
m21038_251018_074631/13828551/ccs	0.999997	55.2288	3567	99.58
m21038_250917_082112/67374137/ccs	0.999119	30.5502	21162	99.65
m21038_251018_074631/57148704/ccs	0.99867	28.7615	32716	99.77
m21038_250917_082112/237765542/ccs	0.999897	39.8716	18587	99.98
m21038_251018_074631/105055360/ccs	0.999635	34.3771	6011	99.73
m21038_251018_074631/16059473/ccs	0.999884	39.3554	16610	99.98
m21038_251018_074631/242485453/ccs	0.998157	27.3447	6862	99.74
m21038_250917_082112/96600511/ccs	0.999966	44.6852	6290	99.75
m21038_250917_082112/59377826/ccs	0.999988	49.2082	3915	99.62
m21038_250917_082112/239208144/ccs	0.999596	33.9362	23078	99.59
m21038_251018_074631/21300373/ccs	0.996496	24.5544	25634	99.96
m21038_250917_082112/90572411/ccs	0.999382	32.0901	24415	99.47
m21038_251018_074631/246024572/ccs	0.998224	27.5056	18958	99.98
m21038_250917_082112/108074042/ccs	0.995827	23.7955	10640	99.95
m21038_251018_074631/170329411/ccs	0.997414	25.8737	3239	99.69
m21038_250917_082112/238944619/ccs	0.999883	39.3181	4058	99.75
m21038_251018_074631/14291649/ccs	0.999016	30.07	18430	99.50
m21038_251018_074631/108007144/ccs	0.999964	44.437	5558	99.73
m21038_250917_082112/16323756/ccs	0.999357	31.9179	18255	99.59
m21038_251018_074631/160956778/ccs	0.999999	60	3028	99.70
m21038_251018_074631/257032497/ccs	0.999959	43.8722	13575	99.64
m21038_251018_074631/140052247/ccs	0.999586	33.83	4036	99.75
m21038_250917_082112/84086013/ccs	0.999994	52.2185	2834	99.75
m21038_250917_082112/47711807/ccs	0.999442	32.5337	4316	99.98
m21038_251018_074631/249300054/ccs	0.999948	42.84	4146	99.76
m21038_250917_082112/266798374/ccs	0.999906	40.2687	17558	99.25
m21038_251018_074631/147198414/ccs	0.999232	31.1464	24043	99.34
m21038_250917_082112/76026540/ccs	0.998049	27.0974	32096	99.34
m21038_251018_074631/116198636/ccs	0.99901	30.0436	13431	99.31
m21038_251018_074631/187044225/ccs	0.999592	33.8934	14230	99.25
m21038_251018_074631/86901386/ccs	0.999922	41.0791	9418	99.72
m21038_251018_074631/41030062/ccs	0.999236	31.1691	15545	99.45
m21038_250917_082112/29888615/ccs	0.99929	31.4874	9560	99.38
m21038_250917_082112/14747737/ccs	0.99946	32.6761	21771	99.89
m21038_251018_074631/57741542/ccs	0.999996	53.9794	4065	99.75
m21038_250917_082112/93128036/ccs	0.999974	45.8503	4843	99.73
m21038_250917_082112/223676888/ccs	0.999793	36.8403	8391	99.71
m21038_250917_082112/12518411/ccs	0.999601	33.9903	13448	99.48
m21038_251018_074631/99750099/ccs	1	60	3717	99.73
m21038_250917_082112/48956568/ccs	0.999968	44.9485	10909	99.63
m21038_251018_074631/21366116/ccs	0.999713	35.4212	27102	99.99
m21038_250917_082112/21827863/ccs	0.99864	28.6646	29583	99.94
m21038_251018_074631/137759316/ccs	0.999989	49.5861	4622	99.65
m21038_251018_074631/197460271/ccs	0.997962	26.908	12135	99.54
m21038_250917_082112/58263916/ccs	0.999987	48.8606	3808	99.74
m21038_251018_074631/175179039/ccs	0.998494	28.2218	6783	99.90
m21038_250917_082112/244319419/ccs	0.997553	26.1137	17631	99.56
m21038_250917_082112/17241981/ccs	0.999994	52.2185	3299	99.73
m21038_250917_082112/112068710/ccs	0.99996	43.9794	5729	99.70
m21038_251018_074631/116526246/ccs	0.999871	38.8941	7240	99.96
m21038_250917_082112/52103591/ccs	0.999308	31.5989	27261	99.98
m21038_250917_082112/78186438/ccs	0.998583	28.4863	5510	99.69
m21038_250917_082112/57280819/ccs	0.999477	32.815	23100	99.97
m21038_251018_074631/177542178/ccs	1	60	3771	100.00
m21038_251018_074631/194775848/ccs	0.999956	43.5655	8545	100.00
m21038_251018_074631/173344742/ccs	0.999881	39.2445	6296	99.70
m21038_250917_082112/223609258/ccs	0.999948	42.84	5666	99.68
m21038_251018_074631/152110348/ccs	0.99994	42.2185	4845	100.00
m21038_251018_074631/126222454/ccs	0.999065	30.2919	11593	99.58
m21038_250917_082112/201654482/ccs	0.999871	38.8941	10653	99.97
m21038_250917_082112/118423626/ccs	0.998979	29.9097	11020	99.57
m21038_251018_074631/162401418/ccs	0.998746	29.017	25883	99.99
m21038_251018_074631/263324164/ccs	0.99999	50	10513	99.50
m21038_251018_074631/24122293/ccs	0.999808	37.167	7133	99.51
m21038_250917_082112/107482318/ccs	0.999802	37.0333	4364	100.00
m21038_251018_074631/231147540/ccs	0.999995	53.0103	2753	100.00
m21038_251018_074631/20778133/ccs	0.999554	33.5067	6575	99.65
m21038_251018_074631/175311983/ccs	0.999877	39.1009	5631	100.00
m21038_250917_082112/82904032/ccs	0.99926	31.3077	4203	99.74
m21038_250917_082112/169215128/ccs	0.999764	36.2709	13771	99.29
m21038_250917_082112/25825584/ccs	0.999329	31.7328	20998	99.37
m21038_250917_082112/52954117/ccs	0.999154	30.7263	4678	99.65
m21038_251018_074631/121507240/ccs	0.997546	26.1013	24109	99.36
m21038_251018_074631/264897562/ccs	0.999862	38.6012	10722	99.26
m21038_251018_074631/124064038/ccs	1	60	3983	100.00
m21038_250917_082112/254476640/ccs	0.99997	45.2288	4541	99.93
m21038_251018_074631/190384221/ccs	0.999957	43.6653	7328	99.48
m21038_250917_082112/67245613/ccs	0.99794	26.8613	5990	99.40
m21038_250917_082112/185140795/ccs	1	60	4725	99.98
m21038_251018_074631/246942285/ccs	0.99998	46.9897	5001	99.62
m21038_250917_082112/114496656/ccs	0.999975	46.0206	6042	99.45
m21038_250917_082112/230754673/ccs	0.999709	35.3611	20869	99.97
m21038_251018_074631/205391332/ccs	0.999976	46.1979	2920	100.00
m21038_250917_082112/89197502/ccs	0.999188	30.9044	18590	99.96
m21038_251018_074631/114821848/ccs	0.998283	27.6523	6301	99.49
m21038_250917_082112/261687353/ccs	1	60	4605	99.41
m21038_251018_074631/197592243/ccs	0.999995	53.0103	10369	99.20
m21038_251018_074631/100470054/ccs	0.99979	36.7778	17746	99.95
m21038_250917_082112/134876225/ccs	0.99999	50	5684	99.51
m21038_250917_082112/121116202/ccs	0.999937	42.0066	4659	99.42
m21038_250917_082112/41813353/ccs	0.995644	23.6091	16229	99.97
m21038_251018_074631/163190136/ccs	0.999969	45.0864	4935	99.45
m21038_251018_074631/81922623/ccs	0.99992	40.9691	9449	99.14
m21038_251018_074631/149165211/ccs	0.999764	36.2709	5929	99.97
m21038_251018_074631/117707248/ccs	0.99932	31.6749	12230	99.26
m21038_250917_082112/24512967/ccs	0.999792	36.8194	5090	99.96
m21038_250917_082112/84805107/ccs	0.999985	48.2391	5109	99.98
m21038_251018_074631/239076165/ccs	0.999974	45.8503	9073	99.19
m21038_251018_074631/154143138/ccs	0.999905	40.2228	14255	99.96
m21038_250917_082112/198313897/ccs	0.999986	48.5387	10320	99.95
m21038_250917_082112/104009426/ccs	0.999965	44.5593	6209	99.98
m21038_251018_074631/14617436/ccs	0.999315	31.6431	15137	99.97
m21038_251018_074631/73602373/ccs	0.999997	55.2288	5716	99.19
m21038_251018_074631/63047731/ccs	0.999894	39.7469	5133	100.00
m21038_251018_074631/222429941/ccs	0.999866	38.729	10002	99.32
m21038_250917_082112/234095418/ccs	0.994405	22.522	9827	99.27
m21038_250917_082112/120719803/ccs	0.999622	34.2251	12591	99.96
m21038_251018_074631/107087074/ccs	0.99994	42.2185	11112	99.99
m21038_250917_082112/50266552/ccs	0.999993	51.549	5854	99.97
m21038_251018_074631/93591386/ccs	0.99999	50	10038	99.99
m21038_250917_082112/126553442/ccs	0.999862	38.6012	8486	99.95
m21038_251018_074631/96602782/ccs	0.999927	41.3668	13921	99.99
m21038_251018_074631/4260421/ccs	0.999967	44.8149	10429	99.99
m21038_250917_082112/31724928/ccs	0.99994	42.2185	3145	99.97
m21038_251018_074631/68224062/ccs	0.999787	36.7162	3559	99.94
m21038_250917_082112/148243541/ccs	0.999801	37.0115	4668	99.98
m21038_250917_082112/20644367/ccs	0.999995	53.0103	4546	99.98
m21038_250917_082112/113050170/ccs	0.999957	43.6653	10229	99.96
m21038_250917_082112/172819225/ccs	0.999458	32.66	13254	99.98
m21038_251018_074631/194906933/ccs	0.999952	43.1876	8071	99.99
m21038_251018_074631/53286286/ccs	0.999975	46.0206	7236	99.97
m21038_251018_074631/75436010/ccs	0.999981	47.2125	5419	99.98
m21038_251018_074631/243599351/ccs	0.999991	50.4576	6841	99.97
m21038_250917_082112/249104264/ccs	0.997266	25.632	5892	99.95
m21038_251018_074631/230229258/ccs	0.997378	25.8137	5763	99.98
m21038_250917_082112/45351967/ccs	0.999985	48.2391	5967	99.98
m21038_250917_082112/86048981/ccs	0.999743	35.9007	4180	99.98
m21038_251018_074631/114627281/ccs	1	60	4977	99.98
m21038_250917_082112/145558258/ccs	1	60	4107	100.00
m21038_250917_082112/249758895/ccs	0.99996	43.9794	5774	99.98
m21038_251018_074631/61738035/ccs	0.99981	37.2125	3904	99.97
m21038_251018_074631/66785012/ccs	0.999996	53.9794	4847	99.98
m21038_250917_082112/120718478/ccs	1	60	3454	99.97
m21038_250917_082112/31723215/ccs	1	60	4451	97.84
m21038_250917_082112/51382169/ccs	0.999978	46.5758	7444	98.60
m21038_250917_082112/24314484/ccs	0.996798	24.9458	9435	98.92
m21038_250917_082112/163841006/ccs	0.999959	43.8722	8762	98.93
m21038_250917_082112/133237634/ccs	0.999951	43.098	4160	97.99
m21038_250917_082112/190253095/ccs	0.999982	47.4473	4106	97.96
m21038_251018_074631/4721927/ccs	0.999254	31.2726	13497	98.84
m21038_251018_074631/61019719/ccs	0.999987	48.8606	5087	98.39
m21038_251018_074631/249759359/ccs	0.999626	34.2713	5113	98.41
m21038_250917_082112/187828441/ccs	0.999976	46.1979	8367	98.85
m21038_250917_082112/201984485/ccs	0.999943	42.4413	6065	98.85
m21038_250917_082112/39519066/ccs	0.999582	33.7882	10476	98.68
m21038_250917_082112/129173456/ccs	0.992244	21.1036	6901	98.39
m21038_251018_074631/161808795/ccs	0.999587	33.8405	6775	98.88
m21038_251018_074631/65864829/ccs	1	60	4412	97.85
m21038_250917_082112/110695130/ccs	0.999985	48.2391	5268	98.92
m21038_251018_074631/171969247/ccs	0.999992	50.9691	3848	98.84
m21038_251018_074631/69273422/ccs	0.999935	41.8709	3952	99.02
m21038_251018_074631/170530559/ccs	0.999095	30.4335	4945	99.24
m21038_251018_074631/92475024/ccs	0.999986	48.5387	4312	99.58
m21038_250917_082112/57348719/ccs	0.998691	28.8306	5708	99.51
m21038_251018_074631/133432189/ccs	1	60	2499	99.48
m21038_250917_082112/12191676/ccs	0.999983	47.6955	6700	99.61
m21038_251018_074631/47517770/ccs	0.999814	37.3049	6421	99.52
m21038_251018_074631/189139662/ccs	1	60	4552	99.87
m21038_251018_074631/96736744/ccs	0.999998	56.9897	4018	99.35
m21038_250917_082112/34015664/ccs	0.994003	22.2207	3348	99.25
m21038_250917_082112/220463591/ccs	0.999989	49.5861	4349	99.29
m21038_251018_074631/51188536/ccs	0.999848	38.1816	3788	99.10
m21038_250917_082112/52433569/ccs	0.999981	47.2125	7668	99.41
m21038_251018_074631/253364773/ccs	0.999761	36.216	17572	98.73
m21038_251018_074631/145752783/ccs	0.996205	24.2079	11360	99.39
m21038_250917_082112/139463197/ccs	0.999937	42.0066	5901	99.37
m21038_251018_074631/196739374/ccs	0.999986	48.5387	3879	99.41
m21038_251018_074631/147982382/ccs	0.999336	31.7783	19747	99.56
m21038_251018_074631/213059933/ccs	1	60	3455	99.36
m21038_250917_082112/72553863/ccs	0.996793	24.939	6663	98.89
m21038_251018_074631/92407881/ccs	0.999991	50.4576	6715	99.49
m21038_251018_074631/157554111/ccs	0.994392	22.5119	8490	99.28
m21038_251018_074631/120917812/ccs	1	60	4782	99.60
m21038_251018_074631/185862701/ccs	0.999977	46.3827	6970	99.57
m21038_251018_074631/22550291/ccs	0.999923	41.1351	15886	98.78
m21038_251018_074631/96406239/ccs	0.99997	45.2288	11936	99.46
m21038_250917_082112/7540188/ccs	0.999927	41.3668	3478	99.68
m21038_251018_074631/54990311/ccs	0.99994	42.2185	3331	99.73
m21038_250917_082112/185534323/ccs	0.999998	56.9897	5430	99.59
m21038_251018_074631/213584256/ccs	0.99982	37.4473	3955	99.01
m21038_251018_074631/103484313/ccs	0.996747	24.8772	9024	99.35
m21038_250917_082112/47387507/ccs	1	60	6300	98.84
m21038_251018_074631/218041198/ccs	0.999522	33.2057	3576	99.72
m21038_251018_074631/116855967/ccs	0.999999	60	3654	99.12
m21038_251018_074631/122880784/ccs	0.999948	42.84	10740	99.59
m21038_251018_074631/118429398/ccs	0.999992	50.9691	3990	99.27
m21038_251018_074631/72552573/ccs	0.999807	37.1444	20439	99.69
m21038_251018_074631/63373785/ccs	0.990385	20.1705	18158	99.64
m21038_251018_074631/13439817/ccs	1	60	3823	99.38
m21038_251018_074631/113051662/ccs	0.998347	27.8173	29107	99.73
m21038_251018_074631/58986588/ccs	1	60	3286	99.11
m21038_250917_082112/135137496/ccs	0.999533	33.3068	5695	99.55
m21038_250917_082112/158730167/ccs	0.999999	60	4658	99.56
m21038_250917_082112/95552072/ccs	0.999662	34.7108	17557	99.69
m21038_250917_082112/163906641/ccs	0.991827	20.8762	17470	99.63
m21038_251018_074631/43194034/ccs	0.99965	34.5593	8053	99.56
m21038_250917_082112/124193217/ccs	0.999629	34.3063	10287	99.48
m21038_251018_074631/251921700/ccs	0.999392	32.161	18616	99.58
m21038_250917_082112/135403467/ccs	0.999944	42.5181	14545	99.73
m21038_250917_082112/244713431/ccs	0.991456	20.6834	13089	99.53
m21038_250917_082112/130945925/ccs	0.999998	56.9897	4405	99.77
m21038_250917_082112/3605071/ccs	0.999217	31.0624	14461	99.71
m21038_251018_074631/63572004/ccs	1	60	5221	99.75
m21038_251018_074631/85460276/ccs	0.999874	38.9963	18039	99.76
m21038_250917_082112/242548923/ccs	0.99998	46.9897	6591	99.68
m21038_251018_074631/77860255/ccs	0.999507	33.0715	23310	99.58
m21038_251018_074631/51713736/ccs	0.999838	37.9048	23669	99.78
m21038_250917_082112/84410444/ccs	0.999112	30.5159	14539	99.69
m21038_250917_082112/159516276/ccs	0.999583	33.7986	21441	99.74
m21038_250917_082112/140773966/ccs	1	60	5512	99.64
m21038_250917_082112/163054433/ccs	0.998134	27.2909	33559	99.53
m21038_250917_082112/101712493/ccs	0.999922	41.0791	15654	99.74
m21038_250917_082112/95489667/ccs	0.997449	25.9329	24745	99.46
m21038_250917_082112/242484457/ccs	0.995827	23.7955	19948	99.69
m21038_250917_082112/164693627/ccs	0.999458	32.66	27116	99.71
m21038_250917_082112/82449212/ccs	0.999898	39.914	6448	99.69
m21038_251018_074631/147787585/ccs	0.995875	23.8458	28480	99.48
m21038_250917_082112/172294855/ccs	0.999989	49.5861	8445	99.50
m21038_251018_074631/148575976/ccs	0.998489	28.2074	12508	99.76
m21038_250917_082112/8589139/ccs	0.997819	26.6134	18606	99.70
m21038_250917_082112/111350460/ccs	0.999878	39.1364	12285	99.77
m21038_251018_074631/9307743/ccs	0.999842	38.0134	10221	99.54
m21038_251018_074631/107746711/ccs	0.994105	22.2952	28985	99.70
m21038_250917_082112/95555304/ccs	0.998869	29.4654	12189	99.56
m21038_250917_082112/2297057/ccs	0.998653	28.7063	17918	99.77
m21038_251018_074631/67570413/ccs	0.995944	23.919	22730	99.66
m21038_251018_074631/60691055/ccs	0.996607	24.6942	5963	99.65
m21038_250917_082112/170395198/ccs	0.996938	25.1399	14519	99.53
m21038_250917_082112/87032802/ccs	0.999977	46.3827	5732	99.70
m21038_250917_082112/246876268/ccs	0.999557	33.536	20052	99.77
m21038_251018_074631/50399940/ccs	0.99983	37.6955	20319	99.65
m21038_251018_074631/225116922/ccs	0.999502	33.0277	30335	99.75
m21038_251018_074631/180553925/ccs	0.999566	33.6251	21641	99.70
m21038_251018_074631/87103123/ccs	0.999982	47.4473	10914	99.62
m21038_251018_074631/194250954/ccs	0.999982	47.4473	12042	99.58
m21038_251018_074631/28641789/ccs	0.9998	36.9897	21505	99.70
m21038_250917_082112/79628577/ccs	0.99999	50	6815	99.75
m21038_250917_082112/45160326/ccs	0.999621	34.2136	22445	99.49
m21038_250917_082112/7274769/ccs	0.999892	39.6658	18132	99.55
m21038_251018_074631/136971283/ccs	0.999969	45.0864	9403	99.59
m21038_251018_074631/19138987/ccs	1	60	3472	99.71
m21038_251018_074631/130876816/ccs	0.998502	28.2449	27583	99.52
m21038_251018_074631/36180567/ccs	0.999207	31.0073	22788	99.79
m21038_250917_082112/263654005/ccs	0.999372	32.0204	8824	99.58
m21038_250917_082112/86051209/ccs	0.998834	29.333	21565	99.47
m21038_250917_082112/106829423/ccs	0.999993	51.549	8743	99.81
m21038_250917_082112/110499226/ccs	0.999733	35.7349	3946	98.72
m21038_250917_082112/62983568/ccs	0.999386	32.1183	9440	99.78
m21038_251018_074631/73863168/ccs	0.998311	27.7237	7860	99.78
m21038_251018_074631/8720401/ccs	0.999943	42.4413	9598	99.61
m21038_250917_082112/260899215/ccs	0.999804	37.0774	15271	99.57
m21038_250917_082112/135072489/ccs	0.99961	34.0894	16425	99.80
m21038_251018_074631/137041024/ccs	1	60	6316	99.78
m21038_251018_074631/75040815/ccs	0.999764	36.2709	18569	99.81
m21038_251018_074631/154603102/ccs	0.999533	33.3068	13399	99.60
m21038_251018_074631/121378107/ccs	0.998825	29.2996	34608	99.74
m21038_251018_074631/73142273/ccs	0.999156	30.7366	19282	99.79
m21038_250917_082112/60232231/ccs	0.996767	24.9039	21281	99.76
m21038_251018_074631/167841280/ccs	0.997697	26.3771	30501	99.71
m21038_251018_074631/173673661/ccs	0.996188	24.1885	35770	99.52
m21038_250917_082112/120916705/ccs	0.994579	22.6592	5713	99.65
m21038_251018_074631/100992735/ccs	0.999923	41.1351	5060	99.68
m21038_250917_082112/166134368/ccs	0.999175	30.8355	15847	99.81
m21038_251018_074631/10948348/ccs	0.999663	34.7237	20982	99.52
m21038_250917_082112/43259349/ccs	0.999478	32.8233	22003	99.88
m21038_251018_074631/52890663/ccs	0.999552	33.4872	20859	99.49
m21038_251018_074631/37754540/ccs	0.998336	27.7885	13260	99.86
m21038_250917_082112/115214989/ccs	0.999985	48.2391	8374	99.80
m21038_250917_082112/195561046/ccs	0.999118	30.5453	33153	99.50
m21038_250917_082112/119935734/ccs	0.999972	45.5284	14097	99.89
m21038_250917_082112/152436815/ccs	0.999947	42.7572	6426	99.84
m21038_251018_074631/103027725/ccs	0.999365	31.9723	28420	99.57
m21038_250917_082112/85788869/ccs	0.998667	28.7517	28454	99.72
m21038_250917_082112/166922574/ccs	0.999646	34.51	18078	99.76
m21038_250917_082112/230490323/ccs	0.998205	27.4594	34585	99.59
m21038_250917_082112/84611687/ccs	0.999353	31.891	13271	99.92
m21038_250917_082112/129633902/ccs	0.999891	39.6257	8161	99.90
m21038_250917_082112/154796379/ccs	0.99975	36.0206	23737	99.92
m21038_250917_082112/50989163/ccs	0.999976	46.1979	8915	99.25
m21038_250917_082112/211289376/ccs	0.997973	26.9315	15993	99.47
m21038_251018_074631/191171900/ccs	0.99997	45.2288	7462	99.93
m21038_251018_074631/100996590/ccs	0.99986	38.5387	8954	99.94
m21038_251018_074631/161614364/ccs	0.996914	25.106	30443	99.47
m21038_251018_074631/57673692/ccs	0.996835	24.9963	2863	99.86
m21038_251018_074631/63176791/ccs	0.999183	30.8778	13670	99.94
m21038_251018_074631/161547187/ccs	0.999979	46.7778	3033	100.00
m21038_251018_074631/224264307/ccs	0.998746	29.017	10548	99.93
m21038_251018_074631/122098112/ccs	1	60	3906	99.97
m21038_251018_074631/177343455/ccs	0.999832	37.7469	5743	99.95
m21038_251018_074631/146347824/ccs	0.999594	33.9147	18621	99.75
m21038_251018_074631/3085042/ccs	0.991031	20.4726	7149	99.20
m21038_251018_074631/226429120/ccs	0.997335	25.743	22402	99.56
m21038_250917_082112/205193438/ccs	0.998399	27.9561	24762	99.69
m21038_250917_082112/144377262/ccs	0.999791	36.7985	7071	99.26
m21038_250917_082112/179110782/ccs	0.99985	38.2391	6744	99.29
m21038_251018_074631/104665907/ccs	0.998828	29.3107	22794	99.56
m21038_250917_082112/31460240/ccs	0.999474	32.7901	13566	99.50
m21038_250917_082112/46008158/ccs	0.998459	28.122	28837	99.79
m21038_250917_082112/12388411/ccs	0.998924	29.6819	5255	99.90
m21038_250917_082112/54662164/ccs	0.99993	41.549	3647	99.04
m21038_250917_082112/227281368/ccs	0.999713	35.4212	4892	99.92
m21038_250917_082112/89592943/ccs	0.999986	48.5387	3610	99.92
m21038_250917_082112/231408111/ccs	0.998931	29.7102	20610	99.91
m21038_250917_082112/142540930/ccs	0.99995	43.0103	5706	99.93
m21038_251018_074631/55185245/ccs	0.999953	43.279	6024	99.93
m21038_251018_074631/128779639/ccs	0.997264	25.6288	11076	99.91
m21038_250917_082112/122554609/ccs	0.996373	24.4045	5019	99.28
m21038_251018_074631/252904113/ccs	0.999582	33.7882	23598	99.70
m21038_251018_074631/96274697/ccs	0.998941	29.751	22260	99.61
m21038_250917_082112/142280414/ccs	0.99996	43.9794	6261	99.76
m21038_250917_082112/63836779/ccs	0.999854	38.3565	9766	99.47
m21038_250917_082112/76681498/ccs	0.99986	38.5387	4693	99.29
m21038_250917_082112/42273915/ccs	0.999998	56.9897	4610	99.28
m21038_251018_074631/143917596/ccs	1	60	3907	98.76
m21038_251018_074631/101257420/ccs	0.995792	23.7592	8669	99.42
m21038_250917_082112/41028977/ccs	0.996454	24.5026	7844	99.89
m21038_251018_074631/228852247/ccs	0.999949	42.9243	8918	99.74
m21038_251018_074631/76287783/ccs	0.99633	24.3533	21417	99.88
m21038_251018_074631/117051520/ccs	0.994812	22.85	27447	99.43
m21038_251018_074631/252313790/ccs	0.999771	36.4016	14738	99.92
m21038_250917_082112/11998198/ccs	1	60	2903	98.93
m21038_250917_082112/78381807/ccs	0.999515	33.1426	4671	99.74
m21038_251018_074631/95358861/ccs	0.996521	24.5855	20201	99.65
