read_id	rq	qv	read_length	iden
m21038_250901_041858/115343778/ccs	0.994421	22.5344	29290	99.21
m21038_251006_065125/90702788/ccs	0.992631	21.3259	15766	99.24
m21038_251006_065125/68227920/ccs	0.999965	44.5593	7277	99.86
m21038_251006_065125/67832144/ccs	0.9999	40	3931	99.90
m21038_251006_065125/208732483/ccs	0.996606	24.6929	14237	99.77
m21038_251006_065125/88212072/ccs	0.992613	21.3153	21595	99.78
m21038_251006_065125/18809505/ccs	0.999997	55.2288	5945	99.00
m21038_250901_041858/127468994/ccs	0.999986	48.5387	5501	99.91
m21038_250901_041858/156632501/ccs	0.999313	31.6304	26834	99.22
m21038_250901_041858/140707836/ccs	0.999238	31.1805	21311	99.14
m21038_251006_065125/107086487/ccs	0.998102	27.217	22140	99.15
m21038_250901_041858/102631348/ccs	0.999407	32.2695	11069	98.26
m21038_250901_041858/162923361/ccs	0.999426	32.4109	7113	99.94
m21038_251006_065125/131270755/ccs	0.999891	39.6257	14584	99.49
m21038_250901_041858/13374217/ccs	0.999998	56.9897	5834	99.93
m21038_250901_041858/157551430/ccs	0.999964	44.437	4648	99.91
m21038_250901_041858/120457035/ccs	0.999963	44.318	11444	99.76
m21038_250901_041858/97847006/ccs	0.99988	39.2082	4152	99.93
m21038_250901_041858/246220072/ccs	0.999978	46.5758	5110	99.92
m21038_251006_065125/153290907/ccs	0.999973	45.6864	10942	99.61
m21038_250901_041858/266142396/ccs	0.992337	21.156	14536	99.70
m21038_250901_041858/79757907/ccs	0.999447	32.5727	15309	99.74
m21038_250901_041858/91883398/ccs	0.998465	28.1389	7740	99.92
m21038_251006_065125/42729883/ccs	0.999279	31.4206	7692	99.92
m21038_250901_041858/20908966/ccs	0.999859	38.5078	7402	98.64
m21038_251006_065125/43390622/ccs	0.999984	47.9588	7248	99.92
m21038_250901_041858/227934890/ccs	0.999811	37.2354	13976	99.53
m21038_251006_065125/97062967/ccs	0.997962	26.908	11525	99.69
m21038_250901_041858/221644236/ccs	0.999842	38.0134	7165	98.97
m21038_250901_041858/52105995/ccs	0.999997	55.2288	8376	99.57
m21038_251006_065125/54989812/ccs	0.996529	24.5955	8100	99.58
m21038_251006_065125/9897177/ccs	0.996109	24.0994	26199	99.31
m21038_251006_065125/140445846/ccs	0.995742	23.7079	13484	99.71
m21038_250901_041858/193988350/ccs	0.99995	43.0103	8625	99.58
m21038_251006_065125/55972306/ccs	0.999466	32.7246	6401	98.85
m21038_250901_041858/101714870/ccs	1	60	5198	99.02
m21038_251006_065125/267191958/ccs	0.999963	44.318	11300	99.55
m21038_250901_041858/15729984/ccs	0.999767	36.3264	11103	99.56
m21038_251006_065125/214827754/ccs	0.999894	39.7469	12815	99.71
m21038_251006_065125/117899473/ccs	1	60	5399	98.81
m21038_250901_041858/9639044/ccs	0.999945	42.5964	3913	99.95
m21038_250901_041858/65079926/ccs	0.999975	46.0206	7134	99.80
m21038_250901_041858/40960871/ccs	0.996599	24.6839	28044	99.80
m21038_250901_041858/218104730/ccs	0.999984	47.9588	11038	99.67
m21038_251006_065125/170789603/ccs	0.999843	38.041	17946	99.75
m21038_250901_041858/19859557/ccs	0.999937	42.0066	12189	99.70
m21038_251006_065125/118621518/ccs	0.999496	32.9757	10248	99.65
m21038_250901_041858/51184652/ccs	0.999761	36.216	13754	99.72
m21038_250901_041858/3344406/ccs	0.998822	29.2885	6104	98.64
m21038_250901_041858/46662510/ccs	0.999418	32.3508	7209	98.64
m21038_250901_041858/243862088/ccs	0.999956	43.5655	7224	98.89
m21038_250901_041858/184550653/ccs	0.999994	52.2185	5019	99.30
m21038_250901_041858/36440401/ccs	0.999982	47.4473	4416	99.25
m21038_250901_041858/185338790/ccs	0.995496	23.464	22852	99.88
m21038_251006_065125/181470214/ccs	0.999681	34.9621	24208	99.92
m21038_250901_041858/162530559/ccs	0.999142	30.6651	22099	99.90
m21038_251006_065125/43254966/ccs	0.999641	34.4491	21512	99.92
m21038_250901_041858/225378926/ccs	0.999515	33.1426	28527	99.91
m21038_251006_065125/9766988/ccs	0.999705	35.3018	8779	99.91
m21038_251006_065125/47519185/ccs	0.992942	21.5132	22164	99.76
m21038_251006_065125/175180528/ccs	0.999681	34.9621	21606	99.75
m21038_251006_065125/249431832/ccs	0.995621	23.5863	16296	99.69
m21038_251006_065125/34472681/ccs	0.994319	22.4558	20278	99.83
m21038_250901_041858/17565013/ccs	0.999644	34.4855	21795	99.79
m21038_251006_065125/64689313/ccs	0.999872	38.9279	19615	99.92
m21038_251006_065125/247202174/ccs	0.999089	30.4048	19529	99.76
m21038_251006_065125/30347754/ccs	0.998117	27.2515	19674	99.92
m21038_250901_041858/94112259/ccs	0.999833	37.7728	16879	99.92
m21038_250901_041858/75301279/ccs	0.999963	44.318	12693	99.75
m21038_250901_041858/57677187/ccs	0.999981	47.2125	12227	99.91
m21038_251006_065125/249168879/ccs	0.994535	22.6241	17713	99.84
m21038_250901_041858/233768459/ccs	0.998386	27.921	32971	99.93
m21038_251006_065125/174196757/ccs	0.999865	38.6967	17206	99.92
m21038_250901_041858/74186995/ccs	0.999756	36.1261	11652	99.91
m21038_251006_065125/58000868/ccs	0.999637	34.4009	18703	99.82
m21038_250901_041858/236849417/ccs	0.999872	38.9279	11989	99.80
m21038_250901_041858/28053720/ccs	0.999265	31.3371	26363	99.92
m21038_251006_065125/249760197/ccs	0.993829	22.0964	9166	99.75
m21038_251006_065125/132579407/ccs	0.990169	20.074	29129	99.72
m21038_251006_065125/67502398/ccs	0.999983	47.6955	9359	99.91
m21038_250901_041858/159124249/ccs	0.999343	31.8243	8888	99.93
m21038_250901_041858/48961070/ccs	0.999971	45.376	7585	99.91
m21038_251006_065125/179243790/ccs	0.999985	48.2391	9539	99.94
m21038_251006_065125/190121548/ccs	0.999993	51.549	6930	99.96
m21038_251006_065125/110429092/ccs	0.997005	25.236	16744	99.89
m21038_250901_041858/100927630/ccs	0.99989	39.5861	14602	99.92
m21038_251006_065125/149225734/ccs	0.999774	36.4589	23074	99.88
m21038_251006_065125/65540362/ccs	0.999747	35.9688	17851	99.94
m21038_251006_065125/33555312/ccs	0.999983	47.6955	12093	99.96
m21038_251006_065125/223609609/ccs	0.999982	47.4473	12622	99.96
m21038_250901_041858/193137531/ccs	0.998679	28.791	5082	99.98
m21038_250901_041858/126878323/ccs	0.999082	30.3716	17410	99.93
m21038_250901_041858/23925380/ccs	0.999104	30.4769	14582	99.91
m21038_251006_065125/160367131/ccs	0.999143	30.6702	28034	99.87
m21038_251006_065125/8066619/ccs	0.999447	32.5727	27920	99.87
m21038_251006_065125/108202860/ccs	0.999911	40.5061	16061	99.95
m21038_250901_041858/58856224/ccs	0.999679	34.9349	26579	99.95
m21038_251006_065125/155584417/ccs	0.999946	42.6761	7660	99.97
m21038_251006_065125/100341293/ccs	0.99999	50	7545	99.99
m21038_251006_065125/213844257/ccs	0.998847	29.3817	16172	99.91
m21038_250901_041858/188614819/ccs	0.999405	32.2548	13990	99.93
m21038_250901_041858/3801773/ccs	0.997225	25.5674	7582	99.96
m21038_250901_041858/114885556/ccs	0.999427	32.4185	16838	99.94
m21038_251006_065125/133956790/ccs	0.999613	34.1229	25222	99.87
m21038_251006_065125/132710868/ccs	0.999966	44.6852	5574	99.98
m21038_251006_065125/139331120/ccs	0.99928	31.4267	32438	99.95
m21038_250901_041858/174850111/ccs	0.999951	43.098	6725	99.97
m21038_251006_065125/209126122/ccs	0.999987	48.8606	4437	99.95
m21038_250901_041858/82968838/ccs	0.99931	31.6115	32382	99.94
m21038_251006_065125/130221040/ccs	0.999984	47.9588	11253	99.96
m21038_250901_041858/56759721/ccs	0.999997	55.2288	5282	99.98
m21038_251006_065125/45224852/ccs	0.995337	23.3133	14645	99.94
m21038_250901_041858/190711375/ccs	0.999042	30.1863	20930	99.85
m21038_250901_041858/179898856/ccs	0.999952	43.1876	9626	99.91
m21038_251006_065125/216794531/ccs	0.998264	27.6045	26929	99.94
m21038_250901_041858/115672947/ccs	0.999975	46.0206	5897	99.97
m21038_250901_041858/22937888/ccs	0.99989	39.5861	11377	99.96
m21038_251006_065125/67965450/ccs	0.997639	26.269	8780	99.95
m21038_250901_041858/22610711/ccs	0.99999	50	6687	99.96
m21038_251006_065125/67568095/ccs	0.999668	34.7886	21142	99.95
m21038_251006_065125/181734084/ccs	0.99964	34.437	5304	99.96
m21038_251006_065125/44040789/ccs	0.999672	34.8413	19229	99.96
m21038_250901_041858/223939363/ccs	0.99955	33.4679	20102	99.95
m21038_251006_065125/107941289/ccs	0.999923	41.1351	12706	99.89
m21038_251006_065125/196545480/ccs	0.999952	43.1876	14272	99.88
m21038_250901_041858/23921196/ccs	0.999971	45.376	12394	99.94
m21038_251006_065125/241109173/ccs	0.99828	27.6447	13738	99.93
m21038_251006_065125/62720923/ccs	0.999996	53.9794	5459	99.94
m21038_250901_041858/12718268/ccs	0.998717	28.9177	20456	99.87
m21038_251006_065125/120129366/ccs	0.999996	53.9794	7607	99.95
m21038_251006_065125/244581610/ccs	0.999839	37.9317	18351	99.95
m21038_251006_065125/159908916/ccs	0.996913	25.1046	19936	99.83
m21038_250901_041858/228000271/ccs	0.999964	44.437	11452	99.86
m21038_251006_065125/55645562/ccs	0.999919	40.9151	7500	99.95
m21038_251006_065125/187695817/ccs	1	60	7027	99.89
m21038_250901_041858/27856632/ccs	0.999973	45.6864	11523	99.93
m21038_250901_041858/233178585/ccs	0.996645	24.7431	22865	99.91
m21038_250901_041858/245433742/ccs	0.999991	50.4576	4426	99.93
m21038_251006_065125/118358765/ccs	0.995207	23.1939	23500	99.82
m21038_250901_041858/199360740/ccs	0.999963	44.318	7495	99.95
m21038_250901_041858/140970487/ccs	0.999857	38.4466	22270	99.94
m21038_250901_041858/138347744/ccs	0.999988	49.2082	8447	99.94
m21038_250901_041858/9112041/ccs	0.999696	35.1713	15988	99.85
m21038_251006_065125/29754167/ccs	0.998536	28.3446	8200	99.94
m21038_250901_041858/157549753/ccs	0.997623	26.2397	9571	99.86
m21038_250901_041858/169935920/ccs	1	60	3120	99.94
m21038_251006_065125/240322880/ccs	0.999605	34.034	15052	99.95
m21038_250901_041858/68423218/ccs	0.999691	35.1004	22343	99.94
m21038_251006_065125/82448395/ccs	0.997565	26.135	30611	99.92
m21038_250901_041858/125044768/ccs	0.99152	20.716	11676	99.90
m21038_250901_041858/128450942/ccs	0.998126	27.2723	5253	99.90
m21038_250901_041858/96406031/ccs	0.999974	45.8503	5325	99.85
m21038_251006_065125/42275565/ccs	0.999969	45.0864	11367	99.93
m21038_250901_041858/46993061/ccs	0.998913	29.6377	10486	99.85
m21038_251006_065125/121374335/ccs	0.999948	42.84	7229	99.88
m21038_250901_041858/149422590/ccs	0.99654	24.6092	40332	99.94
m21038_251006_065125/57083455/ccs	0.997063	25.321	8866	99.90
m21038_250901_041858/44959564/ccs	0.999977	46.3827	5336	99.93
m21038_250901_041858/11734043/ccs	0.99999	50	9871	99.93
m21038_251006_065125/114557290/ccs	0.990241	20.1059	22346	99.86
m21038_250901_041858/181799126/ccs	0.999976	46.1979	10477	99.93
m21038_250901_041858/72025802/ccs	0.999953	43.279	13096	99.82
m21038_251006_065125/69997467/ccs	0.998018	27.029	3455	99.77
m21038_250901_041858/196739864/ccs	0.999981	47.2125	10654	99.93
m21038_250901_041858/119080626/ccs	0.999957	43.6653	5596	99.86
m21038_250901_041858/144835306/ccs	1	60	7807	99.94
m21038_251006_065125/9049414/ccs	1	60	8724	99.84
m21038_251006_065125/195559516/ccs	0.999994	52.2185	11952	99.95
m21038_250901_041858/37032684/ccs	0.999954	43.3724	14429	99.83
m21038_250901_041858/92342803/ccs	0.998727	28.9517	34991	99.95
m21038_251006_065125/78907290/ccs	0.99931	31.6115	29199	99.94
m21038_250901_041858/264439611/ccs	0.999742	35.8838	17322	99.82
m21038_251006_065125/99226832/ccs	0.994812	22.85	20541	99.74
m21038_250901_041858/5178781/ccs	0.999708	35.3462	9995	99.94
m21038_250901_041858/29167455/ccs	0.998386	27.921	23805	99.94
m21038_251006_065125/236716804/ccs	0.996191	24.1919	11168	99.94
m21038_251006_065125/53810776/ccs	0.998148	27.3236	24369	99.93
m21038_251006_065125/9044613/ccs	1	60	5232	99.92
m21038_250901_041858/209061940/ccs	0.999997	55.2288	8438	99.82
m21038_251006_065125/249103239/ccs	0.999375	32.0412	20641	99.83
m21038_250901_041858/23265528/ccs	0.999987	48.8606	7571	99.87
m21038_250901_041858/120193835/ccs	0.999984	47.9588	8604	99.95
m21038_251006_065125/45353327/ccs	0.996966	25.1798	36521	99.91
m21038_251006_065125/209979672/ccs	0.999997	55.2288	6212	99.94
m21038_251006_065125/108595634/ccs	1	60	3496	99.91
m21038_251006_065125/18942331/ccs	0.998404	27.9697	3534	99.91
m21038_250901_041858/149225893/ccs	0.999572	33.6856	19178	99.94
m21038_250901_041858/53939015/ccs	0.994455	22.561	30371	99.89
m21038_251006_065125/97583923/ccs	0.99991	40.4576	15880	99.83
m21038_251006_065125/214370722/ccs	0.998578	28.471	25768	99.91
m21038_251006_065125/16126141/ccs	0.996017	23.9979	27584	99.93
m21038_250901_041858/68356818/ccs	0.999495	32.9671	23901	99.95
m21038_251006_065125/208994762/ccs	0.999999	60	9503	99.98
m21038_251006_065125/69404102/ccs	1	60	4087	99.98
m21038_250901_041858/181470139/ccs	0.998454	28.1079	12167	99.79
m21038_251006_065125/26219572/ccs	1	60	5856	99.98
m21038_251006_065125/45943531/ccs	0.995837	23.8059	13392	99.93
m21038_250901_041858/223742542/ccs	0.999943	42.4413	6637	99.97
m21038_251006_065125/135988495/ccs	0.999865	38.6967	7664	99.97
m21038_250901_041858/45354069/ccs	0.999782	36.6154	21224	99.81
m21038_251006_065125/175573012/ccs	0.993795	22.0726	29307	99.86
m21038_251006_065125/112527061/ccs	0.999993	51.549	7917	99.97
m21038_250901_041858/45421996/ccs	0.999992	50.9691	9140	99.93
m21038_251006_065125/70651715/ccs	0.999923	41.1351	13088	99.93
m21038_250901_041858/56760120/ccs	0.999743	35.9007	7459	99.84
m21038_250901_041858/213583026/ccs	0.999986	48.5387	6499	99.97
m21038_250901_041858/53676801/ccs	0.997209	25.5424	6434	99.94
m21038_251006_065125/99619974/ccs	0.999991	50.4576	10384	99.94
m21038_251006_065125/32314338/ccs	0.999473	32.7819	19189	99.94
m21038_250901_041858/255395862/ccs	0.999511	33.1069	8641	99.80
m21038_251006_065125/43582855/ccs	0.999967	44.8149	10558	99.95
m21038_250901_041858/38668954/ccs	0.999859	38.5078	10762	99.95
m21038_251006_065125/100077925/ccs	0.999829	37.67	14026	99.95
m21038_251006_065125/14029019/ccs	0.998705	28.8773	26226	99.96
m21038_250901_041858/209979427/ccs	0.9999	40	12111	99.95
m21038_250901_041858/244844978/ccs	0.999839	37.9317	6428	99.95
m21038_250901_041858/207422896/ccs	0.999965	44.5593	7798	99.78
m21038_250901_041858/42533967/ccs	0.998797	29.1973	10259	99.91
m21038_250901_041858/12717275/ccs	0.999743	35.9007	11192	99.94
m21038_250901_041858/107875061/ccs	0.999662	34.7108	18839	99.94
m21038_251006_065125/47581328/ccs	0.999528	33.2606	27768	99.85
m21038_250901_041858/43781636/ccs	0.999983	47.6955	6831	99.93
m21038_251006_065125/92537674/ccs	0.999977	46.3827	11775	99.94
m21038_251006_065125/184617347/ccs	0.999486	32.8904	26973	99.85
m21038_250901_041858/244122076/ccs	0.999845	38.0967	14361	99.94
m21038_250901_041858/230622575/ccs	0.999706	35.3165	8934	99.93
m21038_250901_041858/51842286/ccs	0.999898	39.914	9277	99.87
m21038_250901_041858/95554259/ccs	0.995566	23.532	17977	99.93
m21038_250901_041858/217645845/ccs	0.995339	23.3152	26919	99.81
m21038_250901_041858/9571682/ccs	0.999567	33.6351	6624	99.85
m21038_251006_065125/101651774/ccs	0.999765	36.2893	15931	99.94
m21038_251006_065125/4000865/ccs	0.998479	28.1787	12632	99.93
m21038_250901_041858/215876758/ccs	0.996415	24.4551	24241	99.92
m21038_251006_065125/261031030/ccs	0.999835	37.8252	15432	99.93
m21038_250901_041858/42210412/ccs	0.999988	49.2082	5210	99.83
m21038_250901_041858/11796967/ccs	0.999969	45.0864	7645	99.83
m21038_250901_041858/190711306/ccs	0.999475	32.7984	17163	99.94
m21038_250901_041858/206242718/ccs	0.999668	34.7886	16743	99.94
m21038_250901_041858/197918944/ccs	0.999939	42.1467	9376	99.80
m21038_250901_041858/48237762/ccs	0.999882	39.2812	8796	99.93
m21038_250901_041858/124913843/ccs	0.99996	43.9794	5879	99.85
m21038_251006_065125/119604636/ccs	0.999306	31.5864	20320	99.95
m21038_251006_065125/167183746/ccs	0.99987	38.8606	17983	99.85
m21038_250901_041858/2558951/ccs	0.999982	47.4473	7783	99.85
m21038_250901_041858/128584169/ccs	0.999842	38.0134	17154	99.95
m21038_251006_065125/172491238/ccs	0.999254	31.2726	28761	99.94
m21038_250901_041858/75564200/ccs	0.999332	31.7522	24247	99.88
m21038_250901_041858/7671035/ccs	0.998886	29.5311	10129	99.96
m21038_250901_041858/182585308/ccs	0.999995	53.0103	7087	99.83
m21038_251006_065125/93652336/ccs	0.999272	31.3787	24555	99.87
m21038_250901_041858/85590538/ccs	0.999864	38.6646	18400	99.96
m21038_250901_041858/15338700/ccs	0.999475	32.7984	10959	99.95
m21038_251006_065125/135987672/ccs	0.999923	41.1351	18151	99.86
m21038_251006_065125/211222855/ccs	0.999739	35.8336	13530	99.96
m21038_251006_065125/2954742/ccs	0.999492	32.9414	14856	99.96
m21038_251006_065125/87623497/ccs	0.999365	31.9723	20381	99.94
m21038_251006_065125/169871445/ccs	0.999779	36.5561	20045	99.86
m21038_251006_065125/120523402/ccs	0.999986	48.5387	10211	99.94
m21038_251006_065125/206900119/ccs	0.999252	31.261	21933	99.93
m21038_250901_041858/7803879/ccs	0.998627	28.6233	9863	99.76
m21038_250901_041858/66454453/ccs	0.999675	34.8812	23402	99.87
m21038_251006_065125/13370792/ccs	0.999557	33.536	14133	99.83
m21038_251006_065125/11600505/ccs	0.998105	27.2239	24311	99.85
m21038_251006_065125/161940530/ccs	0.999554	33.5067	12751	99.82
m21038_251006_065125/89655475/ccs	0.999639	34.4249	4364	99.91
m21038_250901_041858/24840685/ccs	0.999938	42.0761	5956	99.95
m21038_250901_041858/127337630/ccs	0.999799	36.968	3116	99.84
m21038_250901_041858/242026892/ccs	0.999351	31.8776	7970	99.77
m21038_251006_065125/70456003/ccs	0.996391	24.4261	12085	99.92
m21038_250901_041858/42209217/ccs	0.999363	31.9586	4731	99.96
m21038_250901_041858/183238798/ccs	0.99948	32.84	9621	99.97
m21038_251006_065125/71437594/ccs	0.999976	46.1979	8250	99.77
m21038_250901_041858/218499747/ccs	0.999662	34.7108	4408	99.95
m21038_251006_065125/159974556/ccs	0.999988	49.2082	6333	99.95
m21038_250901_041858/213516448/ccs	0.999985	48.2391	8940	99.94
m21038_250901_041858/240059607/ccs	0.999639	34.4249	12388	99.81
m21038_251006_065125/153748042/ccs	0.999232	31.1464	18704	99.92
m21038_251006_065125/214174051/ccs	0.999705	35.3018	10322	99.95
m21038_251006_065125/68879145/ccs	0.99937	32.0066	20089	99.93
m21038_251006_065125/19859415/ccs	0.999376	32.0482	24455	99.94
m21038_250901_041858/6095621/ccs	0.999519	33.1785	19610	99.87
m21038_250901_041858/245958585/ccs	0.999875	39.0309	16040	99.97
m21038_251006_065125/84610173/ccs	0.999335	31.7718	16873	99.85
m21038_251006_065125/156370071/ccs	0.999989	49.5861	12210	99.96
m21038_250901_041858/141230511/ccs	0.999161	30.7624	18791	99.93
m21038_250901_041858/243664796/ccs	0.999913	40.6048	6648	99.97
m21038_250901_041858/188679505/ccs	0.999969	45.0864	4591	99.96
m21038_250901_041858/110363229/ccs	0.993771	22.0558	8272	99.93
m21038_250901_041858/190382816/ccs	0.99994	42.2185	4898	99.73
m21038_250901_041858/56889392/ccs	0.999386	32.1183	9270	99.95
m21038_250901_041858/10554340/ccs	0.9999	40	13517	99.96
m21038_250901_041858/65079790/ccs	0.997413	25.872	29498	99.94
m21038_250901_041858/254477113/ccs	0.997946	26.874	12959	99.95
m21038_251006_065125/107546618/ccs	0.999925	41.2494	6072	99.97
m21038_250901_041858/33751360/ccs	0.999982	47.4473	5611	99.80
m21038_250901_041858/38078024/ccs	0.999543	33.4008	16447	99.93
m21038_250901_041858/46662396/ccs	0.999956	43.5655	12073	99.97
m21038_251006_065125/11406218/ccs	0.99918	30.8619	8263	99.95
m21038_250901_041858/4656510/ccs	0.999484	32.8735	15819	99.92
m21038_251006_065125/98177034/ccs	0.993084	21.6015	20845	99.82
m21038_250901_041858/30085817/ccs	1	60	4390	99.82
m21038_250901_041858/27657354/ccs	0.999366	31.9791	5500	99.95
m21038_250901_041858/54857640/ccs	0.999805	37.0997	6222	99.94
m21038_250901_041858/34537751/ccs	0.999211	31.0292	3613	99.94
m21038_250901_041858/245957084/ccs	0.997656	26.3004	22863	99.90
m21038_250901_041858/65406509/ccs	0.997482	25.9894	5294	99.85
m21038_251006_065125/30280307/ccs	0.994228	22.3867	16730	99.87
m21038_250901_041858/239471177/ccs	0.999953	43.279	7525	99.89
m21038_251006_065125/29758856/ccs	0.997531	26.0748	11724	99.88
m21038_251006_065125/108791111/ccs	0.999988	49.2082	7328	99.97
m21038_251006_065125/111412228/ccs	0.999987	48.8606	9079	99.97
m21038_250901_041858/14223761/ccs	0.999979	46.7778	10740	99.97
m21038_250901_041858/100401928/ccs	0.999951	43.098	5339	99.87
m21038_250901_041858/80742819/ccs	0.998795	29.1901	21362	99.93
m21038_250901_041858/27596264/ccs	0.999841	37.986	5023	99.96
m21038_251006_065125/246286431/ccs	0.993417	21.8158	19184	99.86
m21038_251006_065125/86115684/ccs	0.999764	36.2709	4512	99.93
m21038_251006_065125/173080858/ccs	0.999933	41.7393	15299	99.93
m21038_250901_041858/58066074/ccs	0.999977	46.3827	12467	99.91
m21038_250901_041858/86704203/ccs	0.999771	36.4016	16259	99.91
m21038_250901_041858/16978506/ccs	0.999996	53.9794	8831	99.97
m21038_250901_041858/109380268/ccs	0.999985	48.2391	6829	99.96
m21038_251006_065125/134088390/ccs	0.999684	35.0031	23652	99.94
m21038_250901_041858/42665611/ccs	0.999982	47.4473	5231	99.92
m21038_251006_065125/25037717/ccs	0.999599	33.9686	7677	99.97
m21038_251006_065125/183305085/ccs	0.999305	31.5802	17237	99.94
m21038_250901_041858/138084541/ccs	0.999992	50.9691	8599	99.91
m21038_250901_041858/43385477/ccs	0.999639	34.4249	10141	99.92
m21038_251006_065125/17105128/ccs	0.999865	38.6967	15610	99.92
m21038_251006_065125/30348003/ccs	0.999709	35.3611	22432	99.93
m21038_251006_065125/11208721/ccs	0.997843	26.6615	6548	99.97
m21038_250901_041858/24777156/ccs	0.999995	53.0103	9028	99.91
m21038_250901_041858/70322130/ccs	0.99354	21.8977	13925	99.85
m21038_251006_065125/15272843/ccs	0.993548	21.9031	18256	99.78
m21038_250901_041858/161351510/ccs	0.999997	55.2288	7692	99.91
m21038_250901_041858/43715905/ccs	0.993931	22.1688	3932	99.92
m21038_251006_065125/21697075/ccs	0.999751	36.038	19822	99.93
m21038_251006_065125/58135482/ccs	0.999624	34.2481	25066	99.94
m21038_251006_065125/114822122/ccs	0.999936	41.9382	4048	99.95
m21038_251006_065125/130679102/ccs	0.999773	36.4397	11312	99.91
m21038_250901_041858/198968164/ccs	0.999868	38.7943	8465	99.92
m21038_251006_065125/206963441/ccs	0.999981	47.2125	9328	99.90
m21038_251006_065125/30218145/ccs	0.999496	32.9757	20266	99.93
m21038_250901_041858/30344405/ccs	0.999937	42.0066	8349	99.89
m21038_250901_041858/87491500/ccs	0.994081	22.2775	13113	99.87
m21038_250901_041858/127010487/ccs	1	60	4743	99.96
m21038_251006_065125/150143888/ccs	0.999642	34.4612	7390	99.89
m21038_250901_041858/46334366/ccs	0.99999	50	5791	99.90
m21038_251006_065125/112987879/ccs	0.999969	45.0864	6347	99.92
m21038_250901_041858/114821849/ccs	0.999993	51.549	6776	99.88
m21038_251006_065125/232456453/ccs	0.999729	35.6703	24995	99.94
m21038_250901_041858/261883733/ccs	0.999959	43.8722	7008	99.87
m21038_250901_041858/229180010/ccs	0.997272	25.6416	21894	99.91
m21038_251006_065125/51315427/ccs	0.998946	29.7716	15266	99.91
m21038_251006_065125/77728585/ccs	0.999934	41.8046	14280	99.93
m21038_250901_041858/261556531/ccs	0.997477	25.9808	34084	99.53
m21038_250901_041858/225511686/ccs	0.999952	43.1876	9497	99.91
m21038_251006_065125/21169461/ccs	0.997221	25.5611	8786	99.92
m21038_251006_065125/75304912/ccs	0.997367	25.7955	11057	99.95
m21038_251006_065125/80021480/ccs	0.999939	42.1467	8837	99.93
m21038_250901_041858/60166214/ccs	0.999907	40.3152	13952	99.88
m21038_250901_041858/217384191/ccs	0.994003	22.2207	23900	99.86
m21038_250901_041858/47910347/ccs	0.999553	33.4969	22347	99.95
m21038_250901_041858/129108777/ccs	0.999976	46.1979	8787	99.93
m21038_251006_065125/227281295/ccs	0.999979	46.7778	6970	99.97
m21038_251006_065125/201197941/ccs	1	60	4627	99.96
m21038_251006_065125/16125436/ccs	0.998122	27.263	19363	99.95
m21038_251006_065125/253887141/ccs	0.998459	28.122	24776	99.94
m21038_251006_065125/44895609/ccs	0.999701	35.2433	5581	99.93
m21038_251006_065125/109382452/ccs	0.999818	37.3993	18464	99.96
m21038_251006_065125/218631004/ccs	1	60	3358	99.94
m21038_250901_041858/168429711/ccs	0.997396	25.8436	7492	99.95
m21038_251006_065125/193005638/ccs	0.999914	40.655	6342	99.94
m21038_250901_041858/229182359/ccs	0.999985	48.2391	4294	99.93
m21038_250901_041858/60493597/ccs	0.999965	44.5593	14174	99.87
m21038_251006_065125/46924795/ccs	0.999909	40.4096	4287	98.65
m21038_250901_041858/199100767/ccs	1	60	3900	98.51
m21038_251006_065125/36309760/ccs	0.99999	50	10515	99.96
m21038_251006_065125/117901093/ccs	0.999816	37.3518	7461	99.96
m21038_251006_065125/34079009/ccs	0.999093	30.4239	9486	99.85
m21038_251006_065125/193071525/ccs	0.999697	35.1856	23937	99.89
m21038_250901_041858/66063024/ccs	0.998696	28.8472	13243	99.86
m21038_250901_041858/55119640/ccs	0.999043	30.1909	23660	99.89
m21038_250901_041858/54202753/ccs	0.997226	25.5689	18630	99.89
m21038_251006_065125/40965820/ccs	0.999614	34.1341	5423	99.94
m21038_251006_065125/117704531/ccs	0.997574	26.1511	25689	99.87
m21038_250901_041858/16586273/ccs	0.999896	39.8297	9181	99.95
m21038_250901_041858/159580410/ccs	0.999996	53.9794	6331	99.97
m21038_250901_041858/234357669/ccs	0.999085	30.3858	5656	99.95
m21038_251006_065125/235277295/ccs	0.999164	30.7779	16155	99.55
m21038_250901_041858/33031989/ccs	0.998176	27.3898	21787	99.62
m21038_250901_041858/149619024/ccs	0.999943	42.4413	11252	99.86
m21038_250901_041858/42795658/ccs	0.999959	43.8722	4873	99.96
m21038_250901_041858/154732990/ccs	0.999925	41.2494	6670	99.85
m21038_250901_041858/160302968/ccs	0.996579	24.6585	23826	99.92
m21038_250901_041858/167904655/ccs	0.999875	39.0309	7015	99.97
m21038_250901_041858/13698721/ccs	0.996835	24.9963	15378	99.95
m21038_250901_041858/5112090/ccs	0.999806	37.122	15529	99.95
m21038_250901_041858/223414745/ccs	0.999981	47.2125	7429	99.99
m21038_251006_065125/50665051/ccs	0.999954	43.3724	14401	99.57
m21038_250901_041858/18023140/ccs	0.996187	24.1873	4209	99.98
m21038_250901_041858/62264081/ccs	0.999925	41.2494	7581	99.96
m21038_250901_041858/42533739/ccs	0.996645	24.7431	33323	99.93
m21038_250901_041858/225051364/ccs	0.999994	52.2185	5886	99.83
m21038_251006_065125/55317441/ccs	0.999939	42.1467	5792	99.97
m21038_250901_041858/223414482/ccs	0.999995	53.0103	5837	99.97
m21038_250901_041858/141952997/ccs	0.996552	24.6243	17833	99.65
m21038_250901_041858/210700392/ccs	0.999974	45.8503	7261	99.96
m21038_250901_041858/40899271/ccs	0.999961	44.0894	9143	99.93
m21038_251006_065125/99287518/ccs	0.999779	36.5561	7737	99.96
m21038_250901_041858/221252078/ccs	0.999873	38.962	5583	99.78
m21038_251006_065125/52627822/ccs	0.999762	36.2342	6531	99.95
m21038_250901_041858/120391565/ccs	0.999964	44.437	9480	99.94
m21038_251006_065125/40569412/ccs	0.999291	31.4935	16816	99.87
m21038_250901_041858/51316503/ccs	0.999579	33.7572	13603	99.95
m21038_250901_041858/39260762/ccs	0.999672	34.8413	18411	99.61
m21038_250901_041858/70588174/ccs	0.996908	25.0976	16709	99.93
m21038_251006_065125/249891419/ccs	0.99993	41.549	13827	99.96
m21038_251006_065125/117443465/ccs	0.999932	41.6749	8346	99.82
m21038_250901_041858/146998690/ccs	0.999982	47.4473	9020	99.93
m21038_250901_041858/125766310/ccs	0.999134	30.6248	6803	99.94
m21038_250901_041858/34343129/ccs	0.999416	32.3359	23903	99.94
m21038_250901_041858/43128449/ccs	0.999703	35.2724	15078	99.64
m21038_250901_041858/114884882/ccs	0.999654	34.6092	11983	99.96
m21038_250901_041858/143066427/ccs	0.999807	37.1444	12197	99.52
m21038_251006_065125/230097527/ccs	0.999954	43.3724	10079	99.53
m21038_251006_065125/65472220/ccs	0.999165	30.7831	15894	99.96
m21038_251006_065125/27005107/ccs	0.997274	25.6447	25654	99.93
m21038_251006_065125/94507591/ccs	0.996918	25.1117	5283	99.89
m21038_250901_041858/262408423/ccs	0.997714	26.4092	22731	99.85
m21038_251006_065125/91886458/ccs	0.998172	27.3802	7822	99.92
m21038_251006_065125/54397249/ccs	0.999966	44.6852	8027	99.94
m21038_250901_041858/240847697/ccs	0.999851	38.2681	20105	99.87
m21038_250901_041858/266143758/ccs	0.996696	24.8096	4822	99.94
m21038_251006_065125/79432138/ccs	0.999234	31.1577	18196	99.96
m21038_251006_065125/164496206/ccs	0.999967	44.8149	16445	99.65
m21038_250901_041858/18880009/ccs	0.999974	45.8503	12992	99.65
m21038_251006_065125/59050520/ccs	0.99811	27.2354	14792	99.62
m21038_250901_041858/200933487/ccs	0.996499	24.5581	23413	99.55
m21038_250901_041858/191496707/ccs	1	60	5125	99.80
m21038_251006_065125/82187483/ccs	0.999671	34.828	20498	99.95
m21038_251006_065125/201001205/ccs	0.999991	50.4576	3583	99.83
m21038_250901_041858/48763846/ccs	0.999975	46.0206	8847	99.50
m21038_251006_065125/125962755/ccs	0.995834	23.8028	32496	99.67
m21038_251006_065125/260637166/ccs	0.999893	39.7062	20151	99.70
m21038_250901_041858/105645243/ccs	0.999095	30.4335	10957	99.91
m21038_250901_041858/264832369/ccs	0.9988	29.2082	23976	99.58
m21038_251006_065125/252446135/ccs	0.998265	27.607	22178	99.56
m21038_250901_041858/11011866/ccs	0.993698	22.0052	20217	99.90
m21038_250901_041858/84738391/ccs	0.999822	37.4958	15961	99.96
m21038_250901_041858/41813591/ccs	1	60	5068	99.88
m21038_251006_065125/155780863/ccs	0.995565	23.5311	12581	99.67
m21038_251006_065125/25232376/ccs	0.999606	34.045	20259	99.94
m21038_250901_041858/109775047/ccs	0.999987	48.8606	3669	99.84
m21038_251006_065125/106171948/ccs	0.994557	22.6416	17875	99.93
m21038_251006_065125/54920147/ccs	0.998048	27.0952	22217	99.91
m21038_250901_041858/178129251/ccs	0.999978	46.5758	5222	99.90
m21038_251006_065125/207946329/ccs	0.998913	29.6377	4772	99.87
m21038_250901_041858/125961952/ccs	0.99994	42.2185	5773	99.58
m21038_250901_041858/95553486/ccs	0.997399	25.8486	24587	99.89
m21038_250901_041858/170461664/ccs	0.999934	41.8046	13446	99.91
m21038_250901_041858/97714949/ccs	0.999965	44.5593	14796	99.91
m21038_251006_065125/158730080/ccs	0.997032	25.2754	10147	99.92
m21038_250901_041858/139592134/ccs	0.999286	31.463	18767	99.62
m21038_251006_065125/4064493/ccs	0.999831	37.7211	8910	99.96
m21038_250901_041858/11141981/ccs	0.99998	46.9897	7700	99.92
m21038_251006_065125/210632863/ccs	0.999656	34.6344	12499	99.70
m21038_250901_041858/13438646/ccs	0.999934	41.8046	17578	99.95
m21038_250901_041858/153094558/ccs	0.99738	25.817	11243	99.66
m21038_251006_065125/128976480/ccs	0.99983	37.6955	18198	99.91
m21038_251006_065125/75760652/ccs	0.998775	29.1186	7893	99.68
m21038_250901_041858/56689635/ccs	0.998724	28.9415	23468	99.94
m21038_250901_041858/109642020/ccs	0.999776	36.4975	20162	99.94
m21038_251006_065125/214435707/ccs	0.999881	39.2445	9419	99.71
m21038_250901_041858/36833172/ccs	0.999603	34.0121	4918	99.96
m21038_250901_041858/8195622/ccs	0.999986	48.5387	9107	99.90
m21038_251006_065125/72684567/ccs	0.996786	24.9295	9369	99.94
m21038_250901_041858/201394322/ccs	0.999999	60	4505	99.96
m21038_251006_065125/47189217/ccs	0.999984	47.9588	5581	99.70
m21038_251006_065125/261949937/ccs	0.999981	47.2125	8269	99.83
m21038_250901_041858/210764611/ccs	0.999582	33.7882	19936	99.58
m21038_251006_065125/251856848/ccs	0.999998	56.9897	6838	99.81
m21038_251006_065125/120587820/ccs	0.999962	44.2022	14117	99.87
m21038_250901_041858/23265468/ccs	0.999897	39.8716	12364	99.82
m21038_250901_041858/106692968/ccs	0.998442	28.0743	7977	100.00
m21038_251006_065125/172689003/ccs	0.999937	42.0066	8743	99.79
m21038_250901_041858/174326930/ccs	0.999719	35.5129	6779	99.81
m21038_250901_041858/193529185/ccs	0.998394	27.9425	18249	99.86
m21038_251006_065125/171640413/ccs	0.997877	26.7305	33928	99.76
m21038_250901_041858/231998962/ccs	0.998553	28.3953	13275	99.97
m21038_251006_065125/99749700/ccs	0.999968	44.9485	15191	99.91
m21038_251006_065125/55182774/ccs	0.999085	30.3858	7652	99.99
m21038_250901_041858/51057037/ccs	0.999981	47.2125	9859	99.98
m21038_251006_065125/56364233/ccs	0.995078	23.0786	22818	99.77
m21038_250901_041858/13501237/ccs	0.999758	36.1618	18436	99.94
m21038_250901_041858/68818784/ccs	0.999997	55.2288	7533	99.85
m21038_251006_065125/232587782/ccs	0.999304	31.5739	21900	99.59
m21038_250901_041858/49483589/ccs	0.994462	22.5665	22245	99.45
m21038_251006_065125/96143417/ccs	0.999851	38.2681	11141	99.93
m21038_250901_041858/52106211/ccs	0.999955	43.4679	6154	99.93
m21038_250901_041858/46208262/ccs	1	60	5299	100.00
m21038_250901_041858/144442160/ccs	0.999846	38.1248	18110	99.62
m21038_250901_041858/104596589/ccs	0.999779	36.5561	12109	99.88
m21038_251006_065125/264111670/ccs	0.997992	26.9724	25507	99.60
m21038_250901_041858/19403033/ccs	0.998506	28.2565	20209	99.81
m21038_251006_065125/99226441/ccs	0.999998	56.9897	9488	99.92
m21038_251006_065125/222036651/ccs	0.999885	39.393	15003	99.89
m21038_250901_041858/33296332/ccs	0.999984	47.9588	8883	99.88
m21038_250901_041858/224461926/ccs	0.998508	28.2623	6004	99.97
m21038_251006_065125/3542642/ccs	0.996771	24.9093	10427	99.84
m21038_250901_041858/24187672/ccs	0.994886	22.9124	8641	99.85
m21038_251006_065125/212601275/ccs	0.999853	38.3268	13285	99.95
m21038_250901_041858/72089778/ccs	0.998432	28.0465	35254	99.78
m21038_250901_041858/118163436/ccs	0.994911	22.9337	31233	99.74
m21038_251006_065125/175900107/ccs	0.996305	24.3239	20946	99.79
m21038_250901_041858/113182315/ccs	0.991294	20.6018	5577	99.78
m21038_251006_065125/136119311/ccs	0.999423	32.3882	13850	99.88
m21038_251006_065125/69014014/ccs	0.994877	22.9048	20796	99.51
m21038_250901_041858/165740903/ccs	0.999999	60	4877	99.88
m21038_250901_041858/131006551/ccs	0.999835	37.8252	19805	99.94
m21038_250901_041858/62853630/ccs	0.999985	48.2391	8374	99.88
m21038_250901_041858/213451128/ccs	0.998857	29.4195	9730	99.89
m21038_250901_041858/197003909/ccs	0.999766	36.3078	19321	99.79
m21038_251006_065125/91294867/ccs	0.999667	34.7756	19788	99.83
m21038_250901_041858/50729100/ccs	1	60	4917	99.98
m21038_250901_041858/61407381/ccs	0.99984	37.9588	19425	99.79
m21038_250901_041858/67637046/ccs	0.999997	55.2288	5522	99.96
m21038_251006_065125/251070343/ccs	0.999818	37.3993	5751	99.84
m21038_250901_041858/20383173/ccs	0.999953	43.279	4179	99.88
m21038_250901_041858/211683518/ccs	0.999915	40.7058	11410	99.88
m21038_250901_041858/157352550/ccs	0.999984	47.9588	14081	99.87
m21038_250901_041858/124780925/ccs	0.9965	24.5593	26682	99.75
m21038_250901_041858/148505713/ccs	0.999422	32.3807	11599	99.94
m21038_250901_041858/70586990/ccs	0.999989	49.5861	3774	99.97
m21038_250901_041858/3277650/ccs	0.997081	25.3477	7309	99.84
m21038_251006_065125/192480042/ccs	0.999289	31.4813	15341	99.93
m21038_251006_065125/170853737/ccs	1	60	5066	99.96
m21038_251006_065125/84413190/ccs	1	60	6555	99.97
m21038_250901_041858/133433265/ccs	0.999763	36.2525	18552	99.92
m21038_251006_065125/70390179/ccs	0.999689	35.0724	6229	99.90
m21038_251006_065125/21042639/ccs	1	60	4806	99.88
m21038_250901_041858/100600584/ccs	0.999997	55.2288	3491	99.97
m21038_250901_041858/39654648/ccs	1	60	4308	99.95
m21038_251006_065125/244713096/ccs	0.998009	27.0093	28890	99.87
m21038_251006_065125/73140146/ccs	0.99965	34.5593	21901	99.77
m21038_251006_065125/155190466/ccs	0.998323	27.7547	18063	99.76
m21038_251006_065125/237240589/ccs	0.999419	32.3582	24812	99.60
m21038_251006_065125/74059141/ccs	0.998632	28.6391	18383	99.92
m21038_250901_041858/45287292/ccs	0.998107	27.2285	19356	99.74
m21038_251006_065125/81986540/ccs	0.99999	50	6741	99.96
m21038_251006_065125/189139671/ccs	0.999999	60	3700	99.81
m21038_251006_065125/101976072/ccs	0.999996	53.9794	5646	99.95
m21038_251006_065125/16715100/ccs	0.999554	33.5067	19522	99.92
m21038_251006_065125/255133521/ccs	0.999572	33.6856	15420	99.83
m21038_250901_041858/197199459/ccs	0.998516	28.2857	14719	99.91
m21038_251006_065125/11933508/ccs	0.999765	36.2893	10708	99.91
m21038_251006_065125/62000343/ccs	0.999992	50.9691	3519	99.83
m21038_250901_041858/203753826/ccs	1	60	5551	99.91
m21038_251006_065125/246089530/ccs	0.998103	27.2193	12798	99.86
m21038_250901_041858/120128013/ccs	0.999622	34.2251	18864	99.73
m21038_250901_041858/179111466/ccs	0.999735	35.7675	23378	99.91
m21038_251006_065125/147458461/ccs	0.999991	50.4576	8261	99.89
m21038_251006_065125/44371017/ccs	0.999924	41.1919	12006	99.87
m21038_250901_041858/212339064/ccs	0.998675	28.7778	12617	99.90
m21038_251006_065125/153225904/ccs	0.99952	33.1876	4852	99.86
m21038_251006_065125/16847373/ccs	0.999718	35.4975	18248	99.92
m21038_250901_041858/8720196/ccs	0.999981	47.2125	5006	99.94
m21038_251006_065125/160039612/ccs	0.999912	40.5552	4464	99.96
m21038_250901_041858/151585847/ccs	0.999993	51.549	7082	99.93
m21038_251006_065125/193397207/ccs	0.999962	44.2022	9483	99.92
m21038_251006_065125/15533932/ccs	0.999803	37.0553	15125	99.91
m21038_251006_065125/110691035/ccs	0.999993	51.549	7093	99.92
m21038_251006_065125/38342262/ccs	0.99997	45.2288	5299	99.94
m21038_250901_041858/23728285/ccs	0.99924	31.1919	23769	99.42
m21038_250901_041858/111609098/ccs	0.994323	22.4588	8567	99.92
m21038_251006_065125/8656453/ccs	1	60	3957	99.87
m21038_250901_041858/25106063/ccs	0.998295	27.6828	10207	99.78
m21038_251006_065125/156370182/ccs	0.998806	29.23	5782	99.90
m21038_251006_065125/37228488/ccs	0.999201	30.9745	15374	99.75
m21038_250901_041858/34607949/ccs	0.999997	55.2288	6534	99.91
m21038_250901_041858/156237895/ccs	0.999998	56.9897	4319	99.86
m21038_251006_065125/156369608/ccs	0.999947	42.7572	9807	99.91
m21038_251006_065125/227870381/ccs	0.999886	39.431	16914	99.92
m21038_250901_041858/2228728/ccs	0.996082	24.0694	4319	99.67
m21038_251006_065125/30804619/ccs	0.999942	42.3657	8467	99.82
m21038_251006_065125/109777206/ccs	0.99992	40.9691	9629	99.91
m21038_250901_041858/171968716/ccs	0.999985	48.2391	9401	99.90
m21038_250901_041858/180619186/ccs	0.997813	26.6015	7954	99.80
m21038_250901_041858/160891453/ccs	0.999954	43.3724	7924	99.90
m21038_250901_041858/141689904/ccs	0.99659	24.6725	7956	99.82
m21038_251006_065125/73403321/ccs	0.999578	33.7469	5044	99.76
m21038_250901_041858/11932481/ccs	0.999092	30.4191	10728	99.79
m21038_251006_065125/126420504/ccs	0.9999	40	6043	99.85
m21038_250901_041858/70256609/ccs	0.999845	38.0967	9964	99.75
m21038_251006_065125/100079030/ccs	0.99894	29.7469	18728	99.89
m21038_250901_041858/88213939/ccs	0.999937	42.0066	4435	99.73
m21038_250901_041858/40305608/ccs	0.999997	55.2288	5183	99.79
m21038_251006_065125/94571842/ccs	0.99973	35.6864	5925	99.85
m21038_250901_041858/62984616/ccs	0.999982	47.4473	7860	99.89
m21038_250901_041858/77660258/ccs	0.999555	33.5164	22600	99.75
m21038_251006_065125/228133104/ccs	0.99933	31.7393	13133	99.68
m21038_251006_065125/246481513/ccs	1	60	3491	99.83
m21038_250901_041858/259785804/ccs	0.999975	46.0206	7830	99.73
m21038_251006_065125/50597762/ccs	0.999959	43.8722	4392	99.89
m21038_251006_065125/50726375/ccs	0.999907	40.3152	13862	99.91
m21038_250901_041858/254280793/ccs	0.997916	26.811	23412	99.81
m21038_251006_065125/43325078/ccs	0.995439	23.4094	21728	99.73
m21038_250901_041858/37160345/ccs	0.999902	40.0877	13476	99.78
m21038_251006_065125/72090733/ccs	0.999738	35.817	5789	99.86
m21038_251006_065125/131399990/ccs	0.999987	48.8606	6156	99.89
m21038_251006_065125/101974791/ccs	0.999979	46.7778	7184	99.92
m21038_250901_041858/107874726/ccs	0.999968	44.9485	7477	99.79
m21038_251006_065125/15402219/ccs	0.999985	48.2391	6085	99.90
m21038_251006_065125/107938789/ccs	0.999364	31.9654	8642	99.72
m21038_250901_041858/32904686/ccs	1	60	2894	99.83
m21038_250901_041858/171442275/ccs	0.999333	31.7587	8213	99.65
m21038_250901_041858/66978030/ccs	0.99999	50	8324	99.89
m21038_250901_041858/127076234/ccs	0.999956	43.5655	4165	99.78
m21038_250901_041858/196674104/ccs	0.999823	37.5203	12451	99.91
m21038_251006_065125/33167282/ccs	0.999862	38.6012	8476	99.91
m21038_251006_065125/157352727/ccs	0.999793	36.8403	12866	99.91
m21038_250901_041858/212535536/ccs	0.999856	38.4164	16315	99.91
m21038_251006_065125/218301530/ccs	0.999946	42.6761	6153	99.67
m21038_251006_065125/256246266/ccs	0.999665	34.7496	5772	99.77
m21038_251006_065125/203490127/ccs	0.999975	46.0206	12953	99.77
m21038_250901_041858/71830526/ccs	0.999986	48.5387	4403	99.89
m21038_250901_041858/115542212/ccs	0.999969	45.0864	4522	99.91
m21038_250901_041858/119801472/ccs	0.999889	39.5468	3402	99.94
m21038_250901_041858/27985776/ccs	0.999941	42.2915	4212	99.69
m21038_251006_065125/160500718/ccs	0.997735	26.4493	6752	99.90
m21038_251006_065125/168100895/ccs	0.99982	37.4473	6822	99.77
m21038_250901_041858/40832238/ccs	0.999691	35.1004	12193	99.92
m21038_250901_041858/96798656/ccs	0.999149	30.7007	16771	99.71
m21038_250901_041858/20582756/ccs	0.997317	25.7138	9323	99.68
m21038_251006_065125/169607465/ccs	0.999965	44.5593	6973	99.74
m21038_251006_065125/62591538/ccs	0.996088	24.076	6462	99.71
m21038_250901_041858/126027446/ccs	0.999802	37.0333	15220	99.75
m21038_251006_065125/193004179/ccs	0.999697	35.1856	13851	99.91
m21038_251006_065125/75891476/ccs	0.999666	34.7625	6581	99.74
m21038_250901_041858/254476973/ccs	0.999953	43.279	5709	99.75
m21038_251006_065125/72357167/ccs	0.999759	36.1798	5273	99.89
m21038_251006_065125/11473942/ccs	0.992307	21.139	9965	99.59
m21038_251006_065125/19142268/ccs	0.99999	50	4177	99.90
m21038_251006_065125/111216307/ccs	0.999927	41.3668	8032	99.74
m21038_250901_041858/244973833/ccs	0.997466	25.9619	9249	99.91
m21038_250901_041858/45880422/ccs	0.999889	39.5468	9178	99.93
m21038_250901_041858/107678530/ccs	0.999622	34.2251	7740	99.74
m21038_251006_065125/77530913/ccs	0.999944	42.5181	9498	99.73
m21038_250901_041858/63309304/ccs	0.999882	39.2812	16131	99.71
m21038_251006_065125/5570885/ccs	0.99993	41.549	12267	99.77
m21038_251006_065125/252905683/ccs	0.99958	33.7675	23525	99.70
m21038_251006_065125/78514416/ccs	0.999963	44.318	7795	99.94
m21038_250901_041858/54203963/ccs	0.999931	41.6115	6893	99.71
m21038_251006_065125/112919283/ccs	0.999943	42.4413	11504	99.90
m21038_250901_041858/241567465/ccs	0.992729	21.3841	9880	99.51
m21038_250901_041858/179046968/ccs	0.999942	42.3657	7061	99.70
m21038_250901_041858/11602022/ccs	0.999715	35.4516	14416	99.70
m21038_250901_041858/112788336/ccs	0.999911	40.5061	12005	99.92
m21038_251006_065125/225903264/ccs	0.999928	41.4267	6636	99.76
m21038_250901_041858/131074124/ccs	0.999986	48.5387	5336	99.78
m21038_251006_065125/22483060/ccs	0.9999	40	4756	99.71
m21038_251006_065125/56953794/ccs	0.998025	27.0443	12038	99.74
m21038_251006_065125/39783177/ccs	0.999461	32.6841	12888	99.86
m21038_250901_041858/64357702/ccs	0.999917	40.8092	5385	99.93
m21038_251006_065125/220858051/ccs	0.999978	46.5758	5935	99.93
m21038_250901_041858/152963742/ccs	0.999989	49.5861	5509	99.95
m21038_251006_065125/2690389/ccs	0.999773	36.4397	12041	99.75
m21038_251006_065125/183765007/ccs	0.999988	49.2082	5355	99.93
m21038_250901_041858/81199437/ccs	0.999227	31.1182	4223	99.93
m21038_251006_065125/63638851/ccs	0.999967	44.8149	11419	99.85
m21038_251006_065125/241565859/ccs	0.999001	30.0043	10953	99.84
m21038_251006_065125/47974062/ccs	0.999891	39.6257	6099	99.77
m21038_251006_065125/84478968/ccs	0.999954	43.3724	5437	99.78
m21038_251006_065125/92148183/ccs	0.999175	30.8355	13778	99.75
m21038_251006_065125/125897528/ccs	0.999977	46.3827	9337	99.91
m21038_250901_041858/232390986/ccs	0.999997	55.2288	5399	99.76
m21038_251006_065125/103616175/ccs	0.999739	35.8336	11597	99.83
m21038_251006_065125/76091444/ccs	0.999923	41.1351	8556	99.90
m21038_250901_041858/53744354/ccs	0.998037	27.0708	8076	99.80
m21038_251006_065125/61674988/ccs	0.999979	46.7778	8560	99.25
m21038_250901_041858/55312690/ccs	0.999991	50.4576	5247	99.90
m21038_251006_065125/181601885/ccs	0.999999	60	5836	99.75
m21038_251006_065125/12190954/ccs	0.999854	38.3565	9112	99.76
m21038_250901_041858/224657744/ccs	0.999989	49.5861	3967	99.67
m21038_250901_041858/49742088/ccs	1	60	4617	99.88
m21038_250901_041858/59773032/ccs	0.999995	53.0103	8240	99.76
m21038_250901_041858/82314374/ccs	0.99975	36.0206	11689	99.65
m21038_250901_041858/41222795/ccs	0.999998	56.9897	7302	99.79
m21038_251006_065125/37951269/ccs	0.999999	60	3745	99.86
m21038_250901_041858/58130783/ccs	0.999996	53.9794	5307	99.90
m21038_250901_041858/186648991/ccs	1	60	7657	99.78
m21038_250901_041858/2362023/ccs	0.99947	32.7572	10507	99.61
m21038_251006_065125/13305850/ccs	0.99967	34.8149	17692	99.50
m21038_250901_041858/51251968/ccs	0.999912	40.5552	6752	98.56
m21038_251006_065125/74258232/ccs	0.999999	60	5455	98.46
m21038_250901_041858/52823481/ccs	0.999892	39.6658	6660	99.49
m21038_250901_041858/71306172/ccs	1	60	3014	99.24
m21038_251006_065125/114297254/ccs	0.999995	53.0103	3716	99.54
m21038_250901_041858/17564728/ccs	0.999967	44.8149	4857	99.71
m21038_251006_065125/248121050/ccs	0.999987	48.8606	4526	99.71
m21038_250901_041858/180748986/ccs	0.999997	55.2288	4711	99.66
m21038_250901_041858/156303751/ccs	1	60	5165	99.01
m21038_250901_041858/52893540/ccs	0.999999	60	3913	98.90
m21038_251006_065125/67372251/ccs	0.99793	26.8403	6373	99.53
m21038_250901_041858/81725394/ccs	0.999981	47.2125	9029	99.49
m21038_251006_065125/51187575/ccs	1	60	5094	99.98
m21038_251006_065125/258081098/ccs	0.993229	21.6935	12641	99.64
m21038_251006_065125/91756250/ccs	0.999941	42.2915	10762	99.71
m21038_250901_041858/192218797/ccs	0.999981	47.2125	5785	99.90
m21038_251006_065125/12850964/ccs	0.999947	42.7572	5369	99.89
m21038_251006_065125/33361452/ccs	0.996873	25.0487	23208	99.82
m21038_251006_065125/144640735/ccs	0.999968	44.9485	10276	99.73
m21038_251006_065125/249823795/ccs	0.999569	33.6552	10583	99.91
m21038_250901_041858/27330788/ccs	0.99892	29.6658	10252	99.91
m21038_250901_041858/47846112/ccs	0.997384	25.8236	19290	99.84
m21038_251006_065125/241631367/ccs	0.999692	35.1145	18874	99.85
m21038_250901_041858/188875211/ccs	0.999774	36.4589	18014	99.84
m21038_250901_041858/25626940/ccs	0.9998	36.9897	18163	99.83
m21038_250901_041858/125437194/ccs	0.999749	36.0033	17297	99.83
m21038_251006_065125/28901451/ccs	0.999929	41.4874	16058	99.85
m21038_250901_041858/29823553/ccs	0.999984	47.9588	5646	99.93
m21038_251006_065125/12059927/ccs	0.999635	34.3771	14420	99.84
m21038_250901_041858/17895738/ccs	0.996405	24.443	14552	99.78
m21038_251006_065125/250348502/ccs	0.995081	23.0812	34869	99.39
m21038_250901_041858/42211122/ccs	0.999973	45.6864	11212	99.80
m21038_250901_041858/258605707/ccs	0.999793	36.8403	10738	99.80
m21038_250901_041858/18157892/ccs	0.999925	41.2494	6173	99.77
m21038_251006_065125/50333745/ccs	0.999832	37.7469	17529	99.28
m21038_251006_065125/210634932/ccs	0.999736	35.784	17093	99.27
m21038_250901_041858/68490585/ccs	0.999993	51.549	3892	99.82
m21038_251006_065125/101844057/ccs	0.998661	28.7322	5919	99.78
m21038_250901_041858/51905310/ccs	0.998626	28.6201	5549	99.78
m21038_250901_041858/54461627/ccs	1	60	6229	99.79
m21038_250901_041858/95092821/ccs	0.999959	43.8722	10289	99.41
m21038_251006_065125/264571212/ccs	0.999745	35.9346	11663	99.44
m21038_250901_041858/262078613/ccs	0.99997	45.2288	7647	99.19
m21038_250901_041858/94505410/ccs	0.999694	35.1428	8370	99.44
m21038_251006_065125/71242571/ccs	0.999979	46.7778	4088	99.46
m21038_251006_065125/26089012/ccs	0.995227	23.2121	9053	98.06
m21038_250901_041858/136184820/ccs	0.998536	28.3446	6086	99.68
m21038_251006_065125/235342306/ccs	0.999948	42.84	12237	98.86
m21038_251006_065125/257164362/ccs	0.996238	24.2458	16125	98.75
m21038_250901_041858/161612363/ccs	0.999786	36.6959	11294	97.97
m21038_251006_065125/259656074/ccs	0.995904	23.8764	11450	97.81
m21038_251006_065125/10032936/ccs	0.999338	31.7914	6545	99.63
m21038_250901_041858/181209507/ccs	0.9996	33.9794	16259	98.19
m21038_250901_041858/102760562/ccs	0.999701	35.2433	20032	98.21
m21038_251006_065125/124324655/ccs	0.999598	33.9577	11330	98.01
m21038_251006_065125/210963066/ccs	0.999998	56.9897	5774	99.12
m21038_251006_065125/233376631/ccs	0.999835	37.8252	9238	99.09
m21038_250901_041858/214500331/ccs	0.999961	44.0894	9024	99.59
m21038_251006_065125/252839283/ccs	0.999905	40.2228	8525	99.08
m21038_251006_065125/147325513/ccs	0.999696	35.1713	8925	99.59
m21038_251006_065125/4787261/ccs	0.998972	29.8801	17399	98.53
m21038_251006_065125/70915130/ccs	0.999998	56.9897	4083	99.19
m21038_250901_041858/60102376/ccs	0.999938	42.0761	6627	99.67
m21038_250901_041858/201329341/ccs	0.99604	24.023	8647	98.53
m21038_250901_041858/22154040/ccs	0.999933	41.7393	8091	99.05
m21038_250901_041858/174916854/ccs	0.999583	33.7986	25129	98.57
m21038_251006_065125/196805066/ccs	0.999988	49.2082	11853	98.87
m21038_251006_065125/76748226/ccs	0.999595	33.9254	8195	99.05
m21038_250901_041858/114556964/ccs	0.999087	30.3953	10398	98.84
m21038_250901_041858/243992341/ccs	0.997172	25.4852	8154	99.03
m21038_250901_041858/101975455/ccs	0.998178	27.3945	18113	98.56
m21038_250901_041858/47779142/ccs	0.999785	36.6756	11910	98.56
m21038_251006_065125/12916398/ccs	0.999977	46.3827	6966	98.94
m21038_250901_041858/94045741/ccs	0.999944	42.5181	5254	99.28
m21038_250901_041858/109971798/ccs	0.999941	42.2915	6044	99.16
m21038_250901_041858/214959167/ccs	0.99998	46.9897	7349	98.90
m21038_251006_065125/50528811/ccs	0.99956	33.5655	7088	98.93
m21038_250901_041858/68031381/ccs	0.999638	34.4129	6957	98.88
m21038_251006_065125/111542930/ccs	0.999588	33.851	11089	98.54
m21038_251006_065125/205718439/ccs	0.997604	26.2051	15332	98.54
m21038_251006_065125/235670052/ccs	0.999871	38.8941	8717	98.74
m21038_250901_041858/34476161/ccs	0.999634	34.3652	5734	99.02
m21038_250901_041858/53155392/ccs	0.994524	22.6154	9074	98.53
m21038_250901_041858/261228544/ccs	0.999946	42.6761	6840	98.79
m21038_250901_041858/50662510/ccs	0.996951	25.1584	16913	98.51
m21038_250901_041858/44630053/ccs	0.991089	20.5007	5337	98.91
m21038_250901_041858/24384885/ccs	0.999976	46.1979	8386	98.44
m21038_250901_041858/65012559/ccs	0.999862	38.6012	8849	98.41
m21038_250901_041858/115803492/ccs	1	60	5856	98.75
m21038_250901_041858/143327641/ccs	0.999659	34.6725	20168	98.44
m21038_250901_041858/64098833/ccs	1	60	4314	98.98
m21038_251006_065125/266799141/ccs	0.9999	40	13569	98.89
m21038_250901_041858/180814231/ccs	0.999618	34.1794	9269	98.90
m21038_250901_041858/195889547/ccs	0.999735	35.7675	18261	98.46
m21038_250901_041858/254935791/ccs	0.999958	43.7675	12125	98.48
m21038_250901_041858/11799336/ccs	0.999966	44.6852	8599	98.38
m21038_250901_041858/90770005/ccs	0.999989	49.5861	7133	98.48
m21038_251006_065125/208078231/ccs	0.999847	38.1531	7702	98.80
m21038_250901_041858/8454907/ccs	0.999967	44.8149	8411	98.35
m21038_251006_065125/64229840/ccs	0.999987	48.8606	8269	98.33
m21038_250901_041858/175703350/ccs	0.999956	43.5655	12909	98.42
m21038_250901_041858/147720165/ccs	0.999213	31.0403	18365	98.39
m21038_251006_065125/51317193/ccs	0.999755	36.1083	12778	98.76
m21038_250901_041858/24580006/ccs	0.999952	43.1876	8616	98.08
m21038_251006_065125/169150975/ccs	0.999558	33.5458	4920	99.94
m21038_250901_041858/249890543/ccs	0.999968	44.9485	6342	99.94
m21038_250901_041858/89981764/ccs	0.991917	20.9243	14488	98.11
m21038_251006_065125/242222268/ccs	0.999979	46.7778	4899	99.94
m21038_250901_041858/149619026/ccs	0.999928	41.4267	16804	98.16
m21038_250901_041858/54465440/ccs	1	60	3962	99.92
m21038_250901_041858/14096161/ccs	0.998769	29.0974	11144	98.33
m21038_250901_041858/107544995/ccs	0.999996	53.9794	5475	98.39
m21038_251006_065125/14877585/ccs	0.999978	46.5758	10853	98.40
m21038_250901_041858/91490979/ccs	0.999972	45.5284	5590	98.42
m21038_251006_065125/36635454/ccs	0.998921	29.6698	8572	98.22
m21038_251006_065125/86180675/ccs	0.999678	34.9214	11265	98.18
m21038_251006_065125/107286347/ccs	0.999953	43.279	3825	99.92
m21038_251006_065125/130353852/ccs	0.997049	25.3003	4769	98.32
m21038_250901_041858/230949838/ccs	0.999992	50.9691	4726	98.38
m21038_250901_041858/188219827/ccs	1	60	4406	98.38
m21038_251006_065125/95096181/ccs	0.9999	40	6849	98.28
m21038_250901_041858/62852533/ccs	1	60	4342	98.28
m21038_251006_065125/194248842/ccs	1	60	4696	97.43
m21038_250901_041858/40441002/ccs	0.998559	28.4134	20611	99.58
m21038_250901_041858/178193806/ccs	0.999941	42.2915	16234	99.97
m21038_250901_041858/51445842/ccs	0.999588	33.851	5755	99.95
m21038_251006_065125/259588824/ccs	0.999993	51.549	11182	99.96
m21038_251006_065125/240649648/ccs	0.999965	44.5593	14136	99.53
m21038_251006_065125/159253490/ccs	0.999036	30.1592	26584	99.56
m21038_250901_041858/265816706/ccs	0.999922	41.0791	15394	99.52
m21038_250901_041858/157878304/ccs	0.99845	28.0967	5788	99.93
m21038_251006_065125/35455979/ccs	0.999682	34.9757	10736	99.97
m21038_251006_065125/60359072/ccs	0.999917	40.8092	17287	99.59
m21038_250901_041858/259589679/ccs	0.999925	41.2494	12431	99.98
m21038_250901_041858/31721657/ccs	0.999538	33.3536	28251	99.55
m21038_251006_065125/43128530/ccs	0.99996	43.9794	12818	99.63
m21038_251006_065125/256182237/ccs	0.999999	60	6564	99.22
m21038_250901_041858/151388320/ccs	0.99962	34.2022	20293	99.62
m21038_250901_041858/33427327/ccs	0.999846	38.1248	13127	99.68
m21038_250901_041858/15011397/ccs	0.999991	50.4576	7174	99.58
m21038_251006_065125/209388823/ccs	0.999938	42.0761	6130	99.23
m21038_251006_065125/210438136/ccs	0.998515	28.2827	29034	99.61
m21038_251006_065125/185994019/ccs	0.999353	31.891	11536	99.68
m21038_251006_065125/77596807/ccs	0.999801	37.0115	19037	99.68
m21038_250901_041858/197527950/ccs	0.999479	32.8316	22593	99.98
m21038_250901_041858/168690701/ccs	0.999977	46.3827	5649	99.59
m21038_251006_065125/12517701/ccs	0.999942	42.3657	9644	99.72
m21038_251006_065125/6619405/ccs	0.999478	32.8233	11102	99.71
m21038_251006_065125/105844558/ccs	0.99835	27.8252	24929	99.65
m21038_251006_065125/37031041/ccs	0.999924	41.1919	16773	99.98
m21038_250901_041858/211419680/ccs	0.999999	60	6082	99.77
m21038_251006_065125/63242524/ccs	0.999289	31.4813	9014	99.78
m21038_250901_041858/86377469/ccs	0.999687	35.0446	4271	99.70
m21038_251006_065125/159318877/ccs	0.997721	26.4226	10025	99.77
m21038_251006_065125/101259031/ccs	0.990654	20.2937	8897	99.64
m21038_250901_041858/178455966/ccs	1	60	3840	100.00
m21038_250901_041858/165019785/ccs	0.999987	48.8606	8592	99.81
m21038_251006_065125/34801650/ccs	0.999985	48.2391	7269	100.00
m21038_250901_041858/34409595/ccs	0.999999	60	4297	99.79
m21038_250901_041858/193856835/ccs	0.99989	39.5861	5348	100.00
m21038_250901_041858/39457177/ccs	1	60	4103	100.00
m21038_251006_065125/227740093/ccs	0.999943	42.4413	14175	99.77
m21038_250901_041858/104007513/ccs	0.999994	52.2185	7983	99.79
m21038_251006_065125/191236091/ccs	0.999973	45.6864	8039	99.81
m21038_251006_065125/17106306/ccs	0.999963	44.318	7704	99.82
m21038_251006_065125/85131695/ccs	0.999558	33.5458	29363	99.53
m21038_251006_065125/79889696/ccs	0.999877	39.1009	11701	99.99
m21038_250901_041858/177144984/ccs	0.999656	34.6344	8935	99.76
m21038_250901_041858/148376485/ccs	0.999891	39.6257	13963	99.68
m21038_251006_065125/89658079/ccs	0.998729	28.9585	27922	99.61
m21038_250901_041858/4723995/ccs	0.999983	47.6955	10056	99.75
m21038_250901_041858/46274267/ccs	0.999534	33.3161	17598	99.62
m21038_250901_041858/196609347/ccs	0.999999	60	7202	99.78
m21038_250901_041858/190317893/ccs	0.999906	40.2687	10520	99.68
m21038_250901_041858/213125126/ccs	0.999968	44.9485	8242	99.75
m21038_250901_041858/110231611/ccs	0.998414	27.997	17533	99.67
m21038_251006_065125/35588751/ccs	0.998859	29.4271	5291	99.79
m21038_250901_041858/48174298/ccs	0.999792	36.8194	20574	99.65
m21038_250901_041858/198443925/ccs	0.995969	23.9459	3589	99.80
m21038_251006_065125/102699289/ccs	0.999937	42.0066	11496	99.66
m21038_251006_065125/93719337/ccs	0.999717	35.4821	23255	99.55
m21038_251006_065125/157748179/ccs	0.999612	34.1117	18437	99.60
m21038_250901_041858/206900069/ccs	0.999997	55.2288	5111	99.86
m21038_251006_065125/88801959/ccs	0.999666	34.7625	5618	99.80
m21038_251006_065125/211945862/ccs	0.99992	40.9691	11410	99.73
m21038_251006_065125/109839939/ccs	0.999993	51.549	7412	99.74
m21038_250901_041858/176098211/ccs	0.99983	37.6955	16428	99.66
m21038_251006_065125/197855180/ccs	0.994797	22.8375	30163	99.46
m21038_251006_065125/194971612/ccs	0.999961	44.0894	4312	100.00
m21038_251006_065125/241369343/ccs	0.999974	45.8503	4588	99.85
m21038_250901_041858/65799258/ccs	0.999993	51.549	5145	99.77
m21038_251006_065125/112854373/ccs	1	60	3956	99.85
m21038_250901_041858/160761165/ccs	0.999772	36.4207	23310	99.60
m21038_251006_065125/154405534/ccs	0.999324	31.7005	8903	99.80
m21038_251006_065125/238880897/ccs	0.998312	27.7263	28388	99.60
m21038_250901_041858/73400766/ccs	0.999541	33.3819	17537	99.53
m21038_250901_041858/47191260/ccs	0.997579	26.1601	28844	99.50
m21038_251006_065125/73471841/ccs	0.99775	26.4782	12907	99.53
m21038_251006_065125/158599318/ccs	0.998794	29.1865	24571	99.58
m21038_250901_041858/228918973/ccs	0.999936	41.9382	3840	99.74
m21038_250901_041858/14811373/ccs	0.997507	26.0328	26752	99.97
m21038_251006_065125/254544454/ccs	0.99985	38.2391	9227	99.50
m21038_251006_065125/215878116/ccs	0.999876	39.0658	13621	99.65
m21038_251006_065125/132254561/ccs	0.999887	39.4692	14482	99.99
m21038_250901_041858/226429029/ccs	0.999491	32.9328	15548	99.63
m21038_251006_065125/131335127/ccs	0.999996	53.9794	6814	99.69
m21038_251006_065125/94373985/ccs	0.994788	22.83	28153	99.95
m21038_250901_041858/59508835/ccs	0.994508	22.6027	14650	99.44
m21038_250901_041858/43452657/ccs	0.999978	46.5758	3195	99.72
m21038_251006_065125/219154545/ccs	0.999957	43.6653	5426	99.70
m21038_250901_041858/77792184/ccs	0.995878	23.8489	13730	99.60
m21038_251006_065125/62984830/ccs	0.999993	51.549	8737	99.66
m21038_250901_041858/171314009/ccs	0.999908	40.3621	13275	99.98
m21038_251006_065125/8325915/ccs	0.999974	45.8503	4064	99.70
m21038_251006_065125/36373796/ccs	0.99992	40.9691	12303	99.50
m21038_251006_065125/147785724/ccs	0.999998	56.9897	3281	99.97
m21038_251006_065125/205981064/ccs	0.998901	29.59	12081	99.57
m21038_251006_065125/68945626/ccs	0.999948	42.84	12680	99.98
m21038_251006_065125/89524704/ccs	0.999972	45.5284	7843	99.69
m21038_251006_065125/59705552/ccs	0.999975	46.0206	9955	99.66
m21038_251006_065125/31659046/ccs	0.999292	31.4997	28677	99.98
m21038_250901_041858/47780700/ccs	0.99887	29.4692	19954	99.99
m21038_250901_041858/62195901/ccs	0.997498	26.0171	24150	99.98
m21038_250901_041858/184681548/ccs	0.99999	50	6639	99.98
m21038_250901_041858/118555913/ccs	0.999862	38.6012	9932	99.98
m21038_251006_065125/56230251/ccs	0.996495	24.5531	7746	99.48
m21038_250901_041858/180095111/ccs	0.999956	43.5655	13366	99.51
m21038_250901_041858/1837769/ccs	0.999864	38.6646	6274	99.70
m21038_251006_065125/34670262/ccs	0.999873	38.962	10477	99.59
m21038_251006_065125/221774950/ccs	0.999244	31.2148	21310	99.99
m21038_250901_041858/244122951/ccs	0.9994	32.2185	4724	99.68
m21038_250901_041858/240584737/ccs	0.998896	29.5703	26172	99.98
m21038_250901_041858/120194919/ccs	0.999955	43.4679	11558	99.98
m21038_251006_065125/195103726/ccs	0.999978	46.5758	7664	99.97
m21038_250901_041858/187368028/ccs	0.999957	43.6653	5979	99.60
m21038_250901_041858/241633194/ccs	0.999861	38.5699	6623	99.56
m21038_251006_065125/81203302/ccs	0.999957	43.6653	4261	99.67
m21038_250901_041858/135856819/ccs	0.998272	27.6246	5325	99.58
m21038_250901_041858/61936070/ccs	0.999416	32.3359	20910	99.99
m21038_251006_065125/209847736/ccs	0.999956	43.5655	8318	99.98
m21038_250901_041858/249561395/ccs	0.99976	36.1979	20639	99.97
m21038_251006_065125/131205635/ccs	1	60	4168	99.57
m21038_250901_041858/139529189/ccs	0.998653	28.7063	23125	99.99
m21038_250901_041858/67963207/ccs	0.99999	50	4494	99.55
m21038_251006_065125/62915920/ccs	0.999512	33.1158	21016	99.97
m21038_250901_041858/112132366/ccs	0.999977	46.3827	7692	99.97
m21038_250901_041858/212600018/ccs	1	60	6120	99.97
m21038_251006_065125/133236862/ccs	0.999991	50.4576	5499	99.96
m21038_251006_065125/29628044/ccs	0.999736	35.784	23132	99.99
m21038_250901_041858/52170106/ccs	0.999958	43.7675	4124	99.98
m21038_251006_065125/96207809/ccs	0.999998	56.9897	6818	99.97
m21038_250901_041858/163709216/ccs	0.99987	38.8606	4739	99.53
m21038_250901_041858/9896552/ccs	0.999947	42.7572	8617	99.43
m21038_250901_041858/260901886/ccs	0.999932	41.6749	5406	99.98
m21038_250901_041858/144704316/ccs	0.999614	34.1341	18501	99.97
m21038_250901_041858/233573136/ccs	0.998341	27.8015	7529	99.96
m21038_251006_065125/134808214/ccs	0.999951	43.098	5439	99.96
m21038_250901_041858/65077987/ccs	0.999972	45.5284	4476	99.96
m21038_250901_041858/196346513/ccs	0.999974	45.8503	12178	99.98
m21038_250901_041858/97976384/ccs	0.999978	46.5758	4454	99.44
m21038_250901_041858/151191673/ccs	0.99995	43.0103	14221	99.99
m21038_250901_041858/49874165/ccs	1	60	4026	99.95
m21038_251006_065125/168101937/ccs	0.999964	44.437	18259	99.98
m21038_250901_041858/213319718/ccs	0.999835	37.8252	17586	99.97
m21038_251006_065125/70719118/ccs	0.999773	36.4397	11725	99.99
m21038_250901_041858/49480468/ccs	0.999986	48.5387	4840	99.98
m21038_250901_041858/90507836/ccs	0.999071	30.3198	6385	99.95
m21038_250901_041858/56168158/ccs	0.999969	45.0864	6556	99.98
m21038_251006_065125/98242665/ccs	0.999983	47.6955	11751	99.97
m21038_251006_065125/222757011/ccs	0.999714	35.4363	13203	99.97
m21038_250901_041858/18350430/ccs	0.999965	44.5593	11017	99.99
m21038_251006_065125/55379655/ccs	0.999985	48.2391	6407	99.98
m21038_250901_041858/41359253/ccs	0.99997	45.2288	11796	100.00
m21038_251006_065125/24121465/ccs	0.999953	43.279	7701	99.96
m21038_251006_065125/144378569/ccs	0.99943	32.4413	14020	99.97
m21038_250901_041858/60822702/ccs	0.999986	48.5387	8970	100.00
m21038_251006_065125/124518968/ccs	1	60	3316	99.91
m21038_251006_065125/97716568/ccs	0.999967	44.8149	6361	99.97
m21038_250901_041858/8262777/ccs	0.999877	39.1009	7886	99.97
m21038_250901_041858/165349976/ccs	0.999931	41.6115	8025	100.00
m21038_250901_041858/91883296/ccs	0.999933	41.7393	9933	99.97
m21038_251006_065125/98632375/ccs	0.999996	53.9794	8642	99.98
m21038_251006_065125/35524027/ccs	0.998707	28.884	7229	99.99
m21038_250901_041858/17697163/ccs	0.998838	29.3479	7386	99.97
m21038_250901_041858/80281736/ccs	1	60	3575	100.00
m21038_250901_041858/210502203/ccs	0.999983	47.6955	8845	99.98
m21038_251006_065125/182649661/ccs	0.999987	48.8606	6345	100.00
m21038_250901_041858/263653765/ccs	1	60	6130	100.00
m21038_251006_065125/10092621/ccs	1	60	4263	100.00
m21038_251006_065125/178652672/ccs	1	60	5880	100.00
m21038_250901_041858/79825219/ccs	0.999391	32.1538	10375	98.83
m21038_250901_041858/171379198/ccs	1	60	5500	98.45
m21038_251006_065125/37555747/ccs	0.991734	20.827	25571	98.78
m21038_251006_065125/79826743/ccs	0.999395	32.1824	6930	96.93
m21038_251006_065125/46402670/ccs	0.999228	31.1238	4839	97.79
m21038_251006_065125/200149388/ccs	0.999957	43.6653	2990	98.06
m21038_251006_065125/19334175/ccs	0.999994	52.2185	6823	98.08
m21038_250901_041858/174916820/ccs	0.999995	53.0103	5525	98.58
m21038_250901_041858/49481442/ccs	0.999871	38.8941	6130	98.33
m21038_250901_041858/44368621/ccs	0.999876	39.0658	4717	98.33
m21038_251006_065125/3478200/ccs	0.991977	20.9566	24972	99.22
m21038_251006_065125/30476973/ccs	0.999583	33.7986	6838	98.55
m21038_250901_041858/159515414/ccs	1	60	3421	99.44
m21038_251006_065125/40111657/ccs	0.999986	48.5387	3545	99.60
m21038_250901_041858/44696411/ccs	0.999965	44.5593	15439	99.70
m21038_251006_065125/147784849/ccs	0.992487	21.2419	14959	99.41
