read_id	rq	qv	read_length	iden
m21038_250924_071808/160497731/ccs	0.998753	29.0413	23550	99.14
m21038_250827_051258/32967334/ccs	0.999797	36.925	7342	99.86
m21038_250827_051258/149362547/ccs	0.999094	30.4287	9007	99.83
m21038_250827_051258/44635421/ccs	0.998118	27.2538	11891	99.85
m21038_250924_071808/112856420/ccs	0.997052	25.3047	14499	99.83
m21038_250924_071808/16254470/ccs	0.996584	24.6648	14514	99.85
m21038_250924_071808/127669389/ccs	0.999981	47.2125	7087	99.94
m21038_250827_051258/32969859/ccs	0.999656	34.6344	4015	99.95
m21038_250827_051258/94503357/ccs	0.999843	38.041	14850	99.76
m21038_250924_071808/164430648/ccs	0.999961	44.0894	11354	99.90
m21038_250827_051258/224594194/ccs	0.999996	53.9794	9813	99.92
m21038_250924_071808/104074205/ccs	0.999738	35.817	15916	99.47
m21038_250827_051258/54199614/ccs	0.999529	33.2698	14221	99.75
m21038_250924_071808/73599396/ccs	0.999454	32.6281	17382	99.80
m21038_250924_071808/39982881/ccs	0.999991	50.4576	5046	99.92
m21038_250827_051258/219875972/ccs	0.999978	46.5758	7802	99.92
m21038_250827_051258/121833474/ccs	1	60	3793	99.92
m21038_250827_051258/202508012/ccs	0.998539	28.3535	21483	99.33
m21038_250827_051258/163516847/ccs	0.999805	37.0997	11610	99.86
m21038_250924_071808/67371193/ccs	0.999983	47.6955	7612	99.92
m21038_250924_071808/252774586/ccs	0.999933	41.7393	4319	99.93
m21038_250924_071808/78971811/ccs	0.999758	36.1618	8415	99.92
m21038_250827_051258/53413639/ccs	0.999325	31.707	12037	99.53
m21038_250827_051258/107742620/ccs	0.999965	44.5593	6459	99.91
m21038_250827_051258/172819445/ccs	0.999869	38.8273	16173	99.68
m21038_250827_051258/77334591/ccs	0.999992	50.9691	3425	99.88
m21038_250827_051258/112988908/ccs	0.999918	40.8619	7150	99.92
m21038_250827_051258/183633911/ccs	0.999837	37.8781	16072	99.74
m21038_250924_071808/117835217/ccs	0.997675	26.3358	18971	99.31
m21038_250924_071808/133367598/ccs	0.999964	44.437	8275	99.90
m21038_250924_071808/125504398/ccs	0.999259	31.3018	11752	99.86
m21038_250827_051258/53875766/ccs	0.99931	31.6115	22917	99.55
m21038_250827_051258/49939632/ccs	0.999981	47.2125	4435	99.93
m21038_250827_051258/24642994/ccs	0.999937	42.0066	5356	99.93
m21038_250827_051258/103814052/ccs	1	60	3524	99.43
m21038_250827_051258/61738089/ccs	0.998724	28.9415	6109	99.59
m21038_250827_051258/141170070/ccs	0.99965	34.5593	7935	99.90
m21038_250827_051258/2949830/ccs	0.999858	38.4771	8226	99.87
m21038_250827_051258/112067300/ccs	0.998401	27.9615	5416	99.93
m21038_250827_051258/75564381/ccs	0.999996	53.9794	11159	99.49
m21038_250924_071808/163578136/ccs	0.999972	45.5284	10312	99.67
m21038_250827_051258/92541540/ccs	1	60	5016	99.56
m21038_250827_051258/163386167/ccs	0.99997	45.2288	9101	99.77
m21038_250827_051258/228655824/ccs	1	60	7526	99.24
m21038_250827_051258/151586754/ccs	0.999964	44.437	5576	99.95
m21038_250924_071808/240517604/ccs	0.999864	38.6646	3027	99.93
m21038_250827_051258/97192988/ccs	0.999795	36.8825	4595	98.61
m21038_250924_071808/76748650/ccs	0.999954	43.3724	9255	98.86
m21038_250827_051258/69669630/ccs	0.999972	45.5284	7276	98.88
m21038_250827_051258/142807705/ccs	0.999642	34.4612	4428	99.73
m21038_250924_071808/71697311/ccs	0.999406	32.2621	13347	99.63
m21038_250924_071808/62325990/ccs	0.999999	60	2708	99.93
m21038_250827_051258/41619363/ccs	0.99995	43.0103	6804	99.31
m21038_250924_071808/131006687/ccs	1	60	5017	99.92
m21038_250827_051258/26742431/ccs	0.999969	45.0864	3842	98.80
m21038_250924_071808/9637352/ccs	0.999999	60	6590	99.65
m21038_250827_051258/162857013/ccs	0.999998	56.9897	5229	99.69
m21038_250924_071808/221185779/ccs	0.999978	46.5758	10649	99.55
m21038_250827_051258/91756170/ccs	0.999744	35.9176	19716	98.84
m21038_250827_051258/112072286/ccs	0.999932	41.6749	14240	99.41
m21038_250827_051258/94507120/ccs	1	60	3867	98.99
m21038_250827_051258/160631578/ccs	0.999999	60	4241	99.01
m21038_250827_051258/50528476/ccs	0.99993	41.549	12361	99.38
m21038_250924_071808/243074971/ccs	1	60	4675	99.29
m21038_250924_071808/157422272/ccs	0.999953	43.279	6392	98.68
m21038_250924_071808/240976525/ccs	0.999203	30.9854	27826	99.82
m21038_250924_071808/72750232/ccs	0.999751	36.038	8762	99.31
m21038_250924_071808/117707664/ccs	0.999975	46.0206	3763	98.54
m21038_250924_071808/245106417/ccs	0.998845	29.3742	23713	99.83
m21038_250924_071808/11537078/ccs	0.998699	28.8572	6402	99.30
m21038_250924_071808/66456411/ccs	0.999029	30.1278	30484	99.86
m21038_250827_051258/134091633/ccs	0.99304	21.5739	33974	99.73
m21038_250924_071808/89262923/ccs	0.99996	43.9794	5525	99.89
m21038_250924_071808/28770939/ccs	0.999168	30.7988	27982	99.72
m21038_250827_051258/21500263/ccs	0.996919	25.1131	3312	99.91
m21038_250924_071808/93196382/ccs	0.998263	27.602	34071	99.92
m21038_250827_051258/111480828/ccs	0.997221	25.5611	25607	99.86
m21038_250827_051258/70062024/ccs	0.99965	34.5593	20738	99.91
m21038_250827_051258/18420762/ccs	0.997536	26.0836	22660	99.89
m21038_250924_071808/52954509/ccs	0.999946	42.6761	3035	99.14
m21038_250924_071808/99162061/ccs	0.999595	33.9254	17048	99.91
m21038_250924_071808/96406093/ccs	0.997797	26.5699	13886	99.89
m21038_250827_051258/36897563/ccs	0.999008	30.0349	25752	99.79
m21038_250924_071808/62263291/ccs	0.999751	36.038	17742	99.92
m21038_250924_071808/52893145/ccs	0.993304	21.7418	28720	99.84
m21038_250827_051258/168821464/ccs	0.999665	34.7496	23186	99.81
m21038_250827_051258/218237451/ccs	0.999432	32.4565	19561	99.91
m21038_250827_051258/19994269/ccs	0.998735	28.9791	30905	99.83
m21038_250827_051258/196479869/ccs	0.998761	29.0693	19763	99.82
m21038_250924_071808/95883128/ccs	0.999101	30.4624	23554	99.83
m21038_250827_051258/113511511/ccs	0.999221	31.0846	20939	99.89
m21038_250827_051258/189663894/ccs	0.999596	33.9362	19595	99.86
m21038_250924_071808/136254961/ccs	0.999941	42.2915	13704	99.91
m21038_250827_051258/149095373/ccs	0.999017	30.0745	19524	99.85
m21038_250924_071808/153226673/ccs	0.99914	30.655	22113	99.86
m21038_250827_051258/147459462/ccs	0.999641	34.4491	22259	99.86
m21038_250924_071808/247595443/ccs	0.998501	28.242	20160	99.89
m21038_250924_071808/89394411/ccs	0.998669	28.7582	17526	99.93
m21038_250827_051258/173606320/ccs	0.999726	35.6225	10074	99.96
m21038_250924_071808/256510283/ccs	0.996553	24.6256	27569	99.46
m21038_250924_071808/142344317/ccs	0.99977	36.3827	18743	99.90
m21038_250924_071808/36964161/ccs	0.997548	26.1048	21085	99.85
m21038_250827_051258/93262330/ccs	0.994772	22.8166	27711	99.90
m21038_250924_071808/174524168/ccs	0.999714	35.4363	23282	99.95
m21038_250827_051258/16453140/ccs	0.995425	23.3961	21561	99.83
m21038_250924_071808/235995886/ccs	0.999407	32.2695	8990	99.98
m21038_250924_071808/222693291/ccs	0.999568	33.6452	27630	99.48
m21038_250924_071808/33490916/ccs	0.999961	44.0894	5161	99.98
m21038_250827_051258/153490769/ccs	0.99644	24.4855	22005	99.95
m21038_250827_051258/186582115/ccs	0.999929	41.4874	9503	99.97
m21038_250924_071808/84609543/ccs	0.99856	28.4164	24527	99.87
m21038_250924_071808/23860793/ccs	0.994645	22.7124	20367	99.85
m21038_250827_051258/156439878/ccs	0.999998	56.9897	3728	99.97
m21038_250827_051258/198377827/ccs	0.999993	51.549	6531	99.98
m21038_250827_051258/257098176/ccs	0.995663	23.6281	12557	99.84
m21038_250827_051258/177212223/ccs	0.999994	52.2185	5625	99.96
m21038_250827_051258/157747226/ccs	0.999374	32.0343	8372	99.95
m21038_250827_051258/152179616/ccs	0.999987	48.8606	8764	99.97
m21038_250924_071808/65211965/ccs	0.999745	35.9346	22039	99.86
m21038_250924_071808/69998009/ccs	0.999386	32.1183	19182	99.95
m21038_250924_071808/216794463/ccs	0.999118	30.5453	7170	99.96
m21038_250827_051258/50861943/ccs	0.99997	45.2288	7051	99.94
m21038_250924_071808/134611258/ccs	0.995957	23.933	36125	99.92
m21038_250827_051258/120587542/ccs	0.99988	39.2082	13787	99.87
m21038_250924_071808/17765385/ccs	0.999068	30.3058	12552	99.90
m21038_250924_071808/120133096/ccs	0.998953	29.8005	3160	99.87
m21038_250924_071808/91358181/ccs	0.999919	40.9151	6636	99.94
m21038_250924_071808/199230873/ccs	0.999849	38.2102	9735	99.90
m21038_250827_051258/268109281/ccs	0.999408	32.2768	18093	99.84
m21038_250924_071808/163448371/ccs	0.999998	56.9897	5938	99.61
m21038_250827_051258/102897499/ccs	1	60	4757	99.94
m21038_250827_051258/260571304/ccs	0.994788	22.83	19853	99.45
m21038_250924_071808/245827932/ccs	0.999986	48.5387	7327	99.93
m21038_250924_071808/224856903/ccs	0.99996	43.9794	6529	99.95
m21038_250924_071808/71177204/ccs	0.999985	48.2391	5665	99.95
m21038_250924_071808/155584185/ccs	0.999751	36.038	18567	99.95
m21038_250827_051258/23464199/ccs	0.998803	29.2191	12017	99.92
m21038_250924_071808/123144132/ccs	0.999451	32.6043	18563	99.84
m21038_250924_071808/160041310/ccs	0.999978	46.5758	8481	99.89
m21038_250827_051258/265225261/ccs	0.999699	35.2143	20324	99.45
m21038_250827_051258/95551890/ccs	0.999999	60	3773	99.95
m21038_250924_071808/102567673/ccs	0.99875	29.0309	26608	99.44
m21038_250827_051258/78124911/ccs	0.999638	34.4129	23175	99.93
m21038_250924_071808/88740743/ccs	0.999618	34.1794	22406	99.45
m21038_250924_071808/121180209/ccs	0.999747	35.9688	11712	99.85
m21038_250827_051258/82382171/ccs	0.99182	20.8725	18032	99.78
m21038_250924_071808/85398264/ccs	0.999457	32.652	4620	99.96
m21038_250827_051258/159189813/ccs	0.998494	28.2218	18947	99.95
m21038_250827_051258/89915977/ccs	0.998532	28.3327	18782	99.47
m21038_250924_071808/176883916/ccs	0.999857	38.4466	18570	99.45
m21038_250924_071808/263718376/ccs	0.999885	39.393	10745	99.93
m21038_250924_071808/42538328/ccs	0.999912	40.5552	16980	99.83
m21038_250924_071808/64749883/ccs	0.999734	35.7512	17604	99.94
m21038_250924_071808/2757573/ccs	0.999832	37.7469	14620	99.82
m21038_250827_051258/151061712/ccs	0.999561	33.5754	21728	99.83
m21038_250827_051258/94310719/ccs	0.999996	53.9794	6596	99.88
m21038_250924_071808/250544438/ccs	0.999607	34.0561	20456	99.41
m21038_250924_071808/100667903/ccs	0.996258	24.269	30924	99.79
m21038_250827_051258/47515031/ccs	0.99991	40.4576	11467	99.84
m21038_250827_051258/40569457/ccs	0.999998	56.9897	6567	99.88
m21038_250924_071808/130028522/ccs	0.999085	30.3858	19535	99.91
m21038_250827_051258/103288047/ccs	0.99542	23.3913	4072	99.88
m21038_250924_071808/15208920/ccs	0.999992	50.9691	8219	99.84
m21038_250924_071808/148046395/ccs	0.997744	26.4666	15408	99.93
m21038_250924_071808/142149840/ccs	0.999982	47.4473	12571	99.93
m21038_250924_071808/61542729/ccs	0.998529	28.3239	17827	99.81
m21038_250827_051258/138872697/ccs	0.999798	36.9465	11872	99.93
m21038_250827_051258/221710263/ccs	0.9956	23.5655	8249	99.93
m21038_250827_051258/247596519/ccs	0.999114	30.5257	28059	99.80
m21038_250924_071808/263850347/ccs	1	60	6004	99.85
m21038_250827_051258/175375647/ccs	0.999961	44.0894	15416	99.82
m21038_250924_071808/95489813/ccs	1	60	3124	99.84
m21038_250827_051258/151457544/ccs	0.999898	39.914	11889	99.94
m21038_250827_051258/160630434/ccs	0.999211	31.0292	9004	99.91
m21038_250924_071808/27067892/ccs	1	60	3561	99.94
m21038_250924_071808/127535842/ccs	0.998856	29.4157	3771	99.84
m21038_250924_071808/18153985/ccs	0.999611	34.1005	14845	99.43
m21038_250924_071808/51907117/ccs	0.999977	46.3827	12829	99.95
m21038_250924_071808/249497981/ccs	0.99092	20.4191	5240	99.79
m21038_250924_071808/258739196/ccs	0.998539	28.3535	19528	99.37
m21038_250827_051258/80021279/ccs	0.999975	46.0206	7148	99.93
m21038_250924_071808/122095204/ccs	0.999976	46.1979	11109	99.79
m21038_250924_071808/73142082/ccs	0.997258	25.6193	12261	99.92
m21038_250827_051258/101059694/ccs	0.997133	25.4257	34768	99.81
m21038_250924_071808/81463859/ccs	0.999735	35.7675	15567	99.92
m21038_250924_071808/105578758/ccs	0.999587	33.8405	23144	99.93
m21038_250827_051258/81134709/ccs	1	60	6122	99.80
m21038_250827_051258/53613061/ccs	0.994725	22.7778	3961	99.75
m21038_250827_051258/24908772/ccs	1	60	8082	99.91
m21038_250924_071808/23138717/ccs	0.999747	35.9688	4605	99.89
m21038_250924_071808/16058718/ccs	0.999939	42.1467	12313	99.42
m21038_250924_071808/146606904/ccs	0.999022	30.0966	3338	99.88
m21038_250827_051258/112268413/ccs	0.999999	60	9097	99.54
m21038_250827_051258/231343355/ccs	0.999972	45.5284	9714	99.94
m21038_250827_051258/170918755/ccs	0.999992	50.9691	9588	99.94
m21038_250924_071808/84086386/ccs	0.999994	52.2185	4380	99.93
m21038_250827_051258/49677287/ccs	0.999999	60	7446	99.54
m21038_250827_051258/222691968/ccs	0.995163	23.1542	28187	99.88
m21038_250827_051258/72552137/ccs	0.999761	36.216	11719	99.95
m21038_250924_071808/130286216/ccs	0.999118	30.5453	15744	99.82
m21038_250827_051258/16713863/ccs	0.999988	49.2082	4815	99.79
m21038_250827_051258/111285047/ccs	0.993829	22.0964	23503	99.31
m21038_250827_051258/129303881/ccs	0.999994	52.2185	13798	99.92
m21038_250827_051258/82053918/ccs	0.993068	21.5914	10852	99.33
m21038_250827_051258/262340855/ccs	0.993376	21.7888	16981	99.35
m21038_250827_051258/224200183/ccs	0.997997	26.9832	5146	99.88
m21038_250827_051258/100144317/ccs	0.999597	33.9469	3585	99.64
m21038_250924_071808/226297570/ccs	0.999963	44.318	12286	99.91
m21038_250924_071808/137693278/ccs	0.999994	52.2185	10541	99.80
m21038_250924_071808/265291438/ccs	0.999588	33.851	10881	99.48
m21038_250924_071808/141036611/ccs	0.99994	42.2185	9806	99.46
m21038_250827_051258/204276942/ccs	0.999931	41.6115	13472	99.44
m21038_250827_051258/142804970/ccs	0.999994	52.2185	12208	99.92
m21038_250827_051258/67702409/ccs	0.999763	36.2525	20231	99.32
m21038_250924_071808/86639021/ccs	0.999999	60	5250	99.56
m21038_250827_051258/84020772/ccs	0.9999	40	10926	99.48
m21038_250924_071808/67506837/ccs	0.999888	39.5078	8666	99.97
m21038_250924_071808/150738862/ccs	0.99997	45.2288	9928	99.82
m21038_250827_051258/71697100/ccs	0.99968	34.9485	17452	99.81
m21038_250924_071808/166069555/ccs	0.999618	34.1794	22629	99.31
m21038_250827_051258/25298326/ccs	0.999871	38.8941	7003	99.79
m21038_250827_051258/27724359/ccs	0.999673	34.8545	17109	99.80
m21038_250924_071808/149356741/ccs	0.998797	29.1973	18486	99.29
m21038_250924_071808/257033086/ccs	0.999959	43.8722	12745	99.94
m21038_250924_071808/103616372/ccs	0.999989	49.5861	4881	99.57
m21038_250827_051258/148833207/ccs	0.999727	35.6384	19724	99.80
m21038_250924_071808/82906171/ccs	0.999409	32.2841	24733	99.94
m21038_250827_051258/229507750/ccs	0.999718	35.4975	20801	99.81
m21038_250924_071808/106759605/ccs	0.999214	31.0458	4907	99.51
m21038_250924_071808/187893303/ccs	0.994658	22.723	19694	99.92
m21038_250924_071808/250938741/ccs	0.999989	49.5861	7906	99.96
m21038_250827_051258/65869632/ccs	1	60	4367	99.75
m21038_250924_071808/244909093/ccs	0.999998	56.9897	6894	99.38
m21038_250827_051258/173081245/ccs	0.999992	50.9691	3801	99.52
m21038_250924_071808/7275460/ccs	0.999177	30.846	20496	99.94
m21038_250827_051258/99947957/ccs	0.997022	25.2608	27219	99.81
m21038_250924_071808/138020188/ccs	0.999989	49.5861	8022	99.94
m21038_250924_071808/69735395/ccs	0.999877	39.1009	11574	99.83
m21038_250924_071808/164890304/ccs	0.999989	49.5861	10870	99.94
m21038_250827_051258/148770427/ccs	1	60	3596	99.78
m21038_250924_071808/205784237/ccs	0.999973	45.6864	8348	99.37
m21038_250924_071808/118164626/ccs	0.999995	53.0103	5128	99.35
m21038_250827_051258/121639087/ccs	0.999813	37.2816	21104	99.94
m21038_250924_071808/168167662/ccs	0.99974	35.8503	21616	99.29
m21038_250827_051258/56820815/ccs	1	60	6175	99.82
m21038_250827_051258/19795756/ccs	0.998661	28.7322	17901	99.80
m21038_250924_071808/37097227/ccs	0.999581	33.7779	19002	99.94
m21038_250827_051258/157221727/ccs	0.999282	31.4388	30525	99.92
m21038_250827_051258/172232590/ccs	0.999146	30.6854	10623	99.34
m21038_250924_071808/13107798/ccs	0.999874	38.9963	10254	99.40
m21038_250924_071808/236061680/ccs	0.999584	33.8091	12452	99.93
m21038_250827_051258/80287173/ccs	0.999929	41.4874	8527	99.93
m21038_250827_051258/118620501/ccs	0.997969	26.9229	8845	99.90
m21038_250924_071808/160435414/ccs	0.994791	22.8325	22178	99.26
m21038_250924_071808/50140814/ccs	0.999775	36.4782	11995	99.17
m21038_250827_051258/72286259/ccs	1	60	5366	99.85
m21038_250827_051258/124851189/ccs	0.999661	34.698	5091	99.88
m21038_250924_071808/22025554/ccs	0.999999	60	3866	99.90
m21038_250827_051258/30343692/ccs	0.999867	38.7615	19866	99.93
m21038_250924_071808/165808796/ccs	1	60	7383	99.85
m21038_250924_071808/6558712/ccs	0.998555	28.4013	23009	99.92
m21038_250924_071808/220727425/ccs	0.999961	44.0894	11262	99.86
m21038_250924_071808/134551314/ccs	1	60	3715	99.37
m21038_250924_071808/118557258/ccs	0.990608	20.2724	25365	99.75
m21038_250924_071808/243400877/ccs	0.999996	53.9794	7660	99.38
m21038_250924_071808/28969858/ccs	0.999853	38.3268	15079	99.81
m21038_250827_051258/19136801/ccs	0.995604	23.5694	23698	99.82
m21038_250924_071808/142149763/ccs	0.996872	25.0473	35337	99.88
m21038_250827_051258/197263908/ccs	0.999995	53.0103	6584	99.85
m21038_250924_071808/75694775/ccs	0.99999	50	8058	99.42
m21038_250924_071808/261228039/ccs	0.999964	44.437	9501	99.82
m21038_250924_071808/125635474/ccs	0.99998	46.9897	8419	99.90
m21038_250924_071808/105452231/ccs	0.999526	33.2422	22367	99.84
m21038_250827_051258/218172005/ccs	1	60	6074	99.88
m21038_250827_051258/205390864/ccs	0.999832	37.7469	19727	99.94
m21038_250827_051258/230819054/ccs	1	60	4689	99.83
m21038_250827_051258/125961846/ccs	0.999995	53.0103	2133	99.67
m21038_250827_051258/31984114/ccs	0.999601	33.9903	3455	99.86
m21038_250924_071808/45089714/ccs	0.999996	53.9794	4484	99.89
m21038_250827_051258/235405378/ccs	0.998219	27.4934	8808	99.92
m21038_250924_071808/110367176/ccs	0.999711	35.391	5448	99.91
m21038_250827_051258/139921085/ccs	0.999975	46.0206	8239	99.79
m21038_250827_051258/132191109/ccs	1	60	5647	99.88
m21038_250827_051258/112528355/ccs	0.999971	45.376	6339	99.30
m21038_250827_051258/21628020/ccs	0.999833	37.7728	3610	99.47
m21038_250827_051258/105908100/ccs	0.999918	40.8619	7550	99.96
m21038_250827_051258/160829662/ccs	0.990857	20.3891	20363	99.80
m21038_250924_071808/149096002/ccs	0.997608	26.2124	17415	99.21
m21038_250827_051258/138809071/ccs	0.999621	34.2136	14084	99.95
m21038_250827_051258/176490829/ccs	0.999702	35.2578	6175	99.95
m21038_250924_071808/5050991/ccs	0.996522	24.5867	22215	99.88
m21038_250924_071808/232261489/ccs	0.999978	46.5758	9919	99.95
m21038_250924_071808/104464657/ccs	0.999567	33.6351	24429	99.93
m21038_250827_051258/49679905/ccs	0.999989	49.5861	7598	99.93
m21038_250924_071808/208864270/ccs	0.997876	26.7285	5561	99.95
m21038_250827_051258/115083708/ccs	0.999917	40.8092	9840	99.79
m21038_250827_051258/245238494/ccs	0.999906	40.2687	13211	99.96
m21038_250924_071808/104730762/ccs	0.999636	34.389	5775	99.95
m21038_250924_071808/104598008/ccs	0.999619	34.1908	3173	99.71
m21038_250827_051258/25692321/ccs	0.999377	32.0551	23610	99.93
m21038_250827_051258/111740331/ccs	0.999763	36.2525	6001	99.72
m21038_250827_051258/153748402/ccs	0.999821	37.4715	17126	99.84
m21038_250827_051258/84545492/ccs	0.999573	33.6957	4329	99.98
m21038_250827_051258/151064970/ccs	0.998084	27.176	6461	99.95
m21038_250924_071808/25499294/ccs	0.999944	42.5181	2740	99.96
m21038_250827_051258/169084082/ccs	0.999924	41.1919	2563	100.00
m21038_250827_051258/151453737/ccs	0.999984	47.9588	5520	99.76
m21038_250827_051258/174069174/ccs	0.999993	51.549	6683	99.97
m21038_250827_051258/170526162/ccs	1	60	3968	99.95
m21038_250924_071808/158668079/ccs	0.994385	22.5065	21735	99.82
m21038_250827_051258/30610927/ccs	0.999442	32.5337	11653	99.22
m21038_250924_071808/112460698/ccs	0.999726	35.6225	6802	99.97
m21038_250827_051258/87622008/ccs	0.997635	26.2617	22935	99.86
m21038_250827_051258/164498256/ccs	0.999658	34.6597	15697	99.85
m21038_250827_051258/21759604/ccs	0.999849	38.2102	6190	99.79
m21038_250827_051258/212207862/ccs	0.997266	25.632	23400	99.86
m21038_250827_051258/4656788/ccs	0.998872	29.4769	26056	99.87
m21038_250924_071808/64227089/ccs	0.999981	47.2125	10846	99.96
m21038_250827_051258/225250152/ccs	0.998819	29.2775	18323	99.90
m21038_250924_071808/119343560/ccs	0.998949	29.784	16769	99.92
m21038_250924_071808/46794210/ccs	0.999984	47.9588	4795	99.31
m21038_250827_051258/52957503/ccs	0.998296	27.6853	5804	99.83
m21038_250924_071808/86640194/ccs	0.999604	34.023	3877	99.84
m21038_250924_071808/44504784/ccs	0.999967	44.8149	6345	99.41
m21038_250827_051258/173806649/ccs	0.998095	27.2011	4752	99.85
m21038_250924_071808/160631476/ccs	0.997686	26.3564	8940	99.96
m21038_250924_071808/96409108/ccs	0.998668	28.755	20748	99.91
m21038_250827_051258/174786777/ccs	0.999986	48.5387	5242	99.96
m21038_250827_051258/151192620/ccs	0.999194	30.9366	4708	99.47
m21038_250924_071808/124717227/ccs	0.99994	42.2185	6928	99.87
m21038_250827_051258/77136245/ccs	0.999851	38.2681	9470	99.98
m21038_250924_071808/183044566/ccs	0.999975	46.0206	6250	99.51
m21038_250827_051258/173213933/ccs	0.999844	38.0688	14436	99.92
m21038_250924_071808/175375116/ccs	0.999897	39.8716	4110	99.88
m21038_250827_051258/39130442/ccs	0.996071	24.0572	6739	99.82
m21038_250827_051258/34472740/ccs	0.999996	53.9794	6786	99.38
m21038_250827_051258/239994273/ccs	0.999082	30.3716	4297	99.93
m21038_250827_051258/24579611/ccs	0.996301	24.3192	13179	99.85
m21038_250924_071808/159978289/ccs	0.999153	30.7212	21952	99.91
m21038_250924_071808/27202361/ccs	0.999927	41.3668	5051	99.32
m21038_250827_051258/207094857/ccs	0.999718	35.4975	3370	99.88
m21038_250827_051258/148050329/ccs	0.998153	27.3353	17752	99.90
m21038_250827_051258/268108622/ccs	0.999591	33.8828	13560	99.91
m21038_250827_051258/101122404/ccs	0.997816	26.6075	27805	99.92
m21038_250924_071808/97455405/ccs	0.999998	56.9897	5445	99.98
m21038_250924_071808/34674294/ccs	0.999561	33.5754	5126	99.90
m21038_250924_071808/47387106/ccs	0.999149	30.7007	12356	99.90
m21038_250827_051258/52696003/ccs	0.999761	36.216	7117	99.90
m21038_250827_051258/183238780/ccs	0.999503	33.0364	25619	99.89
m21038_250827_051258/228984723/ccs	0.999728	35.6543	11238	99.91
m21038_250827_051258/43715656/ccs	0.999967	44.8149	6512	100.00
m21038_250827_051258/21171887/ccs	0.998321	27.7495	26820	99.91
m21038_250827_051258/191104696/ccs	0.999829	37.67	8275	99.89
m21038_250924_071808/236324491/ccs	0.999464	32.7084	24788	99.93
m21038_250827_051258/149225550/ccs	0.995511	23.4785	23553	99.87
m21038_250924_071808/199034143/ccs	0.999748	35.986	11634	99.90
m21038_250924_071808/215286112/ccs	0.999963	44.318	10505	99.91
m21038_250924_071808/207290699/ccs	1	60	4193	100.00
m21038_250827_051258/199428549/ccs	0.999991	50.4576	6955	99.93
m21038_250827_051258/177669079/ccs	1	60	3630	99.92
m21038_250827_051258/211485510/ccs	0.999996	53.9794	5702	99.84
m21038_250924_071808/171117366/ccs	0.999644	34.4855	4614	99.80
m21038_250827_051258/219415216/ccs	0.999983	47.6955	10337	99.92
m21038_250924_071808/210634567/ccs	0.995195	23.1831	12036	99.87
m21038_250827_051258/111088555/ccs	0.99983	37.6955	15145	99.87
m21038_250924_071808/233702951/ccs	0.999886	39.431	6402	99.82
m21038_250924_071808/254675667/ccs	0.992788	21.4194	23294	99.78
m21038_250924_071808/130221122/ccs	0.999899	39.9568	16550	99.90
m21038_250827_051258/163383524/ccs	0.998492	28.216	31795	99.88
m21038_250827_051258/89788524/ccs	0.999864	38.6646	13862	99.91
m21038_250827_051258/130615081/ccs	0.99989	39.5861	11885	99.89
m21038_250924_071808/94634452/ccs	0.999999	60	5350	99.79
m21038_250827_051258/1773946/ccs	0.998702	28.8673	10891	99.88
m21038_250827_051258/250284583/ccs	0.999984	47.9588	2393	99.62
m21038_250827_051258/124257968/ccs	0.999997	55.2288	4739	99.89
m21038_250924_071808/148376698/ccs	0.999439	32.5104	14805	99.87
m21038_250924_071808/127666936/ccs	0.998778	29.1293	26194	99.60
m21038_250827_051258/227871154/ccs	0.999621	34.2136	14409	99.87
m21038_250924_071808/234815771/ccs	0.998682	28.8008	33258	99.88
m21038_250924_071808/64882523/ccs	0.993351	21.7724	28026	99.53
m21038_250924_071808/99816053/ccs	0.996803	24.9526	30051	99.33
m21038_250924_071808/78056278/ccs	0.999998	56.9897	4544	99.33
m21038_250924_071808/83559034/ccs	0.999995	53.0103	7938	99.96
m21038_250924_071808/36899735/ccs	0.999965	44.5593	7323	99.96
m21038_250827_051258/178849048/ccs	0.999969	45.0864	3556	99.92
m21038_250924_071808/31655743/ccs	0.999998	56.9897	4562	99.38
m21038_250827_051258/160173128/ccs	0.998205	27.4594	34736	99.86
m21038_250827_051258/104863077/ccs	0.999011	30.048	5110	99.88
m21038_250827_051258/120461249/ccs	0.993365	21.7816	23262	99.57
m21038_250924_071808/132318828/ccs	0.999978	46.5758	8098	99.91
m21038_250827_051258/16320901/ccs	0.999453	32.6201	17933	99.94
m21038_250827_051258/51121589/ccs	0.999988	49.2082	4962	99.33
m21038_250924_071808/20777597/ccs	0.994747	22.7959	16605	99.44
m21038_250827_051258/34607483/ccs	0.999999	60	4698	99.94
m21038_250827_051258/255722371/ccs	0.999966	44.6852	4289	98.76
m21038_250924_071808/141886213/ccs	0.999823	37.5203	9377	99.96
m21038_250924_071808/18814299/ccs	0.999628	34.2946	9024	98.73
m21038_250924_071808/142742014/ccs	0.999834	37.7989	5977	99.92
m21038_250924_071808/37226167/ccs	0.996382	24.4153	16260	99.93
m21038_250924_071808/17634132/ccs	0.999966	44.6852	6146	99.97
m21038_250827_051258/51385886/ccs	0.993911	22.1545	4533	99.82
m21038_250827_051258/121440749/ccs	0.999436	32.4872	3542	98.59
m21038_250827_051258/27068460/ccs	0.999652	34.5842	7910	99.97
m21038_250924_071808/94902173/ccs	0.995029	23.0356	22643	99.56
m21038_250827_051258/58201136/ccs	0.997356	25.7774	11609	99.91
m21038_250924_071808/69927281/ccs	0.999964	44.437	9073	99.85
m21038_250924_071808/4001934/ccs	0.998819	29.2775	25805	99.64
m21038_250827_051258/124127537/ccs	0.998725	28.9449	23413	99.61
m21038_250924_071808/3409939/ccs	0.999826	37.5945	10515	99.96
m21038_250827_051258/113905133/ccs	0.999659	34.6725	18128	99.57
m21038_250924_071808/21041472/ccs	0.997162	25.4699	4052	99.88
m21038_250924_071808/178063673/ccs	0.999931	41.6115	10040	99.96
m21038_250924_071808/22348877/ccs	0.999954	43.3724	8504	99.98
m21038_250924_071808/65606249/ccs	0.998936	29.7306	33312	99.83
m21038_250924_071808/95883913/ccs	0.999307	31.5927	14288	99.52
m21038_250827_051258/160436990/ccs	0.999144	30.6753	9197	99.81
m21038_250924_071808/57281908/ccs	0.999651	34.5717	9684	99.81
m21038_250924_071808/22156329/ccs	0.999837	37.8781	20193	99.88
m21038_250924_071808/57151873/ccs	0.999881	39.2445	6374	99.81
m21038_250827_051258/100926835/ccs	0.999977	46.3827	3932	99.97
m21038_250924_071808/101322197/ccs	0.999676	34.8945	14462	99.55
m21038_250827_051258/45679404/ccs	0.999848	38.1816	21846	99.88
m21038_250924_071808/96207421/ccs	0.996867	25.0404	15897	99.84
m21038_250924_071808/66192308/ccs	0.999154	30.7263	20438	99.87
m21038_250924_071808/69471015/ccs	0.999569	33.6552	16766	99.59
m21038_250924_071808/151064809/ccs	0.998465	28.1389	9793	99.84
m21038_250924_071808/186253908/ccs	0.999974	45.8503	9146	99.82
m21038_250827_051258/122553043/ccs	0.999396	32.1896	22510	99.34
m21038_250827_051258/166989220/ccs	0.999473	32.7819	4229	99.74
m21038_250924_071808/125242604/ccs	0.999996	53.9794	7197	99.79
m21038_250827_051258/142216703/ccs	0.999703	35.2724	13418	99.96
m21038_250827_051258/156174910/ccs	0.999794	36.8613	19843	99.67
m21038_250827_051258/73400913/ccs	0.999566	33.6251	10731	99.95
m21038_250924_071808/259262663/ccs	0.9999	40	19642	99.88
m21038_250827_051258/26613330/ccs	0.999846	38.1248	11337	99.86
m21038_250827_051258/117899536/ccs	0.999235	31.1634	28641	99.67
m21038_250924_071808/18224064/ccs	0.994431	22.5422	21202	99.56
m21038_250924_071808/178521793/ccs	0.997237	25.5862	5194	99.79
m21038_250924_071808/221971748/ccs	0.999241	31.1976	19157	99.66
m21038_250827_051258/149422927/ccs	0.99583	23.7986	6485	99.66
m21038_250924_071808/16584970/ccs	0.999587	33.8405	22244	99.68
m21038_250827_051258/4916257/ccs	0.999351	31.8776	18486	99.88
m21038_250827_051258/171054078/ccs	0.999848	38.1816	14389	99.97
m21038_250924_071808/108267181/ccs	0.99993	41.549	12244	99.60
m21038_250924_071808/257819692/ccs	0.99803	27.0553	23736	99.67
m21038_250827_051258/123148105/ccs	0.997748	26.4743	24001	99.38
m21038_250827_051258/159713446/ccs	0.999999	60	4954	99.94
m21038_250924_071808/59643235/ccs	1	60	3995	99.82
m21038_250924_071808/6884295/ccs	0.999756	36.1261	3705	99.97
m21038_250924_071808/113512488/ccs	0.999951	43.098	4705	99.94
m21038_250827_051258/14289351/ccs	0.999998	56.9897	6890	99.40
m21038_250827_051258/75895858/ccs	0.999875	39.0309	19185	99.70
m21038_250924_071808/19728972/ccs	0.999994	52.2185	6744	99.39
m21038_250924_071808/91228628/ccs	0.992433	21.2108	4467	99.78
m21038_250827_051258/67111384/ccs	0.999256	31.2843	7397	99.44
m21038_250924_071808/201130526/ccs	0.999998	56.9897	6742	99.94
m21038_250827_051258/95817811/ccs	1	60	3757	99.92
m21038_250827_051258/26875274/ccs	0.999412	32.3062	23970	99.70
m21038_250924_071808/71176776/ccs	0.998317	27.7392	17293	99.89
m21038_250827_051258/133698331/ccs	0.999665	34.7496	12087	99.88
m21038_250827_051258/82515614/ccs	1	60	5768	99.93
m21038_250924_071808/66721150/ccs	0.99882	29.2812	16193	99.70
m21038_250827_051258/257361848/ccs	0.999953	43.279	9620	99.60
m21038_250827_051258/121046600/ccs	0.998985	29.9353	18820	99.72
m21038_250924_071808/28840522/ccs	0.999957	43.6653	11560	99.66
m21038_250827_051258/256640519/ccs	0.998671	28.7648	7372	99.95
m21038_250827_051258/53348298/ccs	0.998222	27.5007	26535	99.82
m21038_250827_051258/136647524/ccs	0.999999	60	5959	99.50
m21038_250827_051258/81199299/ccs	0.999612	34.1117	5287	99.43
m21038_250827_051258/112921451/ccs	0.999081	30.3668	3060	99.90
m21038_250924_071808/251855751/ccs	0.995461	23.4304	14517	99.94
m21038_250924_071808/14422686/ccs	0.998414	27.997	35800	99.90
m21038_250827_051258/125177250/ccs	0.995134	23.1283	24936	99.89
m21038_250827_051258/174917839/ccs	0.999993	51.549	4570	99.91
m21038_250827_051258/6095566/ccs	0.999997	55.2288	6087	99.95
m21038_250924_071808/147459694/ccs	0.999313	31.6304	22955	99.93
m21038_250924_071808/183435865/ccs	0.99039	20.1728	28574	99.60
m21038_250827_051258/199950938/ccs	0.999969	45.0864	9291	99.76
m21038_250827_051258/228066034/ccs	0.999565	33.6151	9205	99.73
m21038_250827_051258/34015594/ccs	0.999869	38.8273	8218	99.76
m21038_250827_051258/26477056/ccs	1	60	3976	99.92
m21038_250924_071808/35394691/ccs	0.99399	22.2113	23876	99.78
m21038_250827_051258/89067777/ccs	0.996524	24.5892	19487	99.93
m21038_250827_051258/238487041/ccs	0.999554	33.5067	4921	99.76
m21038_250827_051258/32243804/ccs	0.999811	37.2354	4305	99.72
m21038_250924_071808/102830445/ccs	0.999622	34.2251	20429	99.89
m21038_250827_051258/162338653/ccs	0.999887	39.4692	4458	99.19
m21038_250924_071808/112068002/ccs	0.999455	32.636	3995	99.70
m21038_250924_071808/49420037/ccs	0.99988	39.2082	16176	99.81
m21038_250827_051258/179508186/ccs	0.999926	41.3077	5930	99.83
m21038_250924_071808/93719869/ccs	0.999998	56.9897	4287	99.79
m21038_250827_051258/229050350/ccs	0.999992	50.9691	9447	99.81
m21038_250827_051258/83365215/ccs	0.999998	56.9897	6694	99.82
m21038_250924_071808/132448370/ccs	0.999831	37.7211	21329	99.59
m21038_250924_071808/107615900/ccs	0.999999	60	4167	99.78
m21038_250827_051258/253626164/ccs	0.99572	23.6856	24877	99.81
m21038_250827_051258/18286282/ccs	0.999228	31.1238	30214	99.58
m21038_250827_051258/95095029/ccs	0.999723	35.5752	21980	99.84
m21038_250924_071808/116591680/ccs	0.999971	45.376	8545	99.80
m21038_250827_051258/100468123/ccs	0.99956	33.5655	10147	99.82
m21038_250827_051258/259983552/ccs	0.999995	53.0103	7614	99.55
m21038_250924_071808/104205345/ccs	0.999535	33.3255	26810	99.58
m21038_250924_071808/219742515/ccs	0.999879	39.1721	18107	99.60
m21038_250924_071808/77531176/ccs	0.999008	30.0349	25524	99.60
m21038_250924_071808/5440697/ccs	0.999977	46.3827	9668	99.88
m21038_250924_071808/229836175/ccs	0.996108	24.0983	7186	99.89
m21038_250827_051258/63506749/ccs	0.999808	37.167	9783	99.93
m21038_250924_071808/121770654/ccs	0.998363	27.8595	20281	99.60
m21038_250924_071808/97326344/ccs	0.999275	31.3966	23289	99.61
m21038_250827_051258/175376695/ccs	0.999973	45.6864	6462	99.55
m21038_250827_051258/112921495/ccs	0.999971	45.376	8723	99.92
m21038_250924_071808/88344198/ccs	0.999853	38.3268	17716	99.82
m21038_250827_051258/265553966/ccs	0.999822	37.4958	20811	99.62
m21038_250924_071808/113443446/ccs	0.995809	23.7768	28585	99.56
m21038_250924_071808/120461102/ccs	1	60	6544	99.86
m21038_250827_051258/218824750/ccs	0.999859	38.5078	10436	99.59
m21038_250827_051258/111939858/ccs	0.999504	33.0452	14587	99.84
m21038_250827_051258/70258444/ccs	0.999853	38.3268	3513	99.94
m21038_250924_071808/220725928/ccs	0.999913	40.6048	6102	99.62
m21038_250924_071808/59376367/ccs	0.999999	60	5332	100.00
m21038_250827_051258/180159549/ccs	0.999916	40.7572	14231	99.62
m21038_250827_051258/59511885/ccs	0.999219	31.0735	10491	99.91
m21038_250827_051258/94241182/ccs	0.999997	55.2288	7837	99.97
m21038_250827_051258/229900344/ccs	0.999972	45.5284	3466	99.94
m21038_250924_071808/221577666/ccs	0.999767	36.3264	3213	99.59
m21038_250827_051258/115803180/ccs	0.99983	37.6955	22767	99.63
m21038_250924_071808/121439621/ccs	0.999981	47.2125	6514	99.86
m21038_250924_071808/210830673/ccs	0.996549	24.6206	12410	99.81
m21038_250924_071808/107153077/ccs	0.999971	45.376	5399	99.87
m21038_250924_071808/37750133/ccs	0.999935	41.8709	9981	99.98
m21038_250924_071808/133759305/ccs	0.999457	32.652	28093	99.49
m21038_250924_071808/48826529/ccs	0.999998	56.9897	4392	99.89
m21038_250827_051258/35001089/ccs	0.999944	42.5181	5246	99.64
m21038_250827_051258/138153961/ccs	0.999295	31.5181	9307	99.90
m21038_250827_051258/9571111/ccs	0.999887	39.4692	4570	99.98
m21038_250924_071808/133108293/ccs	0.999742	35.8838	8722	99.87
m21038_250827_051258/114295126/ccs	1	60	4386	99.86
m21038_250827_051258/179241808/ccs	1	60	3200	99.91
m21038_250924_071808/113640840/ccs	0.999982	47.4473	4412	99.89
m21038_250924_071808/11734225/ccs	0.999804	37.0774	16816	99.83
m21038_250924_071808/135271983/ccs	0.999904	40.1773	3253	99.85
m21038_250924_071808/5965466/ccs	0.999932	41.6749	13438	99.88
m21038_250827_051258/202639830/ccs	0.999956	43.5655	4088	99.83
m21038_250924_071808/29624479/ccs	0.999933	41.7393	6323	99.86
m21038_250924_071808/115282119/ccs	0.999984	47.9588	7486	99.91
m21038_250924_071808/31851980/ccs	0.992409	21.197	6975	99.76
m21038_250924_071808/112657438/ccs	0.999375	32.0412	20350	99.77
m21038_250924_071808/43911343/ccs	0.999998	56.9897	6031	99.97
m21038_250924_071808/161090273/ccs	0.999652	34.5842	3045	99.84
m21038_250924_071808/79170674/ccs	0.999738	35.817	15456	99.81
m21038_250827_051258/253233001/ccs	0.999645	34.4977	4413	99.84
m21038_250924_071808/117377900/ccs	0.999981	47.2125	6423	99.86
m21038_250924_071808/154211834/ccs	0.999769	36.3639	14217	99.86
m21038_250827_051258/120261623/ccs	0.998673	28.7713	10613	99.94
m21038_250924_071808/37554909/ccs	0.999956	43.5655	9115	99.89
m21038_250924_071808/34933515/ccs	0.998707	28.884	17344	99.78
m21038_250924_071808/183830062/ccs	0.99975	36.0206	22381	99.78
m21038_250827_051258/169414464/ccs	0.999643	34.4733	5128	99.86
m21038_250827_051258/29950637/ccs	1	60	5369	99.91
m21038_250924_071808/88411586/ccs	0.996391	24.4261	20564	99.73
m21038_250827_051258/154079959/ccs	0.999997	55.2288	3357	99.88
m21038_250827_051258/7406431/ccs	0.999984	47.9588	9084	99.79
m21038_250827_051258/76549007/ccs	0.998045	27.0885	14105	99.80
m21038_250924_071808/149816305/ccs	0.997428	25.8973	15881	99.78
m21038_250827_051258/249168664/ccs	0.999984	47.9588	11199	99.81
m21038_250827_051258/96408240/ccs	0.999003	30.013	21023	99.78
m21038_250827_051258/105711427/ccs	0.999964	44.437	6958	99.84
m21038_250827_051258/77989432/ccs	1	60	5220	99.85
m21038_250924_071808/54134254/ccs	0.999792	36.8194	11577	99.80
m21038_250924_071808/138087703/ccs	0.999577	33.7366	22584	99.90
m21038_250924_071808/171836782/ccs	0.995662	23.6271	28609	99.85
m21038_250827_051258/159055990/ccs	0.999861	38.5699	19840	99.93
m21038_250924_071808/95093892/ccs	0.999985	48.2391	9471	99.81
m21038_250827_051258/39388127/ccs	0.999994	52.2185	4851	99.98
m21038_250827_051258/240389065/ccs	0.999924	41.1919	8846	99.92
m21038_250924_071808/52302943/ccs	0.999974	45.8503	11799	99.86
m21038_250827_051258/119478196/ccs	0.999976	46.1979	7103	99.90
m21038_250827_051258/64493319/ccs	0.99948	32.84	13145	99.92
m21038_250827_051258/21431116/ccs	0.999943	42.4413	11693	99.91
m21038_250827_051258/159255838/ccs	1	60	3936	99.92
m21038_250924_071808/37622334/ccs	0.999992	50.9691	7114	99.82
m21038_250827_051258/113903381/ccs	0.993603	21.9402	15182	99.76
m21038_250827_051258/19795850/ccs	0.999974	45.8503	9649	99.92
m21038_250924_071808/235144173/ccs	0.99993	41.549	10397	99.91
m21038_250924_071808/58394279/ccs	0.999903	40.1323	15167	99.77
m21038_250924_071808/132452734/ccs	0.999957	43.6653	11350	99.91
m21038_250924_071808/83498600/ccs	0.999941	42.2915	10827	99.86
m21038_250827_051258/39585941/ccs	0.997289	25.6687	13662	99.76
m21038_250827_051258/90903038/ccs	0.999997	55.2288	3675	99.92
m21038_250827_051258/161811509/ccs	0.99809	27.1897	18770	99.92
m21038_250924_071808/42729840/ccs	0.999935	41.8709	6914	99.91
m21038_250924_071808/54990426/ccs	0.999918	40.8619	4302	99.81
m21038_250827_051258/18025421/ccs	1	60	4200	99.83
m21038_250924_071808/32179432/ccs	0.999867	38.7615	13399	99.76
m21038_250924_071808/25368070/ccs	0.999872	38.9279	13479	99.76
m21038_250924_071808/159781530/ccs	0.999802	37.0333	12520	99.75
m21038_250924_071808/173605335/ccs	0.99975	36.0206	7455	99.80
m21038_250827_051258/72226493/ccs	0.999826	37.5945	16662	99.76
m21038_250827_051258/155391724/ccs	1	60	4363	99.79
m21038_250924_071808/66588889/ccs	0.999958	43.7675	11419	99.75
m21038_250827_051258/63178219/ccs	0.99696	25.1713	25085	99.72
m21038_250924_071808/166922476/ccs	0.99895	29.7881	21681	99.49
m21038_250924_071808/166463705/ccs	1	60	3347	99.76
m21038_250827_051258/6557207/ccs	0.999862	38.6012	3863	99.92
m21038_250924_071808/116593306/ccs	0.999956	43.5655	3761	99.73
m21038_250827_051258/132320168/ccs	0.99994	42.2185	7197	99.90
m21038_250924_071808/53875910/ccs	1	60	5226	99.75
m21038_250924_071808/99029644/ccs	0.999982	47.4473	5335	99.77
m21038_250924_071808/133039562/ccs	0.999998	56.9897	3626	99.86
m21038_250827_051258/33096907/ccs	0.999986	48.5387	4745	99.79
m21038_250924_071808/253234110/ccs	0.999881	39.2445	14644	99.72
m21038_250827_051258/136844234/ccs	1	60	1845	99.89
m21038_250827_051258/179241158/ccs	0.993222	21.689	3673	99.54
m21038_250924_071808/244451749/ccs	0.999998	56.9897	8519	99.74
m21038_250827_051258/39586877/ccs	0.999997	55.2288	3815	99.76
m21038_250827_051258/243075763/ccs	0.999988	49.2082	6121	99.74
m21038_250827_051258/134221763/ccs	0.997171	25.4837	14857	99.89
m21038_250827_051258/210438242/ccs	0.999946	42.6761	3354	99.85
m21038_250827_051258/22679387/ccs	0.997402	25.8536	19126	99.73
m21038_250827_051258/155981201/ccs	0.999967	44.8149	6283	99.89
m21038_250827_051258/244189487/ccs	0.999954	43.3724	11877	99.90
m21038_250924_071808/240519406/ccs	0.999928	41.4267	13182	99.73
m21038_250924_071808/58526351/ccs	0.999856	38.4164	8475	99.91
m21038_250924_071808/164694918/ccs	0.997798	26.5718	14202	99.75
m21038_250827_051258/152504048/ccs	0.993678	21.9915	20747	99.80
m21038_250924_071808/41161322/ccs	0.999997	55.2288	4923	99.78
m21038_250827_051258/80874892/ccs	0.99946	32.6761	11484	99.90
m21038_250827_051258/265094585/ccs	0.999443	32.5414	15169	99.75
m21038_250924_071808/55773138/ccs	0.99997	45.2288	10804	99.90
m21038_250924_071808/121831678/ccs	0.99968	34.9485	20603	99.73
m21038_250924_071808/226101099/ccs	0.999011	30.048	4328	99.88
m21038_250924_071808/115414135/ccs	0.999945	42.5964	10100	99.71
m21038_250827_051258/15207960/ccs	0.999994	52.2185	4984	99.84
m21038_250924_071808/72617384/ccs	0.999733	35.7349	11650	99.66
m21038_250924_071808/77598361/ccs	0.999523	33.2148	4437	99.82
m21038_250924_071808/27985913/ccs	0.999907	40.3152	13283	99.74
m21038_250827_051258/6687784/ccs	0.999991	50.4576	8348	99.69
m21038_250924_071808/171377195/ccs	1	60	5146	99.77
m21038_250924_071808/97779971/ccs	0.999961	44.0894	6359	99.91
m21038_250924_071808/62588816/ccs	0.999822	37.4958	8587	99.74
m21038_250924_071808/141690980/ccs	1	60	3335	99.73
m21038_250924_071808/69078890/ccs	0.999836	37.8516	18580	99.73
m21038_250827_051258/113970698/ccs	0.999991	50.4576	4444	99.82
m21038_250924_071808/263061834/ccs	0.999958	43.7675	10463	99.63
m21038_250827_051258/170333669/ccs	0.999915	40.7058	16555	99.75
m21038_250924_071808/158664322/ccs	0.999834	37.7989	6875	99.69
m21038_250924_071808/66982487/ccs	0.998934	29.7224	10040	99.71
m21038_250827_051258/83495973/ccs	0.999834	37.7989	17999	99.74
m21038_250827_051258/60690736/ccs	0.999714	35.4363	8311	99.71
m21038_250924_071808/26544874/ccs	0.999957	43.6653	7988	99.62
m21038_250924_071808/76547887/ccs	0.997106	25.385	23574	99.68
m21038_250827_051258/129698224/ccs	0.999999	60	4837	99.92
m21038_250924_071808/103419230/ccs	0.999907	40.3152	13338	99.90
m21038_250924_071808/138154305/ccs	0.999972	45.5284	9330	99.92
m21038_250924_071808/46991456/ccs	0.999807	37.1444	9109	99.71
m21038_250924_071808/241041643/ccs	1	60	3997	99.90
m21038_250827_051258/71177943/ccs	0.997518	26.052	9153	99.70
m21038_250827_051258/131010282/ccs	0.999824	37.5449	5193	99.92
m21038_250827_051258/47514397/ccs	0.999953	43.279	6106	99.69
m21038_250827_051258/258083722/ccs	0.99998	46.9897	7869	99.92
m21038_250827_051258/215353396/ccs	0.996443	24.4892	3631	99.61
m21038_250827_051258/51646048/ccs	0.99881	29.2445	5176	99.65
m21038_250827_051258/95882257/ccs	0.999846	38.1248	5451	99.65
m21038_250827_051258/141232588/ccs	0.999888	39.5078	7624	99.95
m21038_250827_051258/54267075/ccs	0.999999	60	6244	99.66
m21038_250827_051258/3607368/ccs	0.999873	38.962	3593	99.67
m21038_250924_071808/255264929/ccs	0.999978	46.5758	3878	99.69
m21038_250924_071808/26546147/ccs	0.999867	38.7615	11692	99.60
m21038_250827_051258/193200543/ccs	0.999976	46.1979	3787	99.71
m21038_250827_051258/261360440/ccs	0.999946	42.6761	3954	99.70
m21038_250827_051258/78451768/ccs	1	60	4290	99.93
m21038_250827_051258/127470443/ccs	0.997996	26.981	4447	99.93
m21038_250924_071808/59117762/ccs	0.999858	38.4771	12605	99.60
m21038_250827_051258/176752799/ccs	1	60	4645	99.55
m21038_250924_071808/89916743/ccs	0.999915	40.7058	13585	99.81
m21038_250924_071808/65077930/ccs	0.999998	56.9897	6060	99.77
m21038_250924_071808/141822862/ccs	0.999129	30.5998	9459	99.77
m21038_250924_071808/72813727/ccs	0.999507	33.0715	23191	99.61
m21038_250827_051258/150733271/ccs	0.997501	26.0223	4727	99.94
m21038_250924_071808/47448339/ccs	0.999999	60	6914	99.76
m21038_250924_071808/186319675/ccs	0.99997	45.2288	9313	99.78
m21038_250924_071808/200474824/ccs	0.999972	45.5284	8319	99.80
m21038_250924_071808/125700974/ccs	0.999838	37.9048	5561	99.89
m21038_250924_071808/67309264/ccs	0.999938	42.0761	7482	99.76
m21038_250827_051258/178194302/ccs	0.999977	46.3827	8111	99.76
m21038_250924_071808/35520736/ccs	0.999867	38.7615	4448	99.86
m21038_250827_051258/57673459/ccs	1	60	5432	99.79
m21038_250827_051258/139202267/ccs	0.999961	44.0894	9399	99.69
m21038_250924_071808/230098348/ccs	1	60	5546	99.83
m21038_250827_051258/131138017/ccs	1	60	5052	99.73
m21038_250827_051258/169874983/ccs	0.999142	30.6651	12067	99.57
m21038_250827_051258/172626494/ccs	0.99978	36.5758	12144	99.57
m21038_250827_051258/27530577/ccs	0.996542	24.6118	9935	99.56
m21038_250827_051258/59772690/ccs	1	60	4049	99.38
m21038_250924_071808/110565161/ccs	1	60	3797	99.32
m21038_250924_071808/52495028/ccs	0.998178	27.3945	6207	98.84
m21038_250924_071808/175704994/ccs	0.994425	22.5376	9713	99.53
m21038_250827_051258/140575507/ccs	1	60	4617	99.65
m21038_250924_071808/34477233/ccs	0.996829	24.988	5248	99.01
m21038_250827_051258/28839654/ccs	0.997648	26.2856	6112	99.51
m21038_250827_051258/10097967/ccs	0.999999	60	5051	100.00
m21038_250827_051258/76873940/ccs	0.995863	23.8331	3590	99.89
m21038_250924_071808/75038941/ccs	0.996932	25.1314	7614	99.66
m21038_250924_071808/121505544/ccs	0.999924	41.1919	9509	99.61
m21038_250924_071808/246679737/ccs	0.999969	45.0864	6313	99.68
m21038_250827_051258/58657296/ccs	0.999983	47.6955	7653	99.97
m21038_250827_051258/177605523/ccs	0.999985	48.2391	6358	99.67
m21038_250924_071808/176948485/ccs	1	60	5572	100.00
m21038_250827_051258/2494318/ccs	0.999882	39.2812	3193	99.72
m21038_250924_071808/113051800/ccs	0.999624	34.2481	3712	100.00
m21038_250924_071808/46663407/ccs	0.999976	46.1979	3748	99.76
m21038_250827_051258/120329133/ccs	0.999999	60	3625	100.00
m21038_250924_071808/35523720/ccs	0.993578	21.9233	16498	99.68
m21038_250827_051258/220728228/ccs	0.999835	37.8252	13598	99.72
m21038_250827_051258/127801131/ccs	0.99912	30.5552	23971	99.84
m21038_250827_051258/266797352/ccs	0.999985	48.2391	12488	99.72
m21038_250827_051258/112723426/ccs	0.996941	25.1442	22211	99.81
m21038_250827_051258/211747460/ccs	0.999759	36.1798	6358	99.72
m21038_250924_071808/115671688/ccs	0.996033	24.0154	20403	99.81
m21038_250827_051258/42273278/ccs	0.999332	31.7522	18538	99.83
m21038_250924_071808/241109055/ccs	0.999553	33.4969	18260	99.82
m21038_250924_071808/42861787/ccs	0.999834	37.7989	17773	99.81
m21038_250827_051258/243336194/ccs	0.999997	55.2288	6061	99.70
m21038_250827_051258/32441565/ccs	0.991625	20.7702	7126	99.54
m21038_250924_071808/231409326/ccs	0.997648	26.2856	22027	99.39
m21038_250827_051258/138155547/ccs	0.999973	45.6864	4410	99.68
m21038_250924_071808/248776754/ccs	0.99999	50	8987	99.76
m21038_250827_051258/102698232/ccs	0.99971	35.376	6519	99.79
m21038_250924_071808/143720708/ccs	0.999989	49.5861	5534	99.78
m21038_250827_051258/117248274/ccs	0.999999	60	4133	99.76
m21038_250827_051258/120067927/ccs	0.999648	34.5346	12122	99.33
m21038_250924_071808/242352668/ccs	0.992512	21.2563	16098	99.94
m21038_250827_051258/242027475/ccs	0.999894	39.7469	11055	97.76
m21038_250827_051258/144445499/ccs	0.999993	51.549	10080	97.83
m21038_250827_051258/11928716/ccs	0.999691	35.1004	7015	97.40
m21038_250924_071808/72681734/ccs	0.999592	33.8934	15124	98.10
m21038_250924_071808/174787000/ccs	0.99724	25.5909	10719	97.64
m21038_250827_051258/153359459/ccs	0.999721	35.544	19861	98.10
m21038_250827_051258/17109425/ccs	0.999748	35.986	14355	98.11
m21038_250827_051258/169740153/ccs	0.999932	41.6749	6693	97.43
m21038_250924_071808/211028011/ccs	0.999779	36.5561	21344	98.10
m21038_250924_071808/31655420/ccs	0.999461	32.6841	17820	98.09
m21038_250924_071808/134157133/ccs	0.997831	26.6374	8910	99.60
m21038_250924_071808/16124498/ccs	0.999973	45.6864	7233	99.63
m21038_250924_071808/61673384/ccs	0.999903	40.1323	3094	99.77
m21038_250924_071808/35259639/ccs	0.99999	50	8611	98.28
m21038_250924_071808/149886464/ccs	0.99941	32.2915	8803	99.99
m21038_250827_051258/60491053/ccs	0.99999	50	8020	99.61
m21038_250924_071808/94897308/ccs	0.999987	48.8606	4692	99.62
m21038_250924_071808/266930925/ccs	0.999788	36.7366	17248	98.58
m21038_250827_051258/183700341/ccs	0.998528	28.3209	18354	98.61
m21038_250924_071808/28838614/ccs	0.99991	40.4576	7813	98.43
m21038_250924_071808/93787194/ccs	0.999914	40.655	8938	99.15
m21038_250924_071808/59183616/ccs	0.999984	47.9588	5997	99.98
m21038_250924_071808/53481410/ccs	1	60	3939	99.62
m21038_250924_071808/35719114/ccs	0.999999	60	5913	99.98
m21038_250924_071808/157815937/ccs	0.999106	30.4866	5617	99.98
m21038_250827_051258/85199411/ccs	0.999983	47.6955	9280	99.15
m21038_250924_071808/154732238/ccs	0.999968	44.9485	12129	98.77
m21038_250827_051258/138874195/ccs	0.999917	40.8092	9288	99.02
m21038_250924_071808/104596018/ccs	0.999841	37.986	7697	98.54
m21038_250924_071808/199362302/ccs	0.999827	37.6195	7610	98.51
m21038_250924_071808/172228983/ccs	0.999997	55.2288	4749	99.56
m21038_250827_051258/50793673/ccs	0.999882	39.2812	7173	99.08
m21038_250924_071808/102761393/ccs	0.998081	27.1693	7242	99.17
m21038_250827_051258/115545452/ccs	0.99998	46.9897	11667	99.98
m21038_250827_051258/103417622/ccs	0.999986	48.5387	6477	98.49
m21038_250827_051258/102370842/ccs	0.99966	34.6852	10883	98.75
m21038_250827_051258/102238422/ccs	0.999602	34.0012	15624	98.90
m21038_250924_071808/80740735/ccs	0.999697	35.1856	6202	99.03
m21038_250924_071808/203227986/ccs	0.999827	37.6195	7930	99.00
m21038_250924_071808/120586728/ccs	0.999994	52.2185	10471	99.98
m21038_250827_051258/56361714/ccs	0.99987	38.8606	20162	99.99
m21038_250827_051258/21367794/ccs	0.999977	46.3827	4445	99.98
m21038_250924_071808/183502628/ccs	1	60	4738	99.13
m21038_250924_071808/252643963/ccs	0.999952	43.1876	6600	99.98
m21038_250924_071808/142217208/ccs	1	60	3398	99.12
m21038_250827_051258/65410747/ccs	0.999214	31.0458	8392	98.87
m21038_250827_051258/126091444/ccs	1	60	5154	99.38
m21038_250827_051258/115214193/ccs	0.999985	48.2391	7372	98.85
m21038_250924_071808/9113526/ccs	0.999635	34.3771	21068	98.49
m21038_250924_071808/152376966/ccs	0.999985	48.2391	9014	99.99
m21038_250924_071808/261163211/ccs	0.99943	32.4413	18781	99.99
m21038_250827_051258/21169488/ccs	1	60	3677	99.54
m21038_250827_051258/140579374/ccs	0.999901	40.0436	11229	99.99
m21038_250827_051258/47190394/ccs	0.999955	43.4679	10658	99.99
m21038_250827_051258/124390400/ccs	0.999965	44.5593	8761	98.45
m21038_250924_071808/61737444/ccs	0.999528	33.2606	10012	98.42
m21038_250827_051258/62264896/ccs	0.99997	45.2288	4673	98.95
m21038_250827_051258/108004018/ccs	0.999954	43.3724	4573	98.86
m21038_250827_051258/141759497/ccs	0.999294	31.512	16424	98.45
m21038_250924_071808/214502340/ccs	0.995464	23.4333	3874	99.95
m21038_250827_051258/210109893/ccs	0.999341	31.8111	16030	98.38
m21038_250827_051258/97850193/ccs	0.999089	30.4048	15179	98.47
m21038_250827_051258/196414214/ccs	0.996405	24.443	11489	99.96
m21038_250924_071808/26611623/ccs	0.999996	53.9794	6627	98.52
m21038_250827_051258/67965609/ccs	0.999872	38.9279	7678	99.99
m21038_250827_051258/236783731/ccs	0.999992	50.9691	6225	99.98
m21038_250827_051258/146935828/ccs	0.999045	30.2	10346	98.39
m21038_250924_071808/38538852/ccs	0.999947	42.7572	6058	98.56
m21038_250924_071808/68422660/ccs	0.998801	29.2118	3715	99.97
m21038_250827_051258/66980689/ccs	0.999989	49.5861	9274	99.99
m21038_250924_071808/145493559/ccs	0.999836	37.8516	15101	98.34
m21038_250827_051258/164630737/ccs	0.999523	33.2148	10244	98.28
m21038_250827_051258/118036311/ccs	1	60	4757	99.98
m21038_250827_051258/91361988/ccs	0.999975	46.0206	13315	99.99
m21038_250827_051258/171382208/ccs	0.999995	53.0103	9739	99.99
m21038_250924_071808/30872941/ccs	0.999997	55.2288	7670	100.00
m21038_250827_051258/179898191/ccs	1	60	4832	99.96
m21038_250827_051258/172168983/ccs	0.998577	28.468	5429	99.93
m21038_250827_051258/221643546/ccs	0.999948	42.84	3928	98.05
m21038_250924_071808/133694918/ccs	0.99999	50	3577	100.00
m21038_250924_071808/128980303/ccs	0.992011	20.9751	3627	99.22
m21038_250827_051258/133826720/ccs	0.999981	47.2125	3964	98.05
m21038_250924_071808/36637252/ccs	0.995543	23.5096	4526	98.31
m21038_250924_071808/243532639/ccs	0.999887	39.4692	5293	98.35
m21038_250924_071808/49154207/ccs	0.999973	45.6864	6943	100.00
m21038_250924_071808/101779054/ccs	0.999931	41.6115	5523	100.00
m21038_250827_051258/258474830/ccs	0.999978	46.5758	4342	99.91
m21038_250827_051258/140580044/ccs	0.999861	38.5699	4435	100.00
m21038_250827_051258/7275449/ccs	0.998227	27.5129	4149	100.00
m21038_250827_051258/162270867/ccs	1	60	4869	100.00
m21038_250924_071808/81985957/ccs	0.999999	60	6130	98.52
m21038_250827_051258/35193830/ccs	0.999874	38.9963	4435	98.36
m21038_250827_051258/28314123/ccs	0.999994	52.2185	5313	100.00
m21038_250827_051258/249431538/ccs	0.999935	41.8709	4408	98.34
m21038_250827_051258/38535751/ccs	0.999994	52.2185	6114	98.25
m21038_250827_051258/158339923/ccs	0.999994	52.2185	11106	99.47
m21038_250827_051258/179504334/ccs	0.996946	25.1513	26092	99.54
m21038_250827_051258/100796619/ccs	0.998401	27.9615	20768	99.58
m21038_250827_051258/124193706/ccs	0.999953	43.279	11651	99.94
m21038_250827_051258/220662322/ccs	0.991239	20.5745	7688	99.61
m21038_250827_051258/150275214/ccs	0.999845	38.0967	5692	99.93
m21038_250827_051258/140836990/ccs	0.999864	38.6646	3159	99.90
m21038_250924_071808/218237615/ccs	0.999825	37.5696	19111	99.95
m21038_250924_071808/250020255/ccs	0.990613	20.2747	13700	99.85
m21038_250924_071808/25366734/ccs	0.999618	34.1794	15933	99.94
m21038_250924_071808/194120564/ccs	0.99978	36.5758	10416	99.46
m21038_250827_051258/74716203/ccs	0.996824	24.9812	15171	99.42
m21038_250827_051258/57609606/ccs	0.99993	41.549	15845	99.55
m21038_250827_051258/168823987/ccs	0.999933	41.7393	10808	99.94
m21038_250827_051258/236978609/ccs	0.999975	46.0206	10234	99.44
m21038_250827_051258/48632532/ccs	0.999998	56.9897	8189	99.94
m21038_250924_071808/72554278/ccs	0.995974	23.9513	9284	99.93
m21038_250924_071808/104076882/ccs	0.999917	40.8092	9589	99.93
m21038_250924_071808/167314695/ccs	0.999623	34.2366	18501	99.57
m21038_250924_071808/59310349/ccs	0.99982	37.4473	9237	99.41
m21038_250924_071808/175376784/ccs	0.999957	43.6653	10742	99.94
m21038_250924_071808/12845670/ccs	0.999606	34.045	9498	99.94
m21038_250924_071808/45354102/ccs	0.999114	30.5257	25356	99.60
m21038_250924_071808/254347173/ccs	0.998385	27.9183	7466	99.49
m21038_250924_071808/54985091/ccs	0.999995	53.0103	7792	99.54
m21038_250827_051258/44894989/ccs	0.999976	46.1979	2874	99.90
m21038_250924_071808/132713486/ccs	0.999698	35.1999	20324	99.98
m21038_250924_071808/138808567/ccs	0.99996	43.9794	9008	99.94
m21038_250827_051258/40699063/ccs	0.999452	32.6122	16384	99.70
m21038_250827_051258/171378251/ccs	0.999952	43.1876	6828	99.62
m21038_250827_051258/168433307/ccs	0.999925	41.2494	4886	99.53
m21038_250924_071808/58723878/ccs	0.992764	21.405	10582	99.66
m21038_250924_071808/28052455/ccs	0.999953	43.279	8361	99.96
m21038_250827_051258/57938333/ccs	1	60	6371	99.59
m21038_250924_071808/20713358/ccs	0.998649	28.6934	21379	99.95
m21038_250827_051258/167706836/ccs	1	60	2565	99.84
m21038_250827_051258/70389398/ccs	0.999458	32.66	6203	99.56
m21038_250924_071808/143395524/ccs	0.997963	26.9101	12321	99.51
m21038_250924_071808/40898365/ccs	0.997516	26.0485	8853	99.93
m21038_250827_051258/126882514/ccs	0.999897	39.8716	8795	99.52
m21038_250924_071808/145429593/ccs	0.999923	41.1351	18845	99.98
m21038_250827_051258/101127837/ccs	0.99908	30.3621	24449	99.64
m21038_250827_051258/43516656/ccs	0.999787	36.7162	5253	99.68
m21038_250924_071808/121440418/ccs	0.998511	28.2711	28397	99.61
m21038_250924_071808/35916744/ccs	0.999959	43.8722	4606	99.57
m21038_250924_071808/232325630/ccs	0.999891	39.6257	7294	99.70
m21038_250827_051258/149097837/ccs	1	60	5491	99.60
m21038_250827_051258/55381377/ccs	1	60	4985	99.96
m21038_250827_051258/69932361/ccs	0.999843	38.041	3875	99.66
m21038_250924_071808/154736427/ccs	0.999872	38.9279	16667	99.98
m21038_250827_051258/17045089/ccs	0.991317	20.6133	2965	99.59
m21038_250924_071808/74582428/ccs	0.999991	50.4576	6505	99.74
m21038_250827_051258/93127171/ccs	0.999962	44.2022	6165	99.72
m21038_250827_051258/48303382/ccs	0.999834	37.7989	6937	99.58
m21038_250827_051258/20320703/ccs	0.999995	53.0103	6258	99.60
m21038_250827_051258/167188007/ccs	0.999776	36.4975	24230	99.99
m21038_250827_051258/130288594/ccs	1	60	3147	99.75
m21038_250827_051258/41225649/ccs	0.999999	60	4781	99.64
m21038_250827_051258/114626444/ccs	0.992859	21.4624	5692	99.96
m21038_250924_071808/181797644/ccs	0.999868	38.7943	17082	99.74
m21038_250924_071808/202441188/ccs	0.996175	24.1737	13473	99.87
m21038_250827_051258/79040541/ccs	0.999999	60	3988	100.00
m21038_250827_051258/85001468/ccs	1	60	3576	99.72
m21038_250924_071808/246941193/ccs	0.998952	29.7964	7147	99.33
m21038_250924_071808/19006665/ccs	0.999604	34.023	23043	99.63
m21038_250827_051258/64688810/ccs	0.999245	31.2205	13936	99.76
m21038_250924_071808/132187875/ccs	0.99991	40.4576	3763	99.79
m21038_250827_051258/13112512/ccs	0.999989	49.5861	8285	100.00
m21038_250924_071808/51447935/ccs	0.999893	39.7062	3602	99.75
m21038_250924_071808/94373483/ccs	0.999969	45.0864	4247	99.76
m21038_250827_051258/145101176/ccs	0.999617	34.168	16996	99.52
m21038_250924_071808/19335488/ccs	0.999903	40.1323	7443	99.97
m21038_250827_051258/16782008/ccs	0.999989	49.5861	8752	99.58
m21038_250924_071808/60953790/ccs	0.999997	55.2288	3164	99.75
m21038_250924_071808/78709042/ccs	0.999985	48.2391	10214	99.99
m21038_250924_071808/50596530/ccs	0.999974	45.8503	5767	99.62
m21038_250827_051258/154800465/ccs	0.999354	31.8977	4861	99.98
m21038_250924_071808/239732670/ccs	0.999877	39.1009	5484	99.53
m21038_250827_051258/54069196/ccs	0.999995	53.0103	4531	99.78
m21038_250827_051258/80746237/ccs	1	60	4191	99.98
m21038_250924_071808/177801427/ccs	0.999496	32.9757	14130	99.53
m21038_250924_071808/95098184/ccs	0.999972	45.5284	13767	99.98
m21038_250827_051258/100731755/ccs	0.999994	52.2185	6578	99.97
m21038_250924_071808/50138963/ccs	0.999975	46.0206	10970	99.97
m21038_250827_051258/141101915/ccs	0.999896	39.8297	6668	99.97
m21038_250924_071808/21959820/ccs	1	60	4664	99.98
m21038_250924_071808/59118638/ccs	0.999959	43.8722	8529	99.80
m21038_250924_071808/186517882/ccs	0.999435	32.4795	27266	99.99
m21038_250924_071808/112461897/ccs	0.999223	31.0958	7350	100.00
m21038_250924_071808/196935759/ccs	0.999564	33.6051	24700	99.61
m21038_250827_051258/107481234/ccs	0.999626	34.2713	24513	99.45
m21038_250827_051258/206832408/ccs	0.998905	29.6059	25286	99.96
m21038_250924_071808/219088191/ccs	0.999304	31.5739	28270	99.59
m21038_250924_071808/104595947/ccs	0.999999	60	4114	99.56
m21038_250924_071808/42863641/ccs	0.999889	39.5468	8618	99.97
m21038_250924_071808/163775709/ccs	0.999325	31.707	18859	99.98
m21038_250827_051258/28511315/ccs	0.999287	31.4691	4696	99.55
m21038_250827_051258/140842268/ccs	0.999968	44.9485	5826	99.81
m21038_250827_051258/92015904/ccs	0.994102	22.293	23274	99.53
m21038_250924_071808/178521739/ccs	0.999147	30.6905	7144	99.96
m21038_250827_051258/165219737/ccs	0.999939	42.1467	9806	99.99
m21038_250924_071808/219024271/ccs	0.999546	33.4294	6674	99.79
m21038_250924_071808/225707295/ccs	0.999926	41.3077	8318	99.78
m21038_250827_051258/15008125/ccs	1	60	3390	99.62
m21038_250827_051258/43453843/ccs	1	60	5687	99.96
m21038_250827_051258/35656408/ccs	0.999657	34.6471	12423	99.98
m21038_250827_051258/157550461/ccs	0.999371	32.0135	4388	99.95
m21038_250924_071808/64225500/ccs	0.997341	25.7528	30321	99.62
m21038_250827_051258/226101128/ccs	0.999109	30.5012	23710	99.43
m21038_250924_071808/103748750/ccs	0.99992	40.9691	9224	99.47
m21038_250827_051258/41947356/ccs	0.999734	35.7512	15396	99.99
m21038_250924_071808/109314738/ccs	0.999593	33.9041	6156	99.77
m21038_250827_051258/127472469/ccs	0.999785	36.6756	6728	99.45
m21038_250924_071808/252643836/ccs	0.999615	34.1454	19899	99.42
m21038_250924_071808/57347195/ccs	0.994276	22.423	22102	99.49
m21038_250924_071808/101122509/ccs	0.999742	35.8838	23872	99.45
m21038_250924_071808/228198963/ccs	0.999862	38.6012	4545	99.47
m21038_250924_071808/151457017/ccs	0.999998	56.9897	4314	99.84
m21038_250924_071808/219480607/ccs	0.995699	23.6643	6670	99.76
m21038_250924_071808/11408841/ccs	0.99988	39.2082	13698	99.44
m21038_250827_051258/48302417/ccs	0.999918	40.8619	6571	99.79
m21038_250827_051258/164499805/ccs	0.999591	33.8828	16893	99.61
m21038_250827_051258/26478633/ccs	0.999516	33.1515	18827	99.61
m21038_250924_071808/113250220/ccs	0.997129	25.4197	21299	99.99
m21038_250924_071808/253166849/ccs	0.999098	30.4479	5736	99.61
m21038_250827_051258/168558662/ccs	0.999993	51.549	7941	99.97
m21038_250827_051258/211486508/ccs	0.992802	21.4279	13284	99.95
m21038_250827_051258/98570024/ccs	0.992013	20.9762	24703	99.93
m21038_250827_051258/54595328/ccs	1	60	3252	99.75
m21038_250924_071808/77466270/ccs	0.994457	22.5626	10745	99.97
m21038_250924_071808/21828685/ccs	0.998924	29.6819	6894	99.74
m21038_250924_071808/89850439/ccs	0.999825	37.5696	5203	99.98
m21038_250924_071808/173671633/ccs	0.999907	40.3152	8687	99.69
m21038_250827_051258/67111604/ccs	0.999948	42.84	10612	99.99
m21038_250924_071808/147064055/ccs	0.999946	42.6761	1818	100.00
m21038_250827_051258/51446784/ccs	0.999765	36.2893	21111	100.00
m21038_250827_051258/158728875/ccs	0.999602	34.0012	16227	99.99
m21038_250827_051258/255787396/ccs	0.999661	34.698	24924	99.30
m21038_250827_051258/103618505/ccs	0.999615	34.1454	25183	99.31
m21038_250827_051258/197526101/ccs	0.999666	34.7625	25132	99.26
m21038_250924_071808/54204041/ccs	0.997328	25.7316	29798	99.34
m21038_250924_071808/10950155/ccs	0.999797	36.925	13803	99.24
m21038_250924_071808/7275886/ccs	0.999986	48.5387	6322	99.76
m21038_250924_071808/151129213/ccs	0.999807	37.1444	14427	99.99
m21038_250924_071808/226230587/ccs	0.999929	41.4874	12610	99.25
m21038_250827_051258/157942586/ccs	0.999955	43.4679	3026	99.93
m21038_250827_051258/86447801/ccs	0.999904	40.1773	15428	99.99
m21038_250924_071808/79041344/ccs	0.999909	40.4096	8764	99.70
m21038_250827_051258/48237799/ccs	0.998661	28.7322	9268	99.97
m21038_250924_071808/87430957/ccs	0.99962	34.2022	18833	99.99
m21038_250827_051258/66259454/ccs	0.999397	32.1968	25806	99.99
m21038_250827_051258/109842300/ccs	0.999965	44.5593	9358	99.70
m21038_250924_071808/11538317/ccs	0.999993	51.549	5080	99.74
m21038_250924_071808/224854975/ccs	0.999872	38.9279	13105	99.99
m21038_250924_071808/204735531/ccs	0.999863	38.6328	16966	99.54
m21038_250827_051258/255657381/ccs	0.999789	36.7572	2379	98.72
m21038_250827_051258/55775355/ccs	0.999526	33.2422	25528	100.00
m21038_250827_051258/160633421/ccs	0.999692	35.1145	8082	99.99
m21038_250924_071808/15010176/ccs	0.992786	21.4182	3071	99.96
m21038_250924_071808/115218380/ccs	0.994995	23.006	9863	99.95
m21038_250924_071808/209782418/ccs	0.999973	45.6864	9934	100.00
m21038_250924_071808/218957018/ccs	0.999953	43.279	9106	99.66
m21038_250924_071808/242679983/ccs	0.999952	43.1876	4470	99.71
m21038_250924_071808/98047825/ccs	0.999768	36.3451	23070	100.00
m21038_250924_071808/125375759/ccs	0.999739	35.8336	4872	99.65
m21038_250924_071808/29624886/ccs	0.997144	25.4424	22383	99.96
m21038_250924_071808/73275249/ccs	0.999975	46.0206	11664	100.00
m21038_250827_051258/265750886/ccs	0.999914	40.655	6410	100.00
m21038_250827_051258/148772754/ccs	0.999997	55.2288	5721	100.00
m21038_250924_071808/25625979/ccs	0.999973	45.6864	7159	100.00
m21038_250924_071808/181010575/ccs	0.997893	26.7634	21030	99.99
m21038_250827_051258/120980348/ccs	0.999995	53.0103	7344	100.00
